 7.25
   19.4370
       5.58e-07
  7.3
   19.5980   19.7050
       6.96e-07       1.88e-06
 7.35
   19.7620   19.8740
       8.56e-07       2.31e-06
  7.4
   19.8930   20.0260
       1.01e-06       2.91e-06
 7.45
   20.0380   20.2290
       1.52e-06       4.39e-06
  7.5
   20.1830   20.4320
       2.11e-06       6.12e-06
  7.6
   20.5380   20.7490
       1.87e-06       5.90e-06
 7.65
   20.7000   20.8830
       1.73e-06       5.45e-06
  7.7
   20.8630   21.0160   21.1910
       1.56e-06       4.89e-06       8.34e-06
 7.75
   21.0510   21.1260   21.2240   21.3500
       7.69e-07       2.56e-06       4.85e-06       7.38e-06
 7.85
   21.2700   21.3780   21.5090   21.6530
       1.03e-06       3.43e-06       6.50e-06       9.89e-06
  7.9
   21.3080   21.3160   21.3190   21.3220   21.3240   21.3260   21.3380   21.3510   21.3670   21.4080   21.4760   21.5510   21.6290   21.7180
       1.66e-07       1.69e-07       4.48e-07       5.70e-07       1.02e-06       1.18e-06       1.71e-06       2.19e-06       2.80e-06       3.78e-06       5.11e-06       6.61e-06       8.40e-06       1.05e-05
 7.95
   21.2810   21.3040   21.3130   21.3180   21.3190   21.3330   21.3560   21.3930   21.4240   21.4750   21.5550   21.6490   21.7430   21.8520
       1.94e-07       1.99e-07       5.26e-07       1.05e-06       1.19e-06       1.38e-06       2.00e-06       2.56e-06       3.28e-06       4.41e-06       5.98e-06       7.73e-06       9.82e-06       1.22e-05
  8.0
   21.2610   21.2970   21.3120   21.3180   21.3200   21.3430   21.3780   21.4370   21.4820   21.5430   21.6350   21.7460   21.8560   21.9850
       2.26e-07       2.31e-07       6.10e-07       1.21e-06       1.38e-06       1.61e-06       2.32e-06       2.98e-06       3.80e-06       5.12e-06       6.94e-06       8.98e-06       1.14e-05       1.42e-05
 8.05
   20.3190   20.4380   20.6080   20.7560   20.8960   21.0180   21.1110   21.2350   21.2360   21.3800   21.5530   21.6950   21.8570   22.0040   22.6420   22.6440   22.6460   22.6460   22.6510   22.6520   22.7050   22.7170   22.7310   22.7430   22.7530   22.7560   22.7670   22.7690   22.7850   22.7850   22.8020   22.8140   22.8190   22.8360   22.8550   22.8740   22.8930   22.9120   22.9320   22.9520   22.9720   22.9920   23.0110   23.0310   23.0510   23.0700   23.0900   23.1100   23.1290   23.1500   23.1690   23.1890   23.2090   23.2280   23.2470   23.2480   23.2680   23.2880   23.3090   23.3300   23.3450   23.3500   23.3670   23.3720   23.3900   23.3940   23.4160   23.4170   23.4400   23.4420   23.4640   23.4700   23.4900   23.5020   23.5160   23.5360   23.5720   23.6140   23.6590   23.6970   23.7340   23.7590   23.7790
       3.47e-08       1.04e-07       1.72e-07       2.25e-07       2.68e-07       3.01e-07       3.27e-07       1.29e-06       1.42e-06       3.36e-06       5.57e-06       8.20e-06       1.10e-05       1.45e-05       1.45e-05       1.45e-05       1.46e-05       1.46e-05       1.46e-05       1.46e-05       1.47e-05       1.47e-05       1.48e-05       1.48e-05       1.48e-05       1.48e-05       1.48e-05       1.49e-05       1.49e-05       1.49e-05       1.49e-05       1.49e-05       1.49e-05       1.50e-05       1.50e-05       1.50e-05       1.50e-05       1.50e-05       1.51e-05       1.51e-05       1.51e-05       1.51e-05       1.51e-05       1.52e-05       1.52e-05       1.52e-05       1.52e-05       1.52e-05       1.53e-05       1.53e-05       1.53e-05       1.53e-05       1.53e-05       1.54e-05       1.54e-05       1.54e-05       1.54e-05       1.54e-05       1.55e-05       1.55e-05       1.55e-05       1.55e-05       1.56e-05       1.56e-05       1.56e-05       1.56e-05       1.56e-05       1.57e-05       1.57e-05       1.57e-05       1.57e-05       1.57e-05       1.58e-05       1.58e-05       1.58e-05       1.58e-05       1.59e-05       1.59e-05       1.59e-05       1.59e-05       1.59e-05       1.60e-05       1.60e-05
  8.1
   20.4880   20.6480   20.8020   20.9460   21.0850   21.1970   21.3580   21.3600   21.4960   21.6200   21.7800   21.9610   22.1290   22.7490   22.7510   22.7530   22.7580   22.7650   22.7740   22.7830   22.7950   22.8070   22.8150   22.8210   22.8210   22.8310   22.8360   22.8500   22.8580   22.8660   22.8720   22.8790   22.8810   22.8970   22.9020   22.9140   22.9200   22.9300   22.9460   22.9630   22.9790   22.9960   23.0120   23.0280   23.0450   23.0610   23.2020   23.2200   23.2380   23.2570   23.2750   23.2930   23.3100   23.3290   23.3470   23.3650   23.3820   23.3830   23.4000   23.4010   23.4180   23.4200   23.4360   23.4380   23.4560   23.4570   23.4760   23.4770   23.4960   23.4980   23.5150   23.5220   23.5360   23.5480   23.5750   23.6040   23.6370   23.6740   23.7100   23.7460   23.7910   23.8350   23.8810
       1.10e-07       2.20e-07       3.04e-07       3.73e-07       4.26e-07       4.67e-07       1.58e-06       1.78e-06       4.00e-06       6.54e-06       9.55e-06       1.28e-05       1.68e-05       1.68e-05       1.69e-05       1.69e-05       1.69e-05       1.69e-05       1.70e-05       1.70e-05       1.70e-05       1.70e-05       1.71e-05       1.72e-05       1.72e-05       1.72e-05       1.73e-05       1.73e-05       1.73e-05       1.74e-05       1.74e-05       1.74e-05       1.74e-05       1.75e-05       1.75e-05       1.75e-05       1.76e-05       1.76e-05       1.76e-05       1.76e-05       1.77e-05       1.77e-05       1.77e-05       1.78e-05       1.78e-05       1.78e-05       1.78e-05       1.79e-05       1.79e-05       1.79e-05       1.80e-05       1.80e-05       1.80e-05       1.80e-05       1.81e-05       1.81e-05       1.81e-05       1.82e-05       1.82e-05       1.82e-05       1.82e-05       1.83e-05       1.83e-05       1.83e-05       1.84e-05       1.84e-05       1.84e-05       1.84e-05       1.85e-05       1.85e-05       1.85e-05       1.86e-05       1.86e-05       1.86e-05       1.87e-05       1.87e-05       1.87e-05       1.87e-05       1.88e-05       1.88e-05       1.88e-05       1.89e-05       1.89e-05
 8.15
   20.5230   20.6900   20.9250   21.0970   21.2560   21.4500   21.4640   21.4660   21.4970   21.4990   21.5420   21.6010   21.6380   21.6820   21.7640   21.8530   21.9530   22.0720   22.2000   22.3400   22.9120   22.9360   22.9380   22.9400   22.9420   22.9480   22.9560   22.9610   22.9650   22.9750   22.9850   22.9860   22.9870   23.0020   23.0150   23.0430   23.0700   23.0980   23.1250   23.1530   23.1800   23.2060   23.2320   23.2580   23.2840   23.3100   23.3350   23.3610   23.3740   23.3870   23.3990   23.4120   23.4250   23.4390   23.4520   23.4650   23.4780   23.4920   23.5060   23.5200   23.5350   23.5500   23.5660   23.5830   23.6010   23.6200   23.6410   23.6620   23.6880   23.7170   23.7470   23.7890   23.8450   23.9050   23.9740
       1.65e-07       3.71e-07       5.22e-07       6.17e-07       6.90e-07       7.80e-07       1.04e-06       1.33e-06       1.35e-06       1.90e-06       2.87e-06       4.10e-06       5.24e-06       6.60e-06       8.12e-06       9.77e-06       1.17e-05       1.40e-05       1.67e-05       2.00e-05       2.00e-05       2.01e-05       2.01e-05       2.02e-05       2.03e-05       2.03e-05       2.04e-05       2.05e-05       2.05e-05       2.06e-05       2.06e-05       2.07e-05       2.08e-05       2.08e-05       2.09e-05       2.10e-05       2.10e-05       2.11e-05       2.12e-05       2.12e-05       2.13e-05       2.14e-05       2.14e-05       2.15e-05       2.16e-05       2.16e-05       2.17e-05       2.17e-05       2.18e-05       2.18e-05       2.18e-05       2.19e-05       2.19e-05       2.19e-05       2.20e-05       2.20e-05       2.20e-05       2.21e-05       2.21e-05       2.22e-05       2.22e-05       2.22e-05       2.23e-05       2.23e-05       2.23e-05       2.24e-05       2.24e-05       2.24e-05       2.25e-05       2.25e-05       2.25e-05       2.26e-05       2.26e-05       2.27e-05       2.27e-05
  8.2
   20.6420   20.7650   20.9620   21.1160   21.2740   21.4820   21.4830   21.5470   21.5590   21.6430   21.6470   21.6700   21.7350   21.8300   21.9300   22.0470   22.1790   22.3210   22.4760   23.1260   23.1260   23.1280   23.1330   23.1340   23.1360   23.1460   23.1490   23.1530   23.1570   23.1610   23.1660   23.1800   23.1870   23.2030   23.2090   23.2250   23.2320   23.2470   23.2690   23.2910   23.3130   23.3340   23.3560   23.3780   23.4000   23.5260   23.5380   23.5500   23.5630   23.5750   23.5870   23.5920   23.6000   23.6150   23.6200   23.6300   23.6330   23.6460   23.6470   23.6610   23.6620   23.6760   23.6790   23.6900   23.6980   23.7040   23.7170   23.7400   23.7650   23.7930   23.8280   23.8750   23.9250   24.0120   24.0780
       2.28e-07       5.12e-07       7.20e-07       8.52e-07       9.52e-07       1.25e-06       1.63e-06       1.66e-06       2.28e-06       3.68e-06       4.98e-06       6.09e-06       7.63e-06       9.36e-06       1.12e-05       1.35e-05       1.61e-05       1.92e-05       2.28e-05       2.30e-05       2.30e-05       2.31e-05       2.32e-05       2.33e-05       2.34e-05       2.35e-05       2.35e-05       2.36e-05       2.37e-05       2.38e-05       2.39e-05       2.40e-05       2.41e-05       2.42e-05       2.43e-05       2.44e-05       2.44e-05       2.45e-05       2.46e-05       2.47e-05       2.48e-05       2.49e-05       2.50e-05       2.51e-05       2.52e-05       2.53e-05       2.53e-05       2.54e-05       2.54e-05       2.55e-05       2.55e-05       2.56e-05       2.57e-05       2.57e-05       2.58e-05       2.58e-05       2.59e-05       2.59e-05       2.60e-05       2.60e-05       2.61e-05       2.61e-05       2.62e-05       2.62e-05       2.63e-05       2.63e-05       2.64e-05       2.64e-05       2.65e-05       2.65e-05       2.66e-05       2.66e-05       2.67e-05       2.67e-05       2.68e-05
 8.25
   20.7330   20.7340   20.7370   20.7600   20.8420   20.9990   21.1350   21.2930   21.5020   21.5040   21.5970   21.6200   21.6580   21.6850   21.7810   21.7990   21.8970   22.0070   22.1410   22.2870   22.4430   23.3140   23.3140   23.3150   23.3160   23.3200   23.3340   23.3480   23.3660   23.3830   23.4010   23.4210   23.4430   23.4660   23.4850   23.5060   23.5270   23.5480   23.5690   23.5900   23.6110   23.6330   23.6550   23.6790   23.7030   23.7230   23.7280   23.7390   23.7400   23.7530   23.7550   23.7660   23.7730   23.7790   23.7920   23.7930   23.8050   23.8140   23.8200   23.8330   23.8390   23.8480   23.8630   23.8660   23.8780   23.8920   23.9070   23.9070   23.9260   23.9450   23.9460   23.9670   24.0770   24.1420
       1.31e-07       2.21e-07       3.40e-07       6.43e-07       1.02e-06       1.30e-06       1.47e-06       1.61e-06       1.94e-06       2.43e-06       2.46e-06       3.17e-06       4.65e-06       6.23e-06       7.98e-06       9.24e-06       1.12e-05       1.33e-05       1.59e-05       1.88e-05       2.23e-05       2.26e-05       2.26e-05       2.27e-05       2.28e-05       2.29e-05       2.30e-05       2.32e-05       2.33e-05       2.34e-05       2.35e-05       2.37e-05       2.38e-05       2.39e-05       2.40e-05       2.42e-05       2.43e-05       2.44e-05       2.46e-05       2.47e-05       2.48e-05       2.49e-05       2.51e-05       2.52e-05       2.53e-05       2.54e-05       2.55e-05       2.56e-05       2.56e-05       2.57e-05       2.58e-05       2.58e-05       2.59e-05       2.60e-05       2.60e-05       2.61e-05       2.62e-05       2.62e-05       2.63e-05       2.64e-05       2.65e-05       2.65e-05       2.66e-05       2.67e-05       2.67e-05       2.68e-05       2.69e-05       2.69e-05       2.70e-05       2.71e-05       2.71e-05       2.72e-05       2.73e-05       2.74e-05
  8.3
   20.8550   20.8580   20.8610   20.8660   20.8920   20.9660   21.1010   21.2430   21.4500   21.5400   21.5420   21.6540   21.6890   21.7170   21.7220   21.7360   21.7670   21.7800   21.7810   21.8450   21.9530   22.0570   22.1690   22.2960   22.4300   22.5730   23.4730   23.5160   23.5720   23.6230   23.6330   23.6990   23.7010   23.7270   23.7780   23.7960   23.9380
       2.01e-07       2.62e-07       3.82e-07       7.28e-07       9.66e-07       1.26e-06       1.50e-06       1.64e-06       2.41e-06       2.68e-06       3.03e-06       3.52e-06       4.74e-06       5.67e-06       7.06e-06       7.50e-06       7.95e-06       8.11e-06       8.36e-06       9.86e-06       1.14e-05       1.32e-05       1.52e-05       1.76e-05       2.03e-05       2.35e-05       2.38e-05       2.42e-05       2.45e-05       2.49e-05       2.53e-05       2.55e-05       2.59e-05       2.61e-05       2.64e-05       2.68e-05       2.72e-05
 8.35
   20.9700   20.9740   20.9770   20.9850   20.9980   21.0660   21.1760   21.3120   21.5140   21.5820   21.5860   21.6810   21.6940   21.6970   21.7380   21.7680   21.7870   21.7920   21.7930   21.9330   22.0650   22.1860   22.3130   22.4490   22.5920   22.7440   23.5600   23.6140   23.6170   23.6410   23.6810   23.6840   23.7320   23.7650   23.8020   23.8740   24.0390
       1.01e-07       1.53e-07       2.95e-07       5.30e-07       7.31e-07       9.82e-07       1.18e-06       1.30e-06       1.92e-06       2.22e-06       2.50e-06       3.55e-06       4.10e-06       5.47e-06       5.97e-06       6.16e-06       7.71e-06       7.98e-06       8.49e-06       1.02e-05       1.19e-05       1.39e-05       1.62e-05       1.88e-05       2.19e-05       2.55e-05       2.57e-05       2.60e-05       2.62e-05       2.65e-05       2.67e-05       2.70e-05       2.72e-05       2.74e-05       2.75e-05       2.77e-05       2.80e-05
  8.4
   21.1270   21.1370   21.1420   21.1530   21.1540   21.1930   21.2030   21.2500   21.3720   21.6560   21.6590   21.6910   21.7720   21.8020   21.8480   21.8620   21.9060   22.0500   22.1630   22.1810   22.3190   22.4680   22.6000   22.7680   23.6200   23.6720   23.7730   23.8130   23.8410   23.8580   23.9230   23.9560   23.9790   24.0100   24.0420   24.0740   24.1070   24.1410
       1.64e-07       2.82e-07       3.88e-07       5.52e-07       7.65e-07       9.27e-07       9.66e-07       1.13e-06       1.30e-06       1.41e-06       2.08e-06       2.47e-06       4.71e-06       5.22e-06       6.79e-06       7.09e-06       8.66e-06       1.02e-05       1.03e-05       1.20e-05       1.42e-05       1.66e-05       1.94e-05       2.32e-05       2.35e-05       2.38e-05       2.41e-05       2.44e-05       2.46e-05       2.48e-05       2.48e-05       2.49e-05       2.49e-05       2.50e-05       2.50e-05       2.50e-05       2.51e-05       2.51e-05
 8.45
   21.3610   21.3690   21.3820   21.3940   21.4330   21.4620   21.4860   21.5160   21.6000   21.8170   21.8210   21.8590   21.9480   21.9650   21.9800   21.9980   22.1230   22.2580   22.3700   22.5050   22.6590   22.7960   22.9690   23.8360   23.8430   23.8640   23.9170   24.0110   24.0880   24.1250   24.1350   24.1490   24.1750   24.2030   24.2320   24.2640   24.2820   24.3030   24.3280
       2.94e-07       5.85e-07       8.80e-07       1.17e-06       1.41e-06       1.69e-06       1.79e-06       2.11e-06       2.68e-06       2.80e-06       3.95e-06       4.39e-06       4.96e-06       6.72e-06       7.05e-06       9.55e-06       1.13e-05       1.31e-05       1.50e-05       1.74e-05       2.01e-05       2.33e-05       2.76e-05       2.82e-05       2.88e-05       2.96e-05       3.04e-05       3.12e-05       3.16e-05       3.18e-05       3.20e-05       3.21e-05       3.22e-05       3.23e-05       3.24e-05       3.25e-05       3.26e-05       3.27e-05       3.28e-05
  8.5
   21.5390   21.5450   21.5700   21.6610   21.7790   21.7810   21.7920   21.8060   21.9810   21.9850   22.0290   22.0820   22.0950   22.0970   22.2290   22.3440   22.4530   22.5560   22.6940   22.8530   22.9950   24.1090   24.1290   24.1580   24.2020   24.2860   24.3530   24.3830   24.3940   24.4080   24.4310   24.4560   24.4850   24.5180   24.5220   24.5420   24.5560   24.5720
       4.42e-07       8.90e-07       1.34e-06       1.82e-06       2.21e-06       2.71e-06       3.17e-06       4.17e-06       4.32e-06       6.00e-06       6.49e-06       8.45e-06       9.09e-06       9.46e-06       1.22e-05       1.42e-05       1.62e-05       1.83e-05       2.11e-05       2.40e-05       2.75e-05       2.87e-05       2.98e-05       3.11e-05       3.26e-05       3.39e-05       3.47e-05       3.51e-05       3.53e-05       3.55e-05       3.57e-05       3.59e-05       3.60e-05       3.62e-05       3.64e-05       3.66e-05       3.67e-05       3.69e-05
 8.55
   21.6850   21.8050   21.9700   21.9720   21.9930   22.0020   22.0580   22.0850   22.1480   22.1510   22.1980   22.2020   22.2140   22.2430   22.4660   22.5510   22.6440   22.7460   22.8860   23.0500   24.4030   24.4430   24.4900   24.5390   24.6030   24.6430   24.6530   24.6890   24.7190   24.7380   24.7580   24.7820   24.8120   24.8550   24.9200   24.9800   25.0520   25.2820
       6.27e-07       1.31e-06       1.95e-06       2.53e-06       3.17e-06       3.93e-06       4.57e-06       6.09e-06       6.26e-06       8.55e-06       1.07e-05       1.13e-05       1.17e-05       1.24e-05       1.55e-05       1.77e-05       1.99e-05       2.23e-05       2.53e-05       2.86e-05       3.04e-05       3.20e-05       3.39e-05       3.62e-05       3.83e-05       3.86e-05       3.97e-05       4.03e-05       4.07e-05       4.10e-05       4.13e-05       4.15e-05       4.18e-05       4.20e-05       4.23e-05       4.26e-05       4.28e-05       4.31e-05
  8.6
   21.8460   21.9420   22.0170   22.0680   22.1120   22.1170   22.1180   22.1180   22.1240   22.1250   22.1310   22.1350   22.1420   22.1700   22.2240   22.3070   22.3150   22.3180   22.3610   22.4280   22.5370   22.6630   22.7540   22.9430   23.1220   24.6350   24.6890   24.7390   24.7960   24.9110   24.9890   25.2200
       7.73e-07       1.38e-06       1.71e-06       1.93e-06       2.22e-06       2.44e-06       3.12e-06       3.12e-06       3.40e-06       3.61e-06       3.95e-06       5.29e-06       5.70e-06       6.23e-06       6.93e-06       9.35e-06       9.48e-06       1.09e-05       1.18e-05       1.36e-05       1.58e-05       1.79e-05       2.09e-05       2.48e-05       2.85e-05       3.08e-05       3.30e-05       3.50e-05       3.69e-05       3.84e-05       3.90e-05       3.99e-05
 8.65
   22.1100   22.1830   22.2320   22.2650   22.2690   22.2710   22.2770   22.2780   22.2800   22.2860   22.2890   22.2960   22.3160   22.3790   22.3950   22.4590   22.4850   22.4900   22.5250   22.6450   22.6790   22.7470   22.8710   22.9770   23.1820   24.8470   24.8490   24.8890   24.9410   25.0660   25.4400
       8.97e-07       1.38e-06       1.70e-06       2.17e-06       2.60e-06       3.01e-06       3.33e-06       3.83e-06       4.37e-06       4.69e-06       5.28e-06       6.56e-06       7.35e-06       8.38e-06       1.06e-05       1.17e-05       1.19e-05       1.39e-05       1.49e-05       1.69e-05       1.90e-05       2.14e-05       2.38e-05       2.72e-05       3.15e-05       3.34e-05       3.39e-05       3.57e-05       3.74e-05       3.88e-05       3.96e-05
  8.7
   22.3490   22.3960   22.4180   22.4180   22.4240   22.4290   22.4360   22.4370   22.4420   22.4460   22.4580   22.4610   22.5160   22.5350   22.6260   22.6400   22.6560   22.6630   22.6900   22.7780   22.8450   22.8710   22.9560   23.0840   23.2050   24.8800   25.0360   25.0830   25.2210   25.6710
       6.68e-07       1.12e-06       2.32e-06       2.32e-06       3.01e-06       3.61e-06       4.44e-06       4.88e-06       5.63e-06       6.07e-06       7.25e-06       8.34e-06       1.02e-05       1.16e-05       1.32e-05       1.50e-05       1.52e-05       1.79e-05       1.90e-05       2.02e-05       2.24e-05       2.41e-05       2.68e-05       2.95e-05       3.33e-05       3.37e-05       3.53e-05       3.67e-05       3.79e-05       3.86e-05
 8.75
   22.5600   22.5660   22.5710   22.5780   22.5830   22.5890   22.5970   22.6050   22.6070   22.6070   22.6170   22.6430   22.6850   22.6910   22.7600   22.7920   22.8270   22.8360   22.8480   22.9500   22.9530   23.0460   23.0470   23.1710   23.3040   24.9710   25.2260   25.3750   25.9120
       5.98e-07       1.34e-06       2.26e-06       3.11e-06       4.21e-06       5.01e-06       5.60e-06       6.59e-06       8.62e-06       8.62e-06       9.67e-06       1.11e-05       1.25e-05       1.45e-05       1.58e-05       1.79e-05       1.81e-05       2.15e-05       2.27e-05       2.44e-05       2.56e-05       2.81e-05       2.90e-05       3.20e-05       3.49e-05       3.53e-05       3.64e-05       3.74e-05       3.79e-05
  8.8
   22.6910   22.6950   22.7000   22.7030   22.7060   22.7140   22.7200   22.7270   22.7470   22.7560   22.7760   22.7980   22.8580   22.8660   22.9880   23.0050   23.0160   23.0670   23.0750   23.1310   23.1650   23.3740   25.4650   25.6590
       9.91e-07       2.21e-06       3.07e-06       4.16e-06       5.00e-06       6.07e-06       7.22e-06       9.05e-06       1.02e-05       1.27e-05       1.41e-05       1.53e-05       1.72e-05       1.96e-05       2.15e-05       2.19e-05       2.58e-05       2.64e-05       2.77e-05       3.03e-05       3.15e-05       3.58e-05       3.75e-05       3.84e-05
 8.85
   22.8040   22.8090   22.8120   22.8140   22.8210   22.8300   22.8390   22.8560   22.8700   22.8910   22.9250   22.9520   23.0210   23.0570   23.1740   23.1900   23.1950   23.2660   23.2700   23.3510   23.3690   25.4360   25.6000
       9.55e-07       1.90e-06       3.00e-06       4.20e-06       6.21e-06       7.42e-06       1.01e-05       1.14e-05       1.27e-05       1.41e-05       1.68e-05       1.81e-05       2.02e-05       2.17e-05       2.38e-05       2.80e-05       2.84e-05       2.91e-05       3.05e-05       3.33e-05       3.47e-05       3.57e-05       3.76e-05
  8.9
   22.9130   22.9130   22.9150   22.9150   22.9250   22.9320   22.9570   22.9910   22.9950   23.0360   23.1050   23.1470   23.1830   23.2260   23.3610   23.3760   23.3900   23.4660   23.4690   23.5740   25.3450   25.7370
       2.11e-06       2.11e-06       5.66e-06       5.66e-06       8.59e-06       9.82e-06       1.12e-05       1.26e-05       1.55e-05       1.70e-05       1.85e-05       2.00e-05       2.23e-05       2.41e-05       2.64e-05       3.08e-05       3.13e-05       3.28e-05       3.36e-05       3.51e-05       3.62e-05       3.83e-05
 8.95
   22.9940   22.9970   23.0030   23.0410   23.1070   23.1930   23.2330   23.3150   23.3380   23.4520   23.5980   24.3150
       3.22e-06       5.66e-06       9.65e-06       1.21e-05       1.46e-05       1.70e-05       1.94e-05       2.19e-05       2.47e-05       2.72e-05       2.96e-05       3.35e-05
  9.0
   23.0660   23.0700   23.0870   23.1550   23.2420   23.3520   23.3900   23.3910   23.4870   23.5020   23.6320   23.7850
       4.25e-06       7.71e-06       1.04e-05       1.30e-05       1.57e-05       1.84e-05       2.24e-05       2.51e-05       2.77e-05       3.08e-05       3.35e-05       3.61e-05
 9.05
   23.1240   23.1360   23.1800   23.2160   23.2810   23.4070   23.4110   23.5340   23.5690   23.7480   25.4770
       3.73e-06       7.26e-06       1.06e-05       1.42e-05       1.75e-05       2.08e-05       2.41e-05       2.73e-05       3.06e-05       3.40e-05       3.64e-05
  9.1
   23.1790   23.2000   23.2740   23.3990   23.5530   23.5620   23.7360   23.7620   23.9350   25.8870
       4.44e-06       8.55e-06       1.23e-05       1.61e-05       2.00e-05       2.37e-05       2.75e-05       2.95e-05       3.34e-05       3.72e-05
 9.15
   23.2300   23.2330   23.2770   23.4010   23.4260   23.4610   23.5490   23.5680   23.7230   23.9140
       2.73e-06       8.32e-06       1.81e-05       2.70e-05       2.93e-05       3.37e-05       4.27e-05       5.13e-05       6.03e-05       6.92e-05
  9.2
   23.2530   23.3010   23.3760   23.4390   23.6040   23.7920   25.8910   26.0430
       6.59e-06       1.19e-05       1.55e-05       1.95e-05       2.34e-05       2.73e-05       3.25e-05       3.51e-05
 9.25
   23.2600   23.3460   23.4100   23.4910   23.6590   23.8380   25.8930   26.0700
       4.62e-06       8.31e-06       1.11e-05       1.38e-05       1.64e-05       1.89e-05       2.28e-05       2.49e-05
  9.3
   23.3260   23.3950   23.4100   23.5290   23.6810   23.8380   25.9460   25.9950
       5.01e-06       8.60e-06       1.08e-05       1.28e-05       1.47e-05       1.66e-05       1.74e-05       1.99e-05
 9.35
   23.3170   23.3500   23.4480   23.4680   23.5830   23.7380   25.9830
       4.50e-06       6.06e-06       9.21e-06       1.11e-05       1.28e-05       1.45e-05       1.74e-05
  9.4
   23.2990   23.3770   23.4780   23.5170   23.6470   23.7870   25.9880
       4.63e-06       6.05e-06       7.74e-06       1.09e-05       1.24e-05       1.40e-05       1.70e-05
 9.45
   23.2970   23.4530   23.5610   23.7140   23.8710   25.9640
       4.26e-06       6.15e-06       9.15e-06       1.08e-05       1.24e-05       1.54e-05
  9.5
   23.2950   23.3610   23.4650   23.5690   23.7200   23.7350   25.9400
       4.03e-06       5.55e-06       7.36e-06       1.02e-05       1.18e-05       1.21e-05       1.50e-05
 9.55
   23.2750   23.4070   23.5180   23.6050   23.7610   25.6340
       3.95e-06       5.37e-06       7.09e-06       9.86e-06       1.14e-05       1.39e-05
 9.65
   23.0560   23.2720   23.4540   23.6150   23.7640   23.9670
       1.33e-06       3.65e-06       6.42e-06       8.36e-06       1.06e-05       1.22e-05
  9.7
   23.1590   23.3140   23.5900   23.9110   24.0750
       1.27e-06       3.50e-06       6.17e-06       8.19e-06       9.49e-06
 9.75
   23.2670   23.2690   23.2880   23.3100   23.3230   23.3290   23.3480   23.5050   23.7820   24.0340
       2.30e-07       6.74e-07       8.15e-07       9.50e-07       2.06e-06       2.18e-06       2.25e-06       4.17e-06       6.20e-06       7.87e-06
  9.8
   23.2410   23.2500   23.2540   23.2580   23.2590   23.3140   23.5050   23.5530   23.7910
       2.35e-07       3.76e-07       8.35e-07       9.76e-07       1.11e-06       2.24e-06       4.22e-06       5.92e-06       8.01e-06
  9.9
   22.8680   22.9250   22.9650   23.0510   23.2900   23.4570   23.6510   23.8310
       3.52e-07       7.26e-07       1.36e-06       2.99e-06       4.93e-06       6.53e-06       8.73e-06       9.30e-06
 9.95
   22.9640   23.0290   23.0750   23.1700   23.4290   23.6080   23.8360
       3.59e-07       7.39e-07       1.39e-06       3.07e-06       5.08e-06       6.73e-06       7.29e-06
 10.0
   23.0620   23.1420   23.2010   23.2570   23.5430   23.8410
       4.19e-07       8.63e-07       1.36e-06       2.91e-06       5.50e-06       6.05e-06
10.05
   22.9350   23.0720   23.2100   23.2710   23.5530   23.8440   23.8800
       4.02e-07       8.31e-07       1.30e-06       2.80e-06       5.30e-06       5.82e-06       9.12e-06
10.15
   23.1910   23.3090   23.5050   23.8510   23.8820
       6.53e-07       1.77e-06       3.94e-06       4.30e-06       6.87e-06
