 7.25
   18.0190
       5.58e-07
  7.3
   18.1570   18.2960
       6.96e-07       1.88e-06
 7.35
   18.2940   18.4460
       8.56e-07       2.31e-06
  7.4
   18.4250   18.5830
       1.01e-06       2.91e-06
 7.45
   18.5890   18.7920
       1.52e-06       4.39e-06
  7.5
   18.7530   19.0010
       2.11e-06       6.12e-06
  7.6
   19.0980   19.3110
       1.87e-06       5.90e-06
 7.65
   19.2300   19.4290
       1.73e-06       5.45e-06
  7.7
   19.3620   19.5480   19.7760
       1.56e-06       4.89e-06       8.34e-06
 7.75
   19.5280   19.6330   19.7650   19.9310
       7.69e-07       2.56e-06       4.85e-06       7.38e-06
 7.85
   19.7460   19.8850   20.0590   20.2470
       1.03e-06       3.43e-06       6.50e-06       9.89e-06
  7.9
   19.7810   19.7890   19.7930   19.7940   19.7950   19.8000   19.8070   19.8200   19.8390   19.8900   19.9750   20.0750   20.1770   20.2950
       1.66e-07       1.69e-07       4.48e-07       8.94e-07       1.02e-06       1.18e-06       1.71e-06       2.19e-06       2.80e-06       3.78e-06       5.11e-06       6.61e-06       8.40e-06       1.05e-05
 7.95
   19.6930   19.7210   19.7350   19.7400   19.7430   19.7620   19.7900   19.8360   19.8760   19.9380   20.0380   20.1640   20.2880   20.4320
       1.94e-07       1.99e-07       5.26e-07       1.05e-06       1.19e-06       1.38e-06       2.00e-06       2.56e-06       3.28e-06       4.41e-06       5.98e-06       7.73e-06       9.82e-06       1.22e-05
  8.0
   19.6060   19.6550   19.6780   19.6870   19.6930   19.7260   19.7720   19.8530   19.9140   19.9860   20.1020   20.2530   20.3990   20.5700
       2.26e-07       2.31e-07       6.10e-07       1.21e-06       1.38e-06       1.61e-06       2.32e-06       2.98e-06       3.80e-06       5.12e-06       6.94e-06       8.98e-06       1.14e-05       1.42e-05
 8.05
   18.4300   18.6000   18.8370   19.0440   19.1130   19.1150   19.1160   19.1170   19.1200   19.1220   19.2380   19.3280   19.3360   19.3420   19.3450   19.3570   19.3680   19.3700   19.3830   19.3940   19.3970   19.4070   19.4110   19.4260   19.4360   19.4410   19.4560   19.4570   19.4720   19.4810   19.4880   19.5040   19.5170   19.5200   19.5330   19.5360   19.5400   19.5440   19.5520   19.5680   19.5840   19.6000   19.6150   19.6310   19.6470   19.6620   19.6780   19.6930   19.7080   19.7230   19.7240   19.7390   19.7510   19.7550   19.7700   19.7710   19.7850   19.7930   19.8000   19.8150   19.8160   19.8310   19.8390   19.8460   19.8610   19.8650   19.8770   19.8920   19.8940   19.9080   19.9250   19.9560   19.9660   19.9910   20.0290   20.0600   20.0920   20.1110   20.1230   20.1400   20.1600   20.3600   20.5580
       3.47e-08       1.04e-07       1.72e-07       2.25e-07       2.44e-07       2.62e-07       2.81e-07       2.99e-07       3.27e-07       3.46e-07       3.89e-07       4.08e-07       4.27e-07       4.64e-07       4.82e-07       5.02e-07       5.38e-07       5.57e-07       5.76e-07       6.22e-07       6.41e-07       6.74e-07       6.93e-07       7.13e-07       7.49e-07       7.69e-07       7.86e-07       8.06e-07       8.25e-07       8.43e-07       8.62e-07       8.82e-07       8.96e-07       9.16e-07       9.41e-07       9.61e-07       1.09e-06       2.05e-06       2.07e-06       2.09e-06       2.11e-06       2.13e-06       2.15e-06       2.17e-06       2.19e-06       2.21e-06       2.23e-06       2.26e-06       2.28e-06       4.22e-06       4.24e-06       4.26e-06       4.28e-06       4.30e-06       4.32e-06       4.34e-06       4.37e-06       4.39e-06       4.41e-06       4.43e-06       4.45e-06       4.47e-06       4.49e-06       4.51e-06       4.53e-06       4.56e-06       4.58e-06       4.60e-06       4.62e-06       4.64e-06       4.66e-06       4.69e-06       6.89e-06       6.91e-06       6.94e-06       6.96e-06       6.98e-06       7.01e-06       7.03e-06       9.66e-06       9.68e-06       1.25e-05       1.60e-05
  8.1
   18.6250   18.8520   19.0670   19.2100   19.2120   19.2130   19.2180   19.2250   19.2330   19.2420   19.2530   19.2640   19.2650   19.2760   19.2890   19.3030   19.3160   19.3310   19.3450   19.3600   19.3740   19.3900   19.4040   19.4190   19.4270   19.4340   19.4430   19.4490   19.4580   19.4640   19.4640   19.4790   19.4930   19.5100   19.5310   19.5450   19.5740   19.5970   19.6130   19.6630   19.6660   19.7090   19.7240   19.7380   19.7520   19.7660   19.7810   19.7830   19.7950   19.7980   19.8090   19.8150   19.8230   19.8320   19.8350   19.8370   19.8500   19.8510   19.8640   19.8690   19.8780   19.8880   19.8920   19.9060   19.9090   19.9200   19.9330   19.9340   19.9480   19.9570   19.9610   19.9840   20.0100   20.0120   20.0440   20.0750   20.1070   20.1460   20.1810   20.2080   20.2170   20.4640   20.6870
       1.10e-07       2.20e-07       3.04e-07       3.43e-07       3.68e-07       3.94e-07       4.20e-07       4.46e-07       4.72e-07       4.98e-07       5.24e-07       5.51e-07       6.20e-07       6.46e-07       6.73e-07       6.99e-07       7.26e-07       7.53e-07       7.79e-07       8.06e-07       8.34e-07       8.61e-07       8.88e-07       9.15e-07       9.66e-07       9.93e-07       1.04e-06       1.07e-06       1.12e-06       1.21e-06       1.21e-06       1.24e-06       1.27e-06       1.32e-06       1.34e-06       1.37e-06       1.39e-06       1.44e-06       1.49e-06       1.68e-06       2.79e-06       2.82e-06       2.85e-06       2.88e-06       2.91e-06       2.93e-06       2.96e-06       2.99e-06       3.02e-06       3.05e-06       3.08e-06       3.11e-06       3.14e-06       3.17e-06       5.39e-06       5.42e-06       5.45e-06       5.48e-06       5.51e-06       5.54e-06       5.57e-06       5.60e-06       5.63e-06       5.66e-06       5.69e-06       5.72e-06       5.75e-06       5.78e-06       5.80e-06       5.84e-06       5.86e-06       5.89e-06       8.43e-06       8.46e-06       8.49e-06       8.52e-06       8.55e-06       8.58e-06       8.61e-06       8.64e-06       1.17e-05       1.49e-05       1.89e-05
 8.15
   18.6140   18.8680   19.1950   19.3580   19.3790   19.4020   19.4260   19.4340   19.4510   19.4760   19.5010   19.5230   19.5230   19.5260   19.5300   19.5330   19.5430   19.5470   19.5500   19.5680   19.5750   19.5980   19.5990   19.6200   19.6230   19.6290   19.6420   19.6470   19.6550   19.6700   19.6930   19.7170   19.7400   19.7630   19.7660   19.7680   19.7740   19.7860   19.7970   19.8080   19.8090   19.8110   19.8210   19.8320   19.8440   19.8560   19.8640   19.8680   19.8800   19.8930   19.9060   19.9190   19.9330   19.9360   19.9470   19.9630   19.9790   19.9790   19.9960   20.0150   20.0350   20.0430   20.0580   20.0840   20.1120   20.1500   20.1560   20.1990   20.2500   20.2760   20.3020   20.4150   20.5770   20.7470   20.9290
       1.65e-07       3.71e-07       5.22e-07       5.86e-07       6.50e-07       7.14e-07       7.79e-07       8.75e-07       9.40e-07       1.00e-06       1.07e-06       1.20e-06       1.20e-06       1.26e-06       1.32e-06       1.39e-06       1.45e-06       1.51e-06       1.58e-06       1.64e-06       1.71e-06       1.77e-06       1.83e-06       1.88e-06       1.95e-06       2.04e-06       2.11e-06       2.17e-06       2.25e-06       2.31e-06       2.38e-06       2.45e-06       2.52e-06       2.57e-06       2.86e-06       3.12e-06       3.15e-06       3.19e-06       3.22e-06       3.24e-06       3.27e-06       3.82e-06       3.86e-06       3.89e-06       3.93e-06       3.96e-06       4.94e-06       4.97e-06       5.01e-06       5.04e-06       5.08e-06       5.11e-06       5.15e-06       6.37e-06       6.41e-06       6.44e-06       7.62e-06       7.62e-06       7.65e-06       7.69e-06       7.73e-06       9.08e-06       9.12e-06       9.15e-06       9.19e-06       9.23e-06       1.08e-05       1.08e-05       1.08e-05       1.25e-05       1.25e-05       1.45e-05       1.68e-05       1.95e-05       2.27e-05
  8.2
   18.7130   18.9180   19.2000   19.4190   19.5590   19.5790   19.6000   19.6200   19.6400   19.6410   19.6600   19.6800   19.6800   19.6810   19.6890   19.6890   19.7000   19.7000   19.7000   19.7150   19.7170   19.7190   19.7300   19.7380   19.7390   19.7480   19.7550   19.7560   19.7580   19.7580   19.7700   19.7780   19.7980   19.8410   19.8570   19.9110   19.9220   19.9330   19.9440   19.9560   19.9610   19.9650   19.9670   19.9780   19.9920   19.9970   20.0060   20.0170   20.0200   20.0350   20.0350   20.0450   20.0500   20.0550   20.0640   20.0670   20.0730   20.0740   20.0840   20.0850   20.0930   20.1060   20.1290   20.1540   20.1860   20.1980   20.2280   20.2690   20.3380   20.3450   20.3820   20.5030   20.6850   20.8730   21.0730
       2.28e-07       5.12e-07       7.20e-07       8.52e-07       9.44e-07       1.04e-06       1.13e-06       1.22e-06       1.32e-06       1.42e-06       1.51e-06       1.70e-06       1.70e-06       1.78e-06       1.96e-06       1.96e-06       2.24e-06       2.24e-06       2.24e-06       2.33e-06       2.42e-06       2.51e-06       2.60e-06       2.69e-06       2.79e-06       2.88e-06       2.94e-06       3.33e-06       3.72e-06       3.72e-06       3.82e-06       3.91e-06       4.01e-06       4.04e-06       4.66e-06       4.71e-06       4.76e-06       4.81e-06       4.86e-06       4.91e-06       6.30e-06       7.60e-06       7.65e-06       7.70e-06       7.75e-06       8.86e-06       8.91e-06       9.01e-06       9.06e-06       9.18e-06       9.18e-06       9.23e-06       9.28e-06       9.33e-06       9.38e-06       9.43e-06       1.10e-05       1.10e-05       1.11e-05       1.11e-05       1.12e-05       1.12e-05       1.13e-05       1.13e-05       1.14e-05       1.31e-05       1.32e-05       1.32e-05       1.51e-05       1.51e-05       1.52e-05       1.75e-05       2.01e-05       2.32e-05       2.68e-05
 8.25
   18.7210   18.7320   18.7390   18.8130   18.9690   19.2050   19.4040   19.6260   19.7470   19.7480   19.8380   19.8400   19.8460   19.8480   19.8530   19.8570   19.8640   19.8670   19.8740   19.8740   19.8860   19.8990   19.9030   19.9140   19.9300   19.9440   19.9510   19.9580   19.9720   19.9860   19.9870   20.0000   20.0140   20.0280   20.0410   20.0560   20.0710   20.0870   20.0900   20.1020   20.1040   20.1040   20.1110   20.1180   20.1190   20.1260   20.1300   20.1350   20.1360   20.1430   20.1510   20.1540   20.1600   20.1680   20.1730   20.1770   20.1860   20.1950   20.1960   20.2030   20.2110   20.2220   20.2220   20.2330   20.2390   20.2430   20.2550   20.2890   20.3760   20.4000   20.4560   20.5910   20.7920   20.9980
       1.20e-07       2.09e-07       3.40e-07       6.43e-07       1.02e-06       1.30e-06       1.47e-06       1.61e-06       2.10e-06       2.43e-06       2.56e-06       2.68e-06       2.80e-06       2.92e-06       3.05e-06       3.17e-06       3.29e-06       3.41e-06       3.56e-06       3.56e-06       3.69e-06       3.81e-06       4.52e-06       4.65e-06       4.78e-06       4.90e-06       6.38e-06       6.51e-06       6.63e-06       6.76e-06       8.35e-06       8.47e-06       8.60e-06       8.73e-06       8.86e-06       8.99e-06       9.12e-06       9.26e-06       9.32e-06       9.42e-06       1.12e-05       1.12e-05       1.13e-05       1.14e-05       1.14e-05       1.15e-05       1.28e-05       1.28e-05       1.29e-05       1.30e-05       1.30e-05       1.31e-05       1.32e-05       1.32e-05       1.33e-05       1.34e-05       1.34e-05       1.35e-05       1.36e-05       1.36e-05       1.37e-05       1.39e-05       1.39e-05       1.39e-05       1.59e-05       1.60e-05       1.60e-05       1.61e-05       1.62e-05       1.83e-05       1.84e-05       2.09e-05       2.39e-05       2.74e-05
  8.3
   18.8140   18.8440   18.8620   18.8790   18.9480   19.0830   19.2910   19.4970   19.6040   19.7560   19.7580   19.9120   19.9580   19.9660   19.9710   19.9950   19.9980   20.0000   20.0000   20.0210   20.0310   20.0600   20.0690   20.0710   20.0770   20.0790   20.0940   20.1170   20.1540   20.1550   20.2820   20.2850   20.4260   20.5870   20.7660   20.9500   21.1380
       3.46e-07       5.47e-07       6.08e-07       7.28e-07       9.66e-07       1.26e-06       1.50e-06       1.64e-06       2.41e-06       2.76e-06       3.03e-06       3.52e-06       4.74e-06       5.09e-06       5.45e-06       6.39e-06       6.75e-06       8.50e-06       8.50e-06       8.95e-06       9.31e-06       9.76e-06       1.00e-05       1.04e-05       1.05e-05       1.08e-05       1.10e-05       1.13e-05       1.16e-05       1.32e-05       1.36e-05       1.51e-05       1.68e-05       1.89e-05       2.12e-05       2.40e-05       2.72e-05
 8.35
   18.9220   18.9490   18.9590   18.9690   19.0300   19.1560   19.3370   19.5330   19.6220   19.7670   19.7700   19.9100   19.9280   19.9300   19.9440   19.9860   19.9960   20.0290   20.0510   20.0560   20.0590   20.0590   20.0620   20.0620   20.0810   20.0850   20.1300   20.1630   20.2210   20.2360   20.3680   20.3970   20.5680   20.7480   20.9390   21.1340   21.3300
       2.35e-07       3.77e-07       4.29e-07       5.30e-07       7.31e-07       9.82e-07       1.18e-06       1.30e-06       1.92e-06       2.21e-06       2.50e-06       3.55e-06       4.10e-06       5.47e-06       5.72e-06       6.22e-06       6.47e-06       6.66e-06       8.21e-06       8.46e-06       8.98e-06       8.98e-06       9.73e-06       9.73e-06       9.98e-06       1.02e-05       1.04e-05       1.05e-05       1.07e-05       1.24e-05       1.27e-05       1.44e-05       1.64e-05       1.87e-05       2.14e-05       2.44e-05       2.80e-05
  8.4
   19.0360   19.0530   19.0630   19.0990   19.1750   19.2650   19.3780   19.5640   19.7450   19.7630   19.8240   19.8270   19.8790   19.9920   20.0000   20.0370   20.0470   20.1000   20.1180   20.1380   20.1550   20.1740   20.1870   20.2150   20.2700   20.2960   20.3150   20.3430   20.3550   20.3710   20.3990   20.4280   20.4580   20.5140   20.7160   20.9250   21.1060   21.3340
       2.13e-07       3.19e-07       4.37e-07       6.01e-07       7.65e-07       9.27e-07       1.09e-06       1.26e-06       1.30e-06       1.34e-06       2.01e-06       2.12e-06       2.51e-06       4.74e-06       5.01e-06       5.52e-06       5.84e-06       7.41e-06       7.71e-06       8.00e-06       8.23e-06       9.80e-06       1.01e-05       1.02e-05       1.03e-05       1.04e-05       1.04e-05       1.04e-05       1.20e-05       1.20e-05       1.21e-05       1.21e-05       1.21e-05       1.39e-05       1.61e-05       1.84e-05       2.13e-05       2.51e-05
 8.45
   19.1870   19.2010   19.2440   19.3220   19.3950   19.4210   19.5420   19.7350   19.8110   20.0140   20.0180   20.0760   20.1950   20.1990   20.1990   20.2000   20.2220   20.2270   20.2410   20.2610   20.2840   20.3350   20.3790   20.4080   20.4250   20.4250   20.4450   20.4660   20.4880   20.5120   20.5380   20.5810   20.5890   20.6090   20.7440   20.9440   21.1540   21.3370   21.5650
       2.84e-07       5.26e-07       8.21e-07       1.11e-06       1.68e-06       1.97e-06       2.26e-06       2.58e-06       2.68e-06       3.83e-06       3.95e-06       4.39e-06       5.01e-06       6.25e-06       6.25e-06       6.96e-06       8.71e-06       9.57e-06       9.91e-06       1.24e-05       1.32e-05       1.36e-05       1.38e-05       1.40e-05       1.58e-05       1.58e-05       1.59e-05       1.60e-05       1.61e-05       1.62e-05       1.63e-05       1.64e-05       1.82e-05       1.83e-05       2.02e-05       2.27e-05       2.53e-05       2.85e-05       3.28e-05
  8.5
   19.4680   19.5780   19.5830   19.5850   19.5860   19.6030   19.7050   19.9050   20.2030   20.2100   20.2740   20.3440   20.3620   20.3640   20.3820   20.3830   20.3940   20.3940   20.4230   20.4520   20.4790   20.4980   20.5100   20.5230   20.5310   20.5380   20.5530   20.5720   20.5950   20.6480   20.6760   20.7080   20.7850   20.8260   20.9750   21.1740   21.3830   21.5670
       4.51e-07       8.99e-07       1.40e-06       2.40e-06       2.79e-06       3.25e-06       3.69e-06       4.17e-06       5.86e-06       6.00e-06       6.49e-06       8.45e-06       9.09e-06       9.46e-06       1.07e-05       1.18e-05       1.45e-05       1.45e-05       1.58e-05       1.66e-05       1.70e-05       1.73e-05       1.74e-05       1.76e-05       2.04e-05       2.06e-05       2.07e-05       2.09e-05       2.11e-05       2.13e-05       2.32e-05       2.34e-05       2.36e-05       2.55e-05       2.77e-05       3.04e-05       3.34e-05       3.69e-05
 8.55
   19.7580   19.7650   19.7650   19.7800   19.8040   19.8680   19.8690   20.0760   20.3940   20.4020   20.4670   20.4720   20.4870   20.5250   20.5580   20.5600   20.5620   20.5690   20.5740   20.5790   20.5920   20.6090   20.6190   20.6300   20.6440   20.6600   20.6830   20.7190   20.7850   20.8020   20.8570   20.8650   20.8880   20.9300   21.0650   21.2070   21.4030   21.6130
       7.62e-07       2.87e-06       2.87e-06       3.51e-06       4.15e-06       4.77e-06       5.41e-06       6.09e-06       8.38e-06       8.55e-06       1.07e-05       1.13e-05       1.17e-05       1.24e-05       1.47e-05       1.68e-05       1.87e-05       2.03e-05       2.15e-05       2.33e-05       2.39e-05       2.43e-05       2.46e-05       2.48e-05       2.51e-05       2.53e-05       2.56e-05       2.59e-05       2.61e-05       2.92e-05       2.95e-05       2.98e-05       3.00e-05       3.22e-05       3.44e-05       3.68e-05       3.98e-05       4.31e-05
  8.6
   19.9070   19.9120   19.9170   19.9190   19.9220   19.9290   19.9350   19.9420   19.9530   19.9800   20.0280   20.0350   20.1990   20.3180   20.3940   20.4720   20.5890   20.5930   20.6520   20.7130   20.7140   20.7180   20.7280   20.7330   20.7590   20.8690   20.8890   20.8900   21.0500   21.1880   21.4450   21.6830
       1.34e-06       1.56e-06       1.78e-06       4.20e-06       4.49e-06       4.81e-06       5.08e-06       5.42e-06       5.82e-06       6.36e-06       7.13e-06       7.83e-06       8.44e-06       8.76e-06       8.99e-06       9.35e-06       1.08e-05       1.09e-05       1.18e-05       1.38e-05       1.57e-05       1.78e-05       2.01e-05       2.19e-05       2.35e-05       2.56e-05       2.65e-05       2.71e-05       2.92e-05       3.23e-05       3.61e-05       3.99e-05
 8.65
   20.0440   20.0490   20.0540   20.0590   20.0650   20.0760   20.0820   20.0890   20.1000   20.1140   20.1260   20.1900   20.2700   20.3740   20.4930   20.5700   20.6500   20.7770   20.7860   20.8360   20.8640   20.8690   20.8770   20.8960   20.9800   21.0180   21.0250   21.1320   21.3140   21.4650   21.7350
       2.19e-06       3.46e-06       3.78e-06       4.10e-06       4.54e-06       5.00e-06       5.41e-06       5.91e-06       6.50e-06       8.58e-06       9.37e-06       1.04e-05       1.15e-05       1.24e-05       1.29e-05       1.33e-05       1.38e-05       1.59e-05       1.60e-05       1.70e-05       1.86e-05       2.05e-05       2.24e-05       2.38e-05       2.58e-05       2.63e-05       2.71e-05       2.96e-05       3.19e-05       3.53e-05       3.96e-05
  8.7
   20.1800   20.1900   20.1950   20.1980   20.2000   20.2070   20.2220   20.2290   20.2350   20.2460   20.2560   20.2720   20.3460   20.4370   20.5890   20.6680   20.7460   20.8290   20.9660   20.9780   21.0140   21.0210   21.0250   21.0340   21.1090   21.1620   21.2300   21.3960   21.5790   21.7430
       1.88e-06       3.06e-06       3.50e-06       5.29e-06       5.73e-06       6.33e-06       6.98e-06       7.54e-06       8.22e-06       9.05e-06       1.07e-05       1.18e-05       1.32e-05       1.48e-05       1.61e-05       1.67e-05       1.72e-05       1.79e-05       2.07e-05       2.08e-05       2.23e-05       2.33e-05       2.49e-05       2.61e-05       2.66e-05       2.72e-05       2.95e-05       3.22e-05       3.48e-05       3.86e-05
 8.75
   20.3120   20.3160   20.3190   20.3310   20.3360   20.3420   20.3490   20.3620   20.3650   20.3760   20.3820   20.3930   20.4180   20.5020   20.6030   20.7610   20.8580   20.9220   21.0080   21.1540   21.1650   21.1710   21.1720   21.1730   21.2070   21.2990   21.4820   21.6610   21.8440
       1.40e-06       2.73e-06       4.20e-06       5.25e-06       5.84e-06       6.43e-06       7.22e-06       8.45e-06       9.31e-06       1.01e-05       1.10e-05       1.21e-05       1.35e-05       1.54e-05       1.75e-05       1.92e-05       2.00e-05       2.06e-05       2.16e-05       2.51e-05       2.63e-05       2.64e-05       2.74e-05       2.77e-05       2.89e-05       2.95e-05       3.19e-05       3.49e-05       3.79e-05
  8.8
   20.4080   20.4170   20.4440   20.4590   20.4720   20.4860   20.5020   20.5140   20.5310   20.5580   20.6090   20.6690   20.7990   20.8860   20.9750   21.0840   21.2320   21.2680   21.3180   21.3900   21.3980   21.4900   21.5770   21.9060
       2.47e-06       4.92e-06       6.75e-06       7.83e-06       8.67e-06       9.53e-06       1.05e-05       1.16e-05       1.27e-05       1.39e-05       1.51e-05       1.70e-05       1.89e-05       2.01e-05       2.13e-05       2.26e-05       2.40e-05       2.57e-05       2.66e-05       3.05e-05       3.09e-05       3.16e-05       3.41e-05       3.84e-05
 8.85
   20.4850   20.5100   20.5470   20.5710   20.5880   20.6050   20.6220   20.6410   20.6660   20.7020   20.7620   20.8310   20.9850   21.0810   21.1800   21.3280   21.3550   21.3640   21.4170   21.6350   21.6400   21.7370   21.8520
       2.70e-06       5.38e-06       7.39e-06       8.59e-06       9.53e-06       1.05e-05       1.16e-05       1.28e-05       1.41e-05       1.54e-05       1.67e-05       1.88e-05       2.09e-05       2.22e-05       2.36e-05       2.50e-05       2.60e-05       2.79e-05       2.94e-05       2.99e-05       3.41e-05       3.47e-05       3.76e-05
  8.9
   20.5650   20.6030   20.6510   20.6830   20.7040   20.7240   20.7430   20.7680   20.8020   20.8470   20.9160   20.9940   21.1720   21.2770   21.3850   21.4610   21.4960   21.5130   21.6740   21.8720   21.8910   21.9840
       2.95e-06       5.88e-06       8.09e-06       9.42e-06       1.05e-05       1.15e-05       1.28e-05       1.41e-05       1.55e-05       1.70e-05       1.85e-05       2.08e-05       2.31e-05       2.46e-05       2.62e-05       2.83e-05       2.93e-05       3.08e-05       3.26e-05       3.31e-05       3.75e-05       3.83e-05
 8.95
   20.6650   20.7420   20.8000   20.8520   20.9170   21.0030   21.0040   21.1260   21.2620   21.4090   21.5670   21.7780
       3.99e-06       7.22e-06       9.65e-06       1.21e-05       1.46e-05       1.84e-05       2.09e-05       2.33e-05       2.58e-05       2.82e-05       3.06e-05       3.35e-05
  9.0
   20.7260   20.7350   20.8300   20.8980   20.9660   21.0530   21.1630   21.2980   21.4420   21.5960   21.7770   21.9740
       4.08e-06       8.33e-06       1.18e-05       1.44e-05       1.71e-05       1.98e-05       2.24e-05       2.51e-05       2.78e-05       3.04e-05       3.31e-05       3.61e-05
 9.05
   20.7280   20.8030   20.8980   20.9900   21.0920   21.2210   21.3800   21.5590   21.6130   21.7450   21.9780
       3.65e-06       7.39e-06       1.09e-05       1.42e-05       1.75e-05       2.09e-05       2.42e-05       2.75e-05       3.00e-05       3.32e-05       3.64e-05
  9.1
   20.8470   20.9740   21.0180   21.0840   21.2090   21.3640   21.5470   21.6720   21.7460   21.9790
       4.44e-06       8.55e-06       1.06e-05       1.43e-05       1.82e-05       2.20e-05       2.59e-05       2.97e-05       3.36e-05       3.72e-05
 9.15
   20.8340   20.8920   20.9210   20.9360   21.0880   21.2120   21.3600   21.5330   21.7250   21.9250
       4.45e-06       6.76e-06       9.49e-06       1.51e-05       2.49e-05       3.37e-05       4.27e-05       5.17e-05       6.05e-05       6.92e-05
  9.2
   20.8850   21.1120   21.2500   21.4150   21.6030   21.6320   21.6550   21.8570
       6.59e-06       1.19e-05       1.59e-05       1.98e-05       2.37e-05       2.63e-05       3.15e-05       3.51e-05
 9.25
   20.9220   21.1570   21.3020   21.4700   21.6460   21.6490   21.6760   21.8600
       4.62e-06       8.31e-06       1.10e-05       1.36e-05       1.58e-05       1.82e-05       2.21e-05       2.49e-05
  9.3
   20.9060   21.2060   21.3400   21.4920   21.6410   21.6490   21.6600   21.8220
       5.01e-06       8.60e-06       1.06e-05       1.26e-05       1.34e-05       1.53e-05       1.78e-05       1.99e-05
 9.35
   20.9390   21.2580   21.3940   21.5490   21.6690   21.6990   21.8810
       4.50e-06       7.65e-06       9.37e-06       1.11e-05       1.40e-05       1.56e-05       1.74e-05
  9.4
   20.9760   21.3270   21.4570   21.5980   21.6780   21.7390   21.9000
       4.63e-06       7.76e-06       9.34e-06       1.09e-05       1.39e-05       1.54e-05       1.70e-05
 9.45
   21.0220   21.3720   21.5250   21.6820   21.6970   21.8430
       4.26e-06       7.27e-06       8.94e-06       1.05e-05       1.35e-05       1.54e-05
  9.5
   21.0400   21.3800   21.5310   21.6510   21.7000   21.8210   21.9950
       4.03e-06       6.89e-06       8.49e-06       1.00e-05       1.29e-05       1.47e-05       1.50e-05
 9.55
   21.0600   21.4160   21.5720   21.6950   21.7340   21.8680
       3.95e-06       6.71e-06       8.22e-06       9.65e-06       1.22e-05       1.39e-05
 9.65
   20.8670   21.0210   21.2650   21.5750   21.7770   21.9720
       1.33e-06       3.65e-06       6.42e-06       8.65e-06       1.02e-05       1.22e-05
  9.7
   20.9700   21.1250   21.4010   21.7220   21.8860
       1.27e-06       3.50e-06       6.17e-06       8.19e-06       9.49e-06
 9.75
   21.0730   21.0780   21.0970   21.1190   21.1340   21.1400   21.1590   21.3160   21.5930   21.8450
       2.30e-07       6.74e-07       8.15e-07       9.50e-07       2.06e-06       2.18e-06       2.25e-06       4.17e-06       6.20e-06       7.87e-06
  9.8
   21.0500   21.0590   21.0650   21.0680   21.0700   21.1250   21.3160   21.6020   21.8210
       2.35e-07       3.76e-07       8.35e-07       9.76e-07       1.11e-06       2.24e-06       4.22e-06       6.31e-06       8.01e-06
  9.9
   20.9500   20.9620   21.0010   21.1190   21.4620   21.6950   21.9660   21.9790
       3.52e-07       7.26e-07       1.36e-06       2.99e-06       4.93e-06       6.53e-06       8.73e-06       9.30e-06
 9.95
   21.0560   21.0610   21.1080   21.2360   21.6080   21.8570   21.9670
       3.59e-07       7.39e-07       1.39e-06       3.07e-06       5.08e-06       6.73e-06       7.29e-06
 10.0
   21.1640   21.1750   21.2390   21.3140   21.7210   21.9560
       4.19e-07       8.63e-07       1.36e-06       2.91e-06       5.50e-06       6.05e-06
10.05
   21.2870   21.2990   21.3200   21.3680   21.7480   21.9440   21.9930
       4.29e-07       9.03e-07       1.30e-06       2.80e-06       5.30e-06       5.82e-06       9.12e-06
10.15
   21.4470   21.5140   21.7170   21.9250   21.9680
       6.53e-07       1.77e-06       3.94e-06       4.30e-06       6.87e-06
