  7.7
   21.0630
       1.56e-06
 7.75
   21.2510
       7.69e-07
 7.85
   21.4700
       1.03e-06
  7.9
   21.5080   21.5160   21.5190   21.5220   21.5240   21.5260   21.5380   21.5510   21.5670   21.6080   21.6760
       1.66e-07       1.69e-07       4.48e-07       5.70e-07       1.02e-06       1.18e-06       1.71e-06       2.19e-06       2.80e-06       3.78e-06       5.11e-06
 7.95
   21.4810   21.5040   21.5130   21.5180   21.5190   21.5330   21.5560   21.5930   21.6240   21.6750   21.7550
       1.94e-07       1.99e-07       5.26e-07       1.05e-06       1.19e-06       1.38e-06       2.00e-06       2.56e-06       3.28e-06       4.41e-06       5.98e-06
  8.0
   21.4610   21.4970   21.5120   21.5180   21.5200   21.5430   21.5780   21.6370   21.6820   21.7430   21.8350
       2.26e-07       2.31e-07       6.10e-07       1.21e-06       1.38e-06       1.61e-06       2.32e-06       2.98e-06       3.80e-06       5.12e-06       6.94e-06
 8.05
   20.5190   20.6380   20.8080   20.9560   21.0960   21.2180   21.3110   21.4350   21.4360   21.5800   21.7530   21.8950   22.8420   22.8440   22.8460   22.8460   22.8510   22.8520   22.9050   22.9170   22.9310   22.9430   22.9530   22.9560   22.9670   22.9690   22.9850   22.9850   23.0020   23.0140   23.0190   23.0360   23.0550   23.0740   23.0930   23.1120   23.1320   23.1520   23.1720   23.1920   23.2110   23.2310   23.2510   23.2700   23.2900   23.3100   23.3290   23.3500   23.3690   23.3890   23.4090   23.4280   23.4470   23.4480   23.4680   23.4880   23.5090   23.5300   23.5450   23.5500   23.5670   23.5720   23.5900   23.5940   23.6160   23.6170   23.6400   23.6420   23.6640   23.6700   23.6900   23.7020   23.7160   23.7360   23.7720   23.8140   23.8590   23.8970   23.9340   23.9590   23.9790
       3.32e-07       9.90e-07       1.64e-06       2.15e-06       2.56e-06       2.87e-06       3.12e-06       4.08e-06       4.21e-06       6.16e-06       8.36e-06       1.10e-05       1.12e-05       1.13e-05       1.17e-05       1.17e-05       1.20e-05       1.21e-05       1.25e-05       1.28e-05       1.33e-05       1.35e-05       1.38e-05       1.40e-05       1.42e-05       1.43e-05       1.47e-05       1.47e-05       1.49e-05       1.50e-05       1.52e-05       1.54e-05       1.55e-05       1.57e-05       1.59e-05       1.61e-05       1.63e-05       1.65e-05       1.67e-05       1.69e-05       1.70e-05       1.72e-05       1.74e-05       1.76e-05       1.78e-05       1.80e-05       1.82e-05       1.84e-05       1.86e-05       1.88e-05       1.90e-05       1.92e-05       1.94e-05       1.96e-05       1.98e-05       2.00e-05       2.02e-05       2.03e-05       2.06e-05       2.08e-05       2.10e-05       2.12e-05       2.14e-05       2.16e-05       2.18e-05       2.20e-05       2.22e-05       2.24e-05       2.26e-05       2.28e-05       2.30e-05       2.32e-05       2.34e-05       2.36e-05       2.38e-05       2.40e-05       2.43e-05       2.45e-05       2.47e-05       2.49e-05       2.51e-05
  8.1
   20.6880   20.8480   21.0020   21.1460   21.2850   21.3970   21.5580   21.5600   21.6960   21.8200   21.9800   22.9490   22.9510   22.9530   22.9580   22.9650   22.9740   22.9830   22.9950   23.0070   23.0150   23.0210   23.0210   23.0310   23.0360   23.0500   23.0580   23.0660   23.0720   23.0790   23.0810   23.0970   23.1020   23.1140   23.1200   23.1300   23.1460   23.1630   23.1790   23.1960   23.2120   23.2280   23.2450   23.2610   23.4020   23.4200   23.4380   23.4570   23.4750   23.4930   23.5100   23.5290   23.5470   23.5650   23.5820   23.5830   23.6000   23.6010   23.6180   23.6200   23.6360   23.6380   23.6560   23.6570   23.6760   23.6770   23.6960   23.6980   23.7150   23.7220   23.7360   23.7480   23.7750   23.8040   23.8370   23.8740   23.9100   23.9460   23.9910   24.0350   24.0810
       1.01e-06       2.00e-06       2.78e-06       3.40e-06       3.89e-06       4.26e-06       5.37e-06       5.57e-06       7.80e-06       1.03e-05       1.33e-05       1.37e-05       1.39e-05       1.42e-05       1.44e-05       1.46e-05       1.49e-05       1.51e-05       1.54e-05       1.56e-05       1.61e-05       1.68e-05       1.68e-05       1.73e-05       1.76e-05       1.78e-05       1.83e-05       1.85e-05       1.87e-05       1.90e-05       1.92e-05       1.95e-05       1.96e-05       1.99e-05       2.04e-05       2.06e-05       2.09e-05       2.11e-05       2.14e-05       2.16e-05       2.19e-05       2.21e-05       2.24e-05       2.26e-05       2.29e-05       2.31e-05       2.34e-05       2.37e-05       2.39e-05       2.42e-05       2.44e-05       2.47e-05       2.49e-05       2.52e-05       2.55e-05       2.57e-05       2.60e-05       2.63e-05       2.65e-05       2.68e-05       2.71e-05       2.73e-05       2.76e-05       2.79e-05       2.81e-05       2.84e-05       2.87e-05       2.89e-05       2.92e-05       2.95e-05       2.97e-05       3.00e-05       3.03e-05       3.06e-05       3.09e-05       3.12e-05       3.14e-05       3.17e-05       3.20e-05       3.23e-05       3.26e-05
 8.15
   20.7230   20.8900   21.1250   21.2970   21.4560   21.6500   21.6640   21.6660   21.6970   21.6990   21.7420   21.8010   21.8380   21.8820   21.9640   22.0530   22.1530   23.1120   23.1360   23.1380   23.1400   23.1420   23.1480   23.1560   23.1610   23.1650   23.1750   23.1850   23.1860   23.1870   23.2020   23.2150   23.2430   23.2700   23.2980   23.3250   23.3530   23.3800   23.4060   23.4320   23.4580   23.4840   23.5100   23.5350   23.5610   23.5740   23.5870   23.5990   23.6120   23.6250   23.6390   23.6520   23.6650   23.6780   23.6920   23.7060   23.7200   23.7350   23.7500   23.7660   23.7830   23.8010   23.8200   23.8410   23.8620   23.8880   23.9170   23.9470   23.9890   24.0450   24.1050   24.1740
       1.44e-06       3.23e-06       4.54e-06       5.38e-06       6.01e-06       6.79e-06       7.05e-06       7.34e-06       7.36e-06       7.91e-06       8.89e-06       1.01e-05       1.13e-05       1.26e-05       1.41e-05       1.58e-05       1.77e-05       1.83e-05       1.88e-05       1.94e-05       1.99e-05       2.05e-05       2.10e-05       2.16e-05       2.21e-05       2.27e-05       2.32e-05       2.38e-05       2.42e-05       2.47e-05       2.53e-05       2.59e-05       2.65e-05       2.71e-05       2.76e-05       2.82e-05       2.88e-05       2.94e-05       2.99e-05       3.05e-05       3.11e-05       3.17e-05       3.23e-05       3.29e-05       3.33e-05       3.36e-05       3.39e-05       3.42e-05       3.45e-05       3.48e-05       3.51e-05       3.54e-05       3.57e-05       3.60e-05       3.63e-05       3.66e-05       3.69e-05       3.72e-05       3.75e-05       3.78e-05       3.81e-05       3.84e-05       3.87e-05       3.91e-05       3.94e-05       3.97e-05       4.00e-05       4.03e-05       4.06e-05       4.10e-05       4.13e-05       4.16e-05
  8.2
   20.8420   20.9650   21.1620   21.3160   21.4740   21.6820   21.6830   21.7470   21.7590   21.8430   21.8470   21.8700   21.9350   22.0300   22.1300   22.2470   23.3260   23.3260   23.3280   23.3330   23.3340   23.3360   23.3460   23.3490   23.3530   23.3570   23.3610   23.3660   23.3800   23.3870   23.4030   23.4090   23.4250   23.4320   23.4470   23.4690   23.4910   23.5130   23.5340   23.5560   23.5780   23.6000   23.7260   23.7380   23.7500   23.7630   23.7750   23.7870   23.7920   23.8000   23.8150   23.8200   23.8300   23.8330   23.8460   23.8470   23.8610   23.8620   23.8760   23.8790   23.8900   23.8980   23.9040   23.9170   23.9400   23.9650   23.9930   24.0280   24.0750   24.1250   24.2120   24.2780
       1.89e-06       4.26e-06       5.99e-06       7.08e-06       7.92e-06       8.22e-06       8.60e-06       8.63e-06       9.25e-06       1.06e-05       1.19e-05       1.31e-05       1.46e-05       1.63e-05       1.82e-05       2.04e-05       2.19e-05       2.19e-05       2.27e-05       2.34e-05       2.42e-05       2.49e-05       2.56e-05       2.64e-05       2.69e-05       2.77e-05       2.85e-05       2.93e-05       3.00e-05       3.08e-05       3.16e-05       3.23e-05       3.31e-05       3.39e-05       3.47e-05       3.54e-05       3.62e-05       3.70e-05       3.78e-05       3.86e-05       3.94e-05       4.02e-05       4.06e-05       4.10e-05       4.14e-05       4.18e-05       4.23e-05       4.27e-05       4.35e-05       4.39e-05       4.43e-05       4.49e-05       4.53e-05       4.57e-05       4.61e-05       4.65e-05       4.70e-05       4.74e-05       4.78e-05       4.82e-05       4.86e-05       4.90e-05       4.94e-05       4.99e-05       5.03e-05       5.07e-05       5.11e-05       5.16e-05       5.20e-05       5.25e-05       5.29e-05       5.37e-05
 8.25
   20.9330   20.9340   20.9370   20.9600   21.0420   21.1990   21.3350   21.4930   21.7020   21.7040   21.7970   21.8200   21.8580   21.8850   21.9810   21.9990   22.0970   22.2070   22.3410   23.5140   23.5140   23.5150   23.5160   23.5200   23.5340   23.5480   23.5660   23.5830   23.6010   23.6210   23.6430   23.6660   23.6850   23.7060   23.7270   23.7480   23.7690   23.7900   23.8110   23.8330   23.8550   23.8790   23.9030   23.9230   23.9280   23.9390   23.9400   23.9530   23.9550   23.9660   23.9730   23.9790   23.9920   23.9930   24.0050   24.0140   24.0200   24.0330   24.0390   24.0480   24.0630   24.0660   24.0780   24.0920   24.1070   24.1070   24.1260   24.1450   24.1460   24.1670   24.2770   24.3420
       1.04e-06       1.75e-06       2.70e-06       5.11e-06       8.12e-06       1.03e-05       1.17e-05       1.28e-05       1.31e-05       1.36e-05       1.36e-05       1.43e-05       1.58e-05       1.74e-05       1.92e-05       2.04e-05       2.24e-05       2.45e-05       2.70e-05       2.89e-05       2.89e-05       2.99e-05       3.09e-05       3.18e-05       3.28e-05       3.38e-05       3.48e-05       3.58e-05       3.68e-05       3.77e-05       3.87e-05       3.98e-05       4.08e-05       4.18e-05       4.28e-05       4.38e-05       4.48e-05       4.59e-05       4.69e-05       4.79e-05       4.90e-05       5.00e-05       5.10e-05       5.16e-05       5.24e-05       5.29e-05       5.34e-05       5.40e-05       5.45e-05       5.50e-05       5.56e-05       5.61e-05       5.66e-05       5.72e-05       5.77e-05       5.83e-05       5.88e-05       5.93e-05       5.99e-05       6.04e-05       6.10e-05       6.15e-05       6.21e-05       6.26e-05       6.37e-05       6.37e-05       6.43e-05       6.48e-05       6.54e-05       6.59e-05       6.65e-05       6.74e-05
  8.3
   21.0550   21.0580   21.0610   21.0660   21.0920   21.1660   21.3010   21.4430   21.6500   21.7400   21.7420   21.8540   21.8890   21.9170   21.9220   21.9360   21.9670   21.9800   21.9810   22.0450   22.1530   22.2570   22.3690   22.4960   23.6730   23.7160   23.7720   23.8230   23.8330   23.8990   23.9010   23.9270   23.9780   23.9960   24.1380
       1.53e-06       1.99e-06       2.90e-06       5.52e-06       7.33e-06       9.58e-06       1.14e-05       1.25e-05       1.32e-05       1.35e-05       1.39e-05       1.43e-05       1.56e-05       1.65e-05       1.79e-05       1.83e-05       1.88e-05       1.89e-05       1.92e-05       2.07e-05       2.22e-05       2.40e-05       2.60e-05       2.84e-05       3.11e-05       3.38e-05       3.65e-05       3.94e-05       4.21e-05       4.39e-05       4.67e-05       4.81e-05       5.09e-05       5.34e-05       5.64e-05
 8.35
   21.1700   21.1740   21.1770   21.1850   21.1980   21.2660   21.3760   21.5120   21.7140   21.7820   21.7860   21.8810   21.8940   21.8970   21.9380   21.9680   21.9870   21.9920   21.9930   22.1330   22.2650   22.3860   22.5130   22.6490   23.7600   23.8140   23.8170   23.8410   23.8810   23.8840   23.9320   23.9650   24.0020   24.0740   24.2390
       7.33e-07       1.11e-06       2.14e-06       3.84e-06       5.30e-06       7.11e-06       8.55e-06       9.44e-06       1.01e-05       1.04e-05       1.06e-05       1.17e-05       1.22e-05       1.36e-05       1.41e-05       1.43e-05       1.58e-05       1.61e-05       1.66e-05       1.83e-05       2.01e-05       2.20e-05       2.43e-05       2.70e-05       2.88e-05       3.05e-05       3.23e-05       3.41e-05       3.59e-05       3.77e-05       3.95e-05       4.07e-05       4.16e-05       4.32e-05       4.53e-05
  8.4
   21.3270   21.3370   21.3420   21.3530   21.3540   21.3930   21.4500   21.5720   21.8560   21.8590   21.8910   21.9720   22.0020   22.0480   22.0620   22.1060   22.2500   22.3630   22.3810   22.5190   22.6680   23.8200   23.8720   23.9730   24.0130   24.0410   24.0580   24.1230   24.1560   24.1790   24.2100   24.2420   24.2740   24.3070   24.3410
       1.14e-06       1.95e-06       2.68e-06       3.82e-06       5.29e-06       6.41e-06       7.53e-06       8.73e-06       8.84e-06       9.51e-06       9.90e-06       1.21e-05       1.26e-05       1.42e-05       1.45e-05       1.61e-05       1.77e-05       1.79e-05       1.97e-05       2.18e-05       2.42e-05       2.61e-05       2.83e-05       3.03e-05       3.20e-05       3.36e-05       3.47e-05       3.53e-05       3.57e-05       3.59e-05       3.62e-05       3.64e-05       3.67e-05       3.70e-05       3.72e-05
 8.45
   21.5610   21.5690   21.5820   21.5940   21.6330   21.6620   21.6860   21.7160   21.8000   22.0170   22.0210   22.0590   22.1480   22.1650   22.1800   22.1980   22.3230   22.4580   22.5700   22.7050   22.8590   24.0360   24.0430   24.0640   24.1170   24.2110   24.2880   24.3250   24.3350   24.3490   24.3750   24.4030   24.4320   24.4640   24.4820   24.5030   24.5280
       1.94e-06       3.87e-06       5.82e-06       7.72e-06       9.32e-06       1.12e-05       1.18e-05       1.39e-05       1.77e-05       1.78e-05       1.90e-05       1.94e-05       2.00e-05       2.17e-05       2.21e-05       2.45e-05       2.63e-05       2.81e-05       3.00e-05       3.25e-05       3.51e-05       3.92e-05       4.36e-05       4.83e-05       5.40e-05       5.90e-05       6.19e-05       6.34e-05       6.44e-05       6.50e-05       6.57e-05       6.63e-05       6.69e-05       6.76e-05       6.83e-05       6.89e-05       6.96e-05
  8.5
   21.7390   21.7450   21.7700   21.8610   21.9790   21.9810   21.9920   22.0060   22.1810   22.1850   22.2290   22.2820   22.2950   22.2970   22.4290   22.5440   22.6530   22.7560   22.8940   24.3090   24.3290   24.3580   24.4020   24.4860   24.5530   24.5830   24.5940   24.6080   24.6310   24.6560   24.6850   24.7180   24.7220   24.7420   24.7560   24.7720
       2.79e-06       5.61e-06       8.46e-06       1.15e-05       1.40e-05       1.71e-05       2.00e-05       2.63e-05       2.65e-05       2.81e-05       2.86e-05       3.06e-05       3.12e-05       3.16e-05       3.44e-05       3.63e-05       3.83e-05       4.05e-05       4.32e-05       5.06e-05       5.75e-05       6.54e-05       7.49e-05       8.34e-05       8.82e-05       9.09e-05       9.25e-05       9.36e-05       9.46e-05       9.57e-05       9.68e-05       9.79e-05       9.90e-05       1.00e-04       1.01e-04       1.02e-04
 8.55
   21.8850   22.0050   22.1700   22.1720   22.1930   22.2020   22.2580   22.2850   22.3480   22.3510   22.3980   22.4020   22.4140   22.4430   22.6660   22.7510   22.8440   22.9460   24.6030   24.6430   24.6900   24.7390   24.8030   24.8430   24.8530   24.8890   24.9190   24.9380   24.9580   24.9820   25.0120   25.0550   25.1200   25.1800   25.2520   25.4820
       3.78e-06       7.89e-06       1.18e-05       1.52e-05       1.91e-05       2.37e-05       2.75e-05       3.67e-05       3.69e-05       3.92e-05       4.13e-05       4.19e-05       4.23e-05       4.30e-05       4.61e-05       4.83e-05       5.05e-05       5.29e-05       6.37e-05       7.37e-05       8.52e-05       9.91e-05       1.11e-04       1.13e-04       1.20e-04       1.24e-04       1.26e-04       1.28e-04       1.29e-04       1.31e-04       1.32e-04       1.34e-04       1.36e-04       1.37e-04       1.39e-04       1.41e-04
  8.6
   22.0460   22.1420   22.2170   22.2680   22.3120   22.3170   22.3180   22.3180   22.3240   22.3250   22.3310   22.3350   22.3420   22.3700   22.4240   22.5070   22.5150   22.5180   22.5610   22.6280   22.7370   22.8630   22.9540   24.8350   24.8890   24.9390   24.9960   25.1110   25.1890   25.4200
       4.45e-06       7.94e-06       9.83e-06       1.11e-05       1.28e-05       1.40e-05       1.80e-05       1.80e-05       1.95e-05       2.08e-05       2.27e-05       3.05e-05       3.28e-05       3.59e-05       3.99e-05       5.38e-05       5.39e-05       5.54e-05       5.63e-05       5.80e-05       6.02e-05       6.23e-05       6.54e-05       7.86e-05       9.11e-05       1.03e-04       1.13e-04       1.22e-04       1.25e-04       1.31e-04
 8.65
   22.3100   22.3830   22.4320   22.4650   22.4690   22.4710   22.4770   22.4780   22.4800   22.4860   22.4890   22.4960   22.5160   22.5790   22.5950   22.6590   22.6850   22.6900   22.7250   22.8450   22.8790   22.9470   23.0710   23.1770   25.0470   25.0490   25.0890   25.1410   25.2660   25.6400
       4.93e-06       7.58e-06       9.37e-06       1.19e-05       1.43e-05       1.65e-05       1.83e-05       2.10e-05       2.40e-05       2.58e-05       2.90e-05       3.60e-05       4.04e-05       4.61e-05       5.81e-05       6.43e-05       6.45e-05       6.66e-05       6.75e-05       6.95e-05       8.09e-05       8.34e-05       8.57e-05       8.92e-05       9.99e-05       1.03e-04       1.13e-04       1.22e-04       1.30e-04       1.34e-04
  8.7
   22.5490   22.5960   22.6180   22.6180   22.6240   22.6290   22.6360   22.6370   22.6420   22.6460   22.6580   22.6610   22.7160   22.7350   22.8260   22.8400   22.8560   22.8630   22.8900   22.9780   23.0450   23.0710   23.1560   23.2840   25.0800   25.2360   25.2830   25.4210   25.8710
       3.51e-06       5.87e-06       1.22e-05       1.22e-05       1.58e-05       1.90e-05       2.33e-05       2.56e-05       2.95e-05       3.19e-05       3.80e-05       4.38e-05       5.36e-05       6.11e-05       6.94e-05       7.88e-05       7.90e-05       8.17e-05       8.27e-05       8.93e-05       9.15e-05       1.00e-04       1.03e-04       1.06e-04       1.08e-04       1.16e-04       1.24e-04       1.30e-04       1.34e-04
 8.75
   22.7600   22.7660   22.7710   22.7780   22.7830   22.7890   22.7970   22.8050   22.8070   22.8070   22.8170   22.8430   22.8850   22.8910   22.9600   22.9920   23.0270   23.0360   23.0480   23.1500   23.1530   23.2460   23.2470   23.3710   25.1710   25.4260   25.5750   26.1120
       3.00e-06       6.73e-06       1.13e-05       1.56e-05       2.11e-05       2.51e-05       2.80e-05       3.30e-05       4.32e-05       4.32e-05       4.85e-05       5.59e-05       6.29e-05       7.24e-05       7.91e-05       8.96e-05       8.98e-05       9.32e-05       9.44e-05       1.03e-04       1.09e-04       1.11e-04       1.16e-04       1.19e-04       1.21e-04       1.26e-04       1.31e-04       1.34e-04
  8.8
   22.8910   22.8950   22.9000   22.9030   22.9060   22.9140   22.9200   22.9270   22.9470   22.9560   22.9760   22.9980   23.0580   23.0660   23.1880   23.2050   23.2160   23.2670   23.2750   23.3310   23.3650   25.6650   25.8590
       4.74e-06       1.06e-05       1.47e-05       1.99e-05       2.39e-05       2.91e-05       3.46e-05       4.33e-05       4.90e-05       6.07e-05       6.76e-05       7.34e-05       8.22e-05       9.40e-05       1.03e-04       1.03e-04       1.07e-04       1.08e-04       1.14e-04       1.16e-04       1.22e-04       1.31e-04       1.35e-04
 8.85
   23.0040   23.0090   23.0120   23.0140   23.0210   23.0300   23.0390   23.0560   23.0700   23.0910   23.1250   23.1520   23.2210   23.2570   23.3740   23.3900   23.3950   23.4660   23.4700   23.5690   25.6360   25.8000
       4.37e-06       8.67e-06       1.37e-05       1.92e-05       2.84e-05       3.39e-05       4.62e-05       5.20e-05       5.82e-05       6.43e-05       7.66e-05       8.28e-05       9.22e-05       9.94e-05       1.09e-04       1.13e-04       1.13e-04       1.14e-04       1.20e-04       1.27e-04       1.31e-04       1.40e-04
  8.9
   23.1130   23.1130   23.1150   23.1150   23.1250   23.1320   23.1570   23.1910   23.1950   23.2360   23.3050   23.3470   23.3830   23.4260   23.5610   23.6660   23.7740   25.5450   25.9370
       9.22e-06       9.22e-06       2.47e-05       2.47e-05       3.75e-05       4.29e-05       4.87e-05       5.49e-05       6.78e-05       7.42e-05       8.08e-05       8.74e-05       9.74e-05       1.05e-04       1.15e-04       1.22e-04       1.29e-04       1.33e-04       1.42e-04
 8.95
   23.1940   23.1970   23.2030   23.2410   23.3070   23.3930   23.4330   23.5150   23.5380   23.6520   23.7980   24.5150
       1.34e-05       2.36e-05       4.02e-05       5.05e-05       6.07e-05       7.10e-05       8.10e-05       9.13e-05       1.03e-04       1.13e-04       1.24e-04       1.39e-04
  9.0
   23.2660   23.2700   23.2870   23.3550   23.4420   23.5520   23.5900   23.5910   23.6870   23.8320   23.9850
       1.69e-05       3.07e-05       4.12e-05       5.18e-05       6.24e-05       7.31e-05       8.93e-05       9.98e-05       1.10e-04       1.21e-04       1.32e-04
 9.05
   23.3240   23.3360   23.3800   23.4160   23.4810   23.6070   23.6110   23.7690   23.9480   25.6770
       1.42e-05       2.76e-05       4.01e-05       5.40e-05       6.66e-05       7.91e-05       9.18e-05       1.04e-04       1.17e-04       1.26e-04
  9.1
   23.3790   23.4000   23.4740   23.5990   23.7530   23.9360   23.9620   24.1350   26.0870
       1.61e-05       3.11e-05       4.47e-05       5.86e-05       7.25e-05       8.65e-05       9.39e-05       1.08e-04       1.22e-04
 9.15
   23.4300   23.4330   23.4770   23.6010   23.6260   23.6610   23.7490   23.9230   24.1140
       9.46e-06       2.88e-05       6.28e-05       9.36e-05       1.02e-04       1.17e-04       1.48e-04       1.79e-04       2.10e-04
  9.2
   23.4530   23.5010   23.6390   23.8040   23.9920   26.0910   26.2430
       2.18e-05       3.94e-05       5.26e-05       6.57e-05       7.85e-05       9.58e-05       1.04e-04
 9.25
   23.4600   23.5460   23.6910   23.8590   24.0380   26.0930   26.2700
       1.46e-05       2.63e-05       3.48e-05       4.31e-05       5.08e-05       6.32e-05       7.00e-05
  9.3
   23.5260   23.5950   23.7290   23.8810   24.0380   26.1460   26.1950
       1.51e-05       2.60e-05       3.21e-05       3.80e-05       4.36e-05       4.61e-05       5.37e-05
 9.35
   23.5170   23.5500   23.6480   23.7830   23.9380   26.1830
       1.30e-05       1.75e-05       2.66e-05       3.15e-05       3.64e-05       4.50e-05
  9.4
   23.4990   23.5770   23.7170   23.8470   23.9870   26.1880
       1.27e-05       1.67e-05       2.53e-05       2.96e-05       3.39e-05       4.23e-05
 9.45
   23.4970   23.7610   23.9140   24.0710   26.1640
       1.12e-05       1.91e-05       2.35e-05       2.76e-05       3.56e-05
  9.5
   23.4950   23.5610   23.7690   23.9200   26.1400
       1.01e-05       1.39e-05       2.11e-05       2.51e-05       3.23e-05
 9.55
   23.4750   23.6070   23.8050   23.9610   25.8340
       9.47e-06       1.29e-05       1.95e-05       2.32e-05       2.93e-05
 9.65
   23.2560   23.4720   23.6540   23.9640   24.1670
       2.90e-06       7.98e-06       1.41e-05       1.89e-05       2.24e-05
  9.7
   23.3590   23.5140   23.7900   24.1110
       2.66e-06       7.31e-06       1.29e-05       1.71e-05
 9.75
   23.4670   23.4690   23.4880   23.5100   23.5230   23.5290   23.5480   23.7050   23.9820
       4.59e-07       1.34e-06       1.63e-06       1.90e-06       4.10e-06       4.35e-06       4.49e-06       8.32e-06       1.24e-05
  9.8
   23.4410   23.4500   23.4540   23.4580   23.4590   23.5140   23.7050   23.9910
       4.48e-07       7.17e-07       1.59e-06       1.86e-06       2.11e-06       4.27e-06       8.04e-06       1.20e-05
  9.9
   23.0680   23.1250   23.1650   23.2510   23.4900   23.6570
       6.12e-07       1.26e-06       2.36e-06       5.20e-06       8.57e-06       1.13e-05
 9.95
   23.1640   23.2290   23.2750   23.3700   23.6290
       5.95e-07       1.23e-06       2.31e-06       5.10e-06       8.43e-06
 10.0
   23.2620   23.3420   23.4010   23.4570   23.7430
       6.65e-07       1.37e-06       2.15e-06       4.61e-06       8.72e-06
10.05
   23.1350   23.2720   23.4100   23.4710   23.7530
       6.09e-07       1.26e-06       1.98e-06       4.24e-06       8.03e-06
10.15
   23.3910   23.5090   23.7050
       9.02e-07       2.44e-06       5.44e-06
