  7.7
   19.5620
       1.56e-06
 7.75
   19.7280
       7.69e-07
 7.85
   19.9460
       1.03e-06
  7.9
   19.9810   19.9890   19.9930   19.9940   19.9950   20.0000   20.0070   20.0200   20.0390   20.0900   20.1750
       1.66e-07       1.69e-07       4.48e-07       8.94e-07       1.02e-06       1.18e-06       1.71e-06       2.19e-06       2.80e-06       3.78e-06       5.11e-06
 7.95
   19.8930   19.9210   19.9350   19.9400   19.9430   19.9620   19.9900   20.0360   20.0760   20.1380   20.2380
       1.94e-07       1.99e-07       5.26e-07       1.05e-06       1.19e-06       1.38e-06       2.00e-06       2.56e-06       3.28e-06       4.41e-06       5.98e-06
  8.0
   19.8060   19.8550   19.8780   19.8870   19.8930   19.9260   19.9720   20.0530   20.1140   20.1860   20.3020
       2.26e-07       2.31e-07       6.10e-07       1.21e-06       1.38e-06       1.61e-06       2.32e-06       2.98e-06       3.80e-06       5.12e-06       6.94e-06
 8.05
   18.6300   18.8000   19.0370   19.2440   19.3130   19.3150   19.3160   19.3170   19.3200   19.3220   19.4380   19.5280   19.5360   19.5420   19.5450   19.5570   19.5680   19.5700   19.5830   19.5940   19.5970   19.6070   19.6110   19.6260   19.6360   19.6410   19.6560   19.6570   19.6720   19.6810   19.6880   19.7040   19.7170   19.7200   19.7330   19.7360   19.7400   19.7440   19.7520   19.7680   19.7840   19.8000   19.8150   19.8310   19.8470   19.8620   19.8780   19.8930   19.9080   19.9230   19.9240   19.9390   19.9510   19.9550   19.9700   19.9710   19.9850   19.9930   20.0000   20.0150   20.0160   20.0310   20.0390   20.0460   20.0610   20.0650   20.0770   20.0920   20.0940   20.1080   20.1250   20.1560   20.1660   20.1910   20.2290   20.2600   20.2920   20.3110   20.3230   20.3400   20.3600
       3.32e-07       9.90e-07       1.64e-06       2.15e-06       2.33e-06       2.50e-06       2.68e-06       2.86e-06       3.12e-06       3.30e-06       3.71e-06       3.89e-06       4.08e-06       4.43e-06       4.61e-06       4.79e-06       5.14e-06       5.32e-06       5.50e-06       5.94e-06       6.12e-06       6.44e-06       6.62e-06       6.81e-06       7.15e-06       7.34e-06       7.51e-06       7.69e-06       7.88e-06       8.05e-06       8.24e-06       8.42e-06       8.56e-06       8.74e-06       8.99e-06       9.18e-06       9.31e-06       1.03e-05       1.05e-05       1.07e-05       1.08e-05       1.10e-05       1.12e-05       1.14e-05       1.16e-05       1.18e-05       1.20e-05       1.22e-05       1.24e-05       1.43e-05       1.45e-05       1.47e-05       1.49e-05       1.51e-05       1.53e-05       1.55e-05       1.57e-05       1.59e-05       1.61e-05       1.63e-05       1.65e-05       1.67e-05       1.70e-05       1.72e-05       1.73e-05       1.76e-05       1.78e-05       1.80e-05       1.82e-05       1.84e-05       1.86e-05       1.88e-05       2.10e-05       2.12e-05       2.14e-05       2.16e-05       2.19e-05       2.21e-05       2.23e-05       2.49e-05       2.51e-05
  8.1
   18.8250   19.0520   19.2670   19.4100   19.4120   19.4130   19.4180   19.4250   19.4330   19.4420   19.4530   19.4640   19.4650   19.4760   19.4890   19.5030   19.5160   19.5310   19.5450   19.5600   19.5740   19.5900   19.6040   19.6190   19.6270   19.6340   19.6430   19.6490   19.6580   19.6640   19.6640   19.6790   19.6930   19.7100   19.7310   19.7450   19.7740   19.7970   19.8130   19.8630   19.8660   19.9090   19.9240   19.9380   19.9520   19.9660   19.9810   19.9830   19.9950   19.9980   20.0090   20.0150   20.0230   20.0320   20.0350   20.0370   20.0500   20.0510   20.0640   20.0690   20.0780   20.0880   20.0920   20.1060   20.1090   20.1200   20.1330   20.1340   20.1480   20.1570   20.1610   20.1840   20.2100   20.2120   20.2440   20.2750   20.3070   20.3460   20.3810   20.4080   20.4170
       1.01e-06       2.00e-06       2.78e-06       3.12e-06       3.36e-06       3.59e-06       3.83e-06       4.07e-06       4.31e-06       4.54e-06       4.78e-06       5.02e-06       5.65e-06       5.89e-06       6.13e-06       6.38e-06       6.62e-06       6.86e-06       7.11e-06       7.35e-06       7.60e-06       7.85e-06       8.10e-06       8.35e-06       8.81e-06       9.06e-06       9.52e-06       9.77e-06       1.03e-05       1.11e-05       1.11e-05       1.13e-05       1.16e-05       1.20e-05       1.23e-05       1.25e-05       1.27e-05       1.32e-05       1.36e-05       1.37e-05       1.49e-05       1.51e-05       1.54e-05       1.56e-05       1.59e-05       1.61e-05       1.64e-05       1.67e-05       1.69e-05       1.72e-05       1.74e-05       1.77e-05       1.80e-05       1.82e-05       2.05e-05       2.07e-05       2.10e-05       2.13e-05       2.15e-05       2.18e-05       2.21e-05       2.23e-05       2.26e-05       2.29e-05       2.31e-05       2.34e-05       2.37e-05       2.40e-05       2.42e-05       2.45e-05       2.48e-05       2.50e-05       2.76e-05       2.79e-05       2.81e-05       2.84e-05       2.87e-05       2.90e-05       2.93e-05       2.95e-05       3.26e-05
 8.15
   18.8140   19.0680   19.3950   19.5580   19.5790   19.6020   19.6260   19.6340   19.6510   19.6760   19.7010   19.7230   19.7230   19.7260   19.7300   19.7330   19.7430   19.7470   19.7500   19.7680   19.7750   19.7980   19.7990   19.8200   19.8230   19.8290   19.8420   19.8470   19.8550   19.8700   19.8930   19.9170   19.9400   19.9630   19.9660   19.9680   19.9740   19.9860   19.9970   20.0080   20.0090   20.0110   20.0210   20.0320   20.0440   20.0560   20.0640   20.0680   20.0800   20.0930   20.1060   20.1190   20.1330   20.1360   20.1470   20.1630   20.1790   20.1790   20.1960   20.2150   20.2350   20.2430   20.2580   20.2840   20.3120   20.3500   20.3560   20.3990   20.4500   20.4760   20.5020   20.6150
       1.44e-06       3.23e-06       4.54e-06       5.10e-06       5.66e-06       6.22e-06       6.79e-06       7.62e-06       8.18e-06       8.75e-06       9.32e-06       1.04e-05       1.04e-05       1.10e-05       1.15e-05       1.21e-05       1.26e-05       1.32e-05       1.38e-05       1.43e-05       1.49e-05       1.54e-05       1.60e-05       1.64e-05       1.70e-05       1.77e-05       1.84e-05       1.89e-05       1.96e-05       2.02e-05       2.07e-05       2.13e-05       2.19e-05       2.24e-05       2.27e-05       2.29e-05       2.32e-05       2.35e-05       2.38e-05       2.38e-05       2.41e-05       2.47e-05       2.50e-05       2.53e-05       2.56e-05       2.59e-05       2.69e-05       2.72e-05       2.75e-05       2.78e-05       2.81e-05       2.84e-05       2.87e-05       2.99e-05       3.02e-05       3.05e-05       3.20e-05       3.20e-05       3.23e-05       3.26e-05       3.29e-05       3.42e-05       3.46e-05       3.49e-05       3.52e-05       3.55e-05       3.70e-05       3.74e-05       3.77e-05       3.93e-05       3.96e-05       4.16e-05
  8.2
   18.9130   19.1180   19.4000   19.6190   19.7590   19.7790   19.8000   19.8200   19.8400   19.8410   19.8600   19.8800   19.8800   19.8810   19.8890   19.8890   19.9000   19.9000   19.9000   19.9150   19.9170   19.9190   19.9300   19.9380   19.9390   19.9480   19.9550   19.9560   19.9580   19.9580   19.9700   19.9780   19.9980   20.0410   20.0570   20.1110   20.1220   20.1330   20.1440   20.1560   20.1610   20.1650   20.1670   20.1780   20.1920   20.1970   20.2060   20.2170   20.2200   20.2350   20.2350   20.2450   20.2500   20.2550   20.2640   20.2670   20.2730   20.2740   20.2840   20.2850   20.2930   20.3060   20.3290   20.3540   20.3860   20.3980   20.4280   20.4690   20.5380   20.5450   20.5820   20.7030
       1.89e-06       4.26e-06       5.99e-06       7.08e-06       7.85e-06       8.62e-06       9.39e-06       1.02e-05       1.09e-05       1.18e-05       1.26e-05       1.41e-05       1.41e-05       1.48e-05       1.63e-05       1.63e-05       1.86e-05       1.86e-05       1.86e-05       1.94e-05       2.01e-05       2.09e-05       2.17e-05       2.24e-05       2.32e-05       2.39e-05       2.45e-05       2.49e-05       2.60e-05       2.60e-05       2.68e-05       2.76e-05       2.84e-05       2.84e-05       2.90e-05       2.94e-05       2.98e-05       3.03e-05       3.07e-05       3.11e-05       3.25e-05       3.38e-05       3.42e-05       3.46e-05       3.50e-05       3.61e-05       3.65e-05       3.73e-05       3.78e-05       3.88e-05       3.88e-05       3.92e-05       3.96e-05       4.00e-05       4.04e-05       4.08e-05       4.24e-05       4.28e-05       4.32e-05       4.36e-05       4.40e-05       4.45e-05       4.49e-05       4.53e-05       4.57e-05       4.75e-05       4.79e-05       4.84e-05       5.03e-05       5.07e-05       5.15e-05       5.37e-05
 8.25
   18.9210   18.9320   18.9390   19.0130   19.1690   19.4050   19.6040   19.8260   19.9470   19.9480   20.0380   20.0400   20.0460   20.0480   20.0530   20.0570   20.0640   20.0670   20.0740   20.0740   20.0860   20.0990   20.1030   20.1140   20.1300   20.1440   20.1510   20.1580   20.1720   20.1860   20.1870   20.2000   20.2140   20.2280   20.2410   20.2560   20.2710   20.2870   20.2900   20.3020   20.3040   20.3040   20.3110   20.3180   20.3190   20.3260   20.3300   20.3350   20.3360   20.3430   20.3510   20.3540   20.3600   20.3680   20.3730   20.3770   20.3860   20.3950   20.3960   20.4030   20.4110   20.4220   20.4220   20.4330   20.4390   20.4430   20.4550   20.4890   20.5760   20.6000   20.6560   20.7910
       9.50e-07       1.66e-06       2.70e-06       5.11e-06       8.12e-06       1.03e-05       1.17e-05       1.28e-05       1.33e-05       1.36e-05       1.46e-05       1.55e-05       1.65e-05       1.75e-05       1.85e-05       1.94e-05       2.04e-05       2.13e-05       2.24e-05       2.24e-05       2.34e-05       2.44e-05       2.51e-05       2.61e-05       2.71e-05       2.81e-05       2.96e-05       3.06e-05       3.16e-05       3.26e-05       3.42e-05       3.52e-05       3.62e-05       3.73e-05       3.83e-05       3.93e-05       4.04e-05       4.14e-05       4.20e-05       4.27e-05       4.50e-05       4.50e-05       4.56e-05       4.61e-05       4.66e-05       4.72e-05       4.84e-05       4.89e-05       4.95e-05       5.00e-05       5.06e-05       5.11e-05       5.16e-05       5.22e-05       5.27e-05       5.33e-05       5.38e-05       5.43e-05       5.49e-05       5.54e-05       5.60e-05       5.71e-05       5.71e-05       5.76e-05       5.96e-05       6.01e-05       6.07e-05       6.13e-05       6.18e-05       6.39e-05       6.49e-05       6.74e-05
  8.3
   19.0140   19.0440   19.0620   19.0790   19.1480   19.2830   19.4910   19.6970   19.8040   19.9560   19.9580   20.1120   20.1580   20.1660   20.1710   20.1950   20.1980   20.2000   20.2000   20.2210   20.2310   20.2600   20.2690   20.2710   20.2770   20.2790   20.2940   20.3170   20.3540   20.3550   20.4820   20.4850   20.6260   20.7870   20.9660
       2.62e-06       4.15e-06       4.61e-06       5.52e-06       7.33e-06       9.58e-06       1.14e-05       1.25e-05       1.32e-05       1.36e-05       1.39e-05       1.43e-05       1.56e-05       1.83e-05       2.10e-05       2.19e-05       2.47e-05       2.89e-05       2.89e-05       2.93e-05       3.21e-05       3.25e-05       3.43e-05       3.71e-05       3.73e-05       3.75e-05       3.89e-05       4.17e-05       4.42e-05       4.57e-05       4.87e-05       5.02e-05       5.20e-05       5.40e-05       5.64e-05
 8.35
   19.1220   19.1490   19.1590   19.1690   19.2300   19.3560   19.5370   19.7330   19.8220   19.9670   19.9700   20.1100   20.1280   20.1300   20.1440   20.1860   20.1960   20.2290   20.2510   20.2560   20.2590   20.2590   20.2620   20.2620   20.2810   20.2850   20.3300   20.3630   20.4210   20.4360   20.5680   20.5970   20.7680   20.9480   21.1390
       1.70e-06       2.73e-06       3.11e-06       3.84e-06       5.30e-06       7.11e-06       8.55e-06       9.44e-06       1.01e-05       1.03e-05       1.06e-05       1.17e-05       1.22e-05       1.36e-05       1.54e-05       1.59e-05       1.77e-05       1.79e-05       1.95e-05       2.13e-05       2.34e-05       2.34e-05       2.56e-05       2.56e-05       2.74e-05       2.92e-05       3.04e-05       3.13e-05       3.29e-05       3.46e-05       3.66e-05       3.84e-05       4.03e-05       4.26e-05       4.53e-05
  8.4
   19.2360   19.2530   19.2630   19.2990   19.3750   19.4650   19.5780   19.7640   19.9450   20.0240   20.0270   20.0790   20.1920   20.2000   20.2370   20.2470   20.3000   20.3180   20.3380   20.3550   20.3740   20.3870   20.4150   20.4700   20.4960   20.5150   20.5430   20.5550   20.5710   20.5990   20.6280   20.6580   20.7140   20.9160   21.1250
       1.47e-06       2.21e-06       3.02e-06       4.16e-06       5.29e-06       6.41e-06       7.53e-06       8.73e-06       9.00e-06       9.67e-06       9.77e-06       1.02e-05       1.24e-05       1.42e-05       1.48e-05       1.70e-05       1.86e-05       1.89e-05       2.08e-05       2.24e-05       2.40e-05       2.57e-05       2.68e-05       2.75e-05       2.78e-05       2.81e-05       2.83e-05       2.99e-05       3.02e-05       3.04e-05       3.07e-05       3.09e-05       3.27e-05       3.49e-05       3.72e-05
 8.45
   19.3870   19.4010   19.4440   19.5220   19.5950   19.6210   19.7420   19.9350   20.0110   20.2140   20.2180   20.2760   20.3950   20.3990   20.3990   20.4000   20.4220   20.4270   20.4410   20.4610   20.4840   20.5350   20.5790   20.6080   20.6250   20.6250   20.6450   20.6660   20.6880   20.7120   20.7380   20.7810   20.7890   20.8090   20.9440   21.1440   21.3540
       1.87e-06       3.47e-06       5.42e-06       7.36e-06       1.11e-05       1.30e-05       1.49e-05       1.70e-05       1.77e-05       1.88e-05       1.90e-05       1.94e-05       2.35e-05       2.84e-05       2.84e-05       3.32e-05       3.49e-05       4.06e-05       4.09e-05       4.34e-05       4.85e-05       5.13e-05       5.29e-05       5.39e-05       5.62e-05       5.62e-05       5.69e-05       5.75e-05       5.82e-05       5.88e-05       5.95e-05       6.01e-05       6.19e-05       6.26e-05       6.45e-05       6.70e-05       6.96e-05
  8.5
   19.6680   19.7780   19.7830   19.7850   19.7860   19.8030   19.9050   20.1050   20.4030   20.4100   20.4740   20.5440   20.5620   20.5640   20.5820   20.5830   20.5940   20.5940   20.6230   20.6520   20.6790   20.6980   20.7100   20.7230   20.7310   20.7380   20.7530   20.7720   20.7950   20.8480   20.8760   20.9080   20.9850   21.0260   21.1750   21.3740
       2.84e-06       5.67e-06       8.82e-06       1.52e-05       1.76e-05       2.05e-05       2.33e-05       2.63e-05       2.80e-05       2.81e-05       2.86e-05       3.06e-05       3.12e-05       3.16e-05       3.95e-05       4.64e-05       6.34e-05       6.34e-05       7.18e-05       7.66e-05       7.93e-05       8.09e-05       8.20e-05       8.31e-05       8.58e-05       8.69e-05       8.80e-05       8.91e-05       9.02e-05       9.13e-05       9.33e-05       9.44e-05       9.55e-05       9.75e-05       9.97e-05       1.02e-04
 8.55
   19.9580   19.9650   19.9650   19.9800   20.0040   20.0680   20.0690   20.2760   20.5940   20.6020   20.6670   20.6720   20.6870   20.7250   20.7580   20.7600   20.7620   20.7690   20.7740   20.7790   20.7920   20.8090   20.8190   20.8300   20.8440   20.8600   20.8830   20.9190   20.9850   21.0020   21.0570   21.0650   21.0880   21.1300   21.2650   21.4070
       4.59e-06       1.73e-05       1.73e-05       2.11e-05       2.50e-05       2.88e-05       3.26e-05       3.67e-05       3.90e-05       3.92e-05       4.13e-05       4.19e-05       4.23e-05       4.30e-05       5.69e-05       6.93e-05       8.08e-05       9.08e-05       9.78e-05       1.09e-04       1.12e-04       1.15e-04       1.16e-04       1.18e-04       1.19e-04       1.21e-04       1.23e-04       1.24e-04       1.26e-04       1.29e-04       1.30e-04       1.32e-04       1.34e-04       1.36e-04       1.38e-04       1.41e-04
  8.6
   20.1070   20.1120   20.1170   20.1190   20.1220   20.1290   20.1350   20.1420   20.1530   20.1800   20.2280   20.2350   20.3990   20.5180   20.5940   20.6720   20.7890   20.7930   20.8520   20.9130   20.9140   20.9180   20.9280   20.9330   20.9590   21.0690   21.0890   21.0900   21.2500   21.3880
       7.73e-06       8.98e-06       1.02e-05       2.41e-05       2.58e-05       2.77e-05       2.92e-05       3.12e-05       3.35e-05       3.66e-05       4.10e-05       4.51e-05       4.86e-05       5.04e-05       5.17e-05       5.38e-05       5.53e-05       5.54e-05       5.63e-05       6.78e-05       7.85e-05       9.10e-05       1.04e-04       1.06e-04       1.15e-04       1.17e-04       1.22e-04       1.25e-04       1.28e-04       1.31e-04
 8.65
   20.2440   20.2490   20.2540   20.2590   20.2650   20.2760   20.2820   20.2890   20.3000   20.3140   20.3260   20.3900   20.4700   20.5740   20.6930   20.7700   20.8500   20.9770   20.9860   21.0360   21.0640   21.0690   21.0770   21.0960   21.1800   21.2180   21.2250   21.3320   21.5140   21.6650
       1.20e-05       1.90e-05       2.08e-05       2.25e-05       2.49e-05       2.75e-05       2.97e-05       3.25e-05       3.57e-05       4.72e-05       5.15e-05       5.72e-05       6.34e-05       6.84e-05       7.10e-05       7.28e-05       7.58e-05       7.79e-05       7.80e-05       7.89e-05       8.82e-05       9.82e-05       1.09e-04       1.17e-04       1.19e-04       1.21e-04       1.26e-04       1.28e-04       1.31e-04       1.34e-04
  8.7
   20.3800   20.3900   20.3950   20.3980   20.4000   20.4070   20.4220   20.4290   20.4350   20.4460   20.4560   20.4720   20.5460   20.6370   20.7890   20.8680   20.9460   21.0290   21.1660   21.1780   21.2140   21.2210   21.2250   21.2340   21.3090   21.3620   21.4300   21.5960   21.7790
       9.85e-06       1.60e-05       1.84e-05       2.77e-05       3.01e-05       3.32e-05       3.66e-05       3.95e-05       4.32e-05       4.75e-05       5.63e-05       6.20e-05       6.95e-05       7.78e-05       8.43e-05       8.78e-05       9.02e-05       9.41e-05       9.69e-05       9.70e-05       1.05e-04       1.06e-04       1.14e-04       1.20e-04       1.22e-04       1.26e-04       1.28e-04       1.31e-04       1.34e-04
 8.75
   20.5120   20.5160   20.5190   20.5310   20.5360   20.5420   20.5490   20.5620   20.5650   20.5760   20.5820   20.5930   20.6180   20.7020   20.8030   20.9610   21.0580   21.1220   21.2080   21.3540   21.3650   21.3710   21.3720   21.3730   21.4070   21.4990   21.6820   21.8610
       7.04e-06       1.37e-05       2.11e-05       2.63e-05       2.93e-05       3.22e-05       3.62e-05       4.24e-05       4.67e-05       5.04e-05       5.50e-05       6.05e-05       6.77e-05       7.73e-05       8.78e-05       9.60e-05       1.00e-04       1.03e-04       1.08e-04       1.12e-04       1.18e-04       1.18e-04       1.23e-04       1.24e-04       1.26e-04       1.28e-04       1.31e-04       1.34e-04
  8.8
   20.6080   20.6170   20.6440   20.6590   20.6720   20.6860   20.7020   20.7140   20.7310   20.7580   20.8090   20.8690   20.9990   21.0860   21.1750   21.2840   21.4320   21.4680   21.5180   21.5900   21.5980   21.6900   21.7770
       1.18e-05       2.36e-05       3.23e-05       3.75e-05       4.15e-05       4.56e-05       5.04e-05       5.55e-05       6.10e-05       6.67e-05       7.25e-05       8.13e-05       9.02e-05       9.62e-05       1.02e-04       1.08e-04       1.15e-04       1.23e-04       1.27e-04       1.31e-04       1.32e-04       1.32e-04       1.35e-04
 8.85
   20.6850   20.7100   20.7470   20.7710   20.7880   20.8050   20.8220   20.8410   20.8660   20.9020   20.9620   21.0310   21.1850   21.2810   21.3800   21.5280   21.5550   21.5640   21.6170   21.8350   21.8400   21.9370
       1.23e-05       2.46e-05       3.38e-05       3.93e-05       4.36e-05       4.79e-05       5.30e-05       5.85e-05       6.43e-05       7.04e-05       7.65e-05       8.59e-05       9.54e-05       1.02e-04       1.08e-04       1.14e-04       1.19e-04       1.27e-04       1.35e-04       1.35e-04       1.39e-04       1.40e-04
  8.9
   20.7650   20.8030   20.8510   20.8830   20.9040   20.9240   20.9430   20.9680   21.0020   21.0470   21.1160   21.1940   21.3720   21.4770   21.5850   21.6610   21.6960   21.7130   21.8740
       1.29e-05       2.57e-05       3.53e-05       4.11e-05       4.57e-05       5.04e-05       5.57e-05       6.16e-05       6.78e-05       7.42e-05       8.08e-05       9.08e-05       1.01e-04       1.08e-04       1.14e-04       1.23e-04       1.28e-04       1.35e-04       1.42e-04
 8.95
   20.8650   20.9420   21.0000   21.0520   21.1170   21.2030   21.2040   21.3260   21.4620   21.6090   21.7670   21.9780
       1.66e-05       3.01e-05       4.02e-05       5.05e-05       6.07e-05       7.67e-05       8.69e-05       9.72e-05       1.07e-04       1.18e-04       1.28e-04       1.39e-04
  9.0
   20.9260   20.9350   21.0300   21.0980   21.1660   21.2530   21.3630   21.4980   21.6420   21.7960   21.9770
       1.62e-05       3.32e-05       4.69e-05       5.75e-05       6.81e-05       7.87e-05       8.93e-05       9.99e-05       1.11e-04       1.21e-04       1.32e-04
 9.05
   20.9280   21.0030   21.0980   21.1900   21.2920   21.4210   21.5800   21.7590   21.8130   21.9450
       1.39e-05       2.81e-05       4.15e-05       5.40e-05       6.66e-05       7.93e-05       9.19e-05       1.05e-04       1.14e-04       1.26e-04
  9.1
   21.0470   21.1740   21.2180   21.2840   21.4090   21.5640   21.7470   21.8720   21.9460
       1.61e-05       3.11e-05       3.84e-05       5.21e-05       6.59e-05       7.99e-05       9.39e-05       1.08e-04       1.22e-04
 9.15
   21.0340   21.0920   21.1210   21.1360   21.2880   21.4120   21.5600   21.7330   21.9250
       1.54e-05       2.35e-05       3.29e-05       5.23e-05       8.62e-05       1.17e-04       1.48e-04       1.79e-04       2.10e-04
  9.2
   21.0850   21.3120   21.4500   21.6150   21.8030   21.8320   21.8550
       2.18e-05       3.94e-05       5.26e-05       6.57e-05       7.85e-05       8.70e-05       1.04e-04
 9.25
   21.1220   21.3570   21.5020   21.6700   21.8460   21.8490   21.8760
       1.46e-05       2.63e-05       3.48e-05       4.31e-05       4.99e-05       5.76e-05       7.00e-05
  9.3
   21.1060   21.4060   21.5400   21.6920   21.8410   21.8490   21.8600
       1.51e-05       2.60e-05       3.21e-05       3.80e-05       4.05e-05       4.61e-05       5.37e-05
 9.35
   21.1390   21.4580   21.5940   21.7490   21.8690   21.8990
       1.30e-05       2.21e-05       2.70e-05       3.19e-05       4.05e-05       4.50e-05
  9.4
   21.1760   21.5270   21.6570   21.7980   21.8780   21.9390
       1.27e-05       2.14e-05       2.57e-05       2.99e-05       3.84e-05       4.23e-05
 9.45
   21.2220   21.5720   21.7250   21.8820   21.8970
       1.12e-05       1.91e-05       2.35e-05       2.76e-05       3.56e-05
  9.5
   21.2400   21.5800   21.7310   21.8510   21.9000
       1.01e-05       1.73e-05       2.13e-05       2.51e-05       3.23e-05
 9.55
   21.2600   21.6160   21.7720   21.8950   21.9340
       9.47e-06       1.61e-05       1.97e-05       2.32e-05       2.93e-05
 9.65
   21.0670   21.2210   21.4650   21.7750   21.9770
       2.90e-06       7.98e-06       1.41e-05       1.89e-05       2.24e-05
  9.7
   21.1700   21.3250   21.6010   21.9220
       2.66e-06       7.31e-06       1.29e-05       1.71e-05
 9.75
   21.2730   21.2780   21.2970   21.3190   21.3340   21.3400   21.3590   21.5160   21.7930
       4.59e-07       1.34e-06       1.63e-06       1.90e-06       4.10e-06       4.35e-06       4.49e-06       8.32e-06       1.24e-05
  9.8
   21.2500   21.2590   21.2650   21.2680   21.2700   21.3250   21.5160   21.8020
       4.48e-07       7.17e-07       1.59e-06       1.86e-06       2.11e-06       4.27e-06       8.04e-06       1.20e-05
  9.9
   21.1500   21.1620   21.2010   21.3190   21.6620   21.8950
       6.12e-07       1.26e-06       2.36e-06       5.20e-06       8.57e-06       1.13e-05
 9.95
   21.2560   21.2610   21.3080   21.4360   21.8080
       5.95e-07       1.23e-06       2.31e-06       5.10e-06       8.43e-06
 10.0
   21.3640   21.3750   21.4390   21.5140   21.9210
       6.65e-07       1.37e-06       2.15e-06       4.61e-06       8.72e-06
10.05
   21.4870   21.4990   21.5200   21.5680   21.9480
       6.50e-07       1.37e-06       1.98e-06       4.24e-06       8.03e-06
10.15
   21.6470   21.7140   21.9170
       9.02e-07       2.44e-06       5.44e-06
