 8.05
   -9.6580   -9.6510   -9.6430   -9.6370   -9.6280   -9.5760   -9.5350   -9.4910   -9.2820   -9.2650   -9.2610   -9.2530   -9.2460   -9.2370   -9.2260   -9.2140   -9.2020   -9.1900   -9.1750   -9.1620   -9.1470   -9.1320   -9.1180   -9.1030   -9.0880   -9.0730   -9.0580   -9.0420   -9.0270   -9.0120   -8.9970   -8.9810   -8.9660   -8.9510   -8.9350   -8.9200   -8.9050   -8.8890   -8.8740   -8.8580   -8.8560   -8.8410   -8.8260   -8.8090   -8.7930   -8.7760   -8.7580   -8.7400   -8.7260   -8.7210   -8.7010   -8.6800   -8.6580   -8.6350   -8.6200   -8.6090   -8.5860   -8.5790   -8.5560   -8.5410   -8.5230   -8.4890   -8.4500   -8.4120   -8.3990   -8.3720   -8.3340   -8.3110   -8.3080   -7.7920   -6.0460   -5.7640   -5.5100   -5.2710   -5.0580   -4.5630   -3.9680
       2.19e-07       4.40e-07       6.03e-07       1.05e-06       1.42e-06       1.99e-06       2.45e-06       2.90e-06       3.25e-06       3.48e-06       3.71e-06       3.95e-06       4.18e-06       4.42e-06       4.65e-06       4.89e-06       5.13e-06       5.36e-06       5.60e-06       5.84e-06       6.08e-06       6.33e-06       6.57e-06       6.81e-06       7.05e-06       7.30e-06       7.54e-06       7.79e-06       8.04e-06       8.29e-06       8.53e-06       8.78e-06       9.03e-06       9.28e-06       9.53e-06       9.79e-06       1.00e-05       1.03e-05       1.05e-05       1.08e-05       1.11e-05       1.13e-05       1.16e-05       1.18e-05       1.21e-05       1.24e-05       1.26e-05       1.29e-05       1.32e-05       1.34e-05       1.37e-05       1.39e-05       1.42e-05       1.45e-05       1.48e-05       1.50e-05       1.53e-05       1.56e-05       1.58e-05       1.61e-05       1.64e-05       1.67e-05       1.69e-05       1.72e-05       1.75e-05       1.78e-05       1.80e-05       1.83e-05       1.86e-05       1.89e-05       1.96e-05       2.03e-05       2.09e-05       2.13e-05       2.17e-05       2.20e-05       2.21e-05
  8.1
   -9.5560   -9.5500   -9.5490   -9.5330   -9.5240   -9.4930   -9.4680   -9.3020   -9.2740   -9.2620   -9.2550   -9.2470   -9.2370   -9.2270   -9.2150   -9.2030   -9.1910   -9.1780   -9.1640   -9.1500   -9.1360   -9.1210   -9.1070   -9.0920   -9.0780   -9.0630   -9.0480   -9.0330   -9.0180   -9.0030   -8.9880   -8.9730   -8.9590   -8.9440   -8.9290   -8.9150   -8.9000   -8.8850   -8.8700   -8.8560   -8.8440   -8.8400   -8.8260   -8.8100   -8.7950   -8.7800   -8.7640   -8.7490   -8.7320   -8.7160   -8.6990   -8.6810   -8.6620   -8.6450   -8.6440   -8.6230   -8.5990   -8.5730   -8.5440   -8.5230   -8.5140   -8.4790   -8.4430   -8.4350   -8.4250   -8.4250   -8.4130   -8.4080   -8.4010   -8.3900   -6.0350   -5.7480   -5.4690   -5.1930   -4.9140   -4.3400   -4.2600
       2.56e-07       8.73e-07       1.09e-06       1.35e-06       1.88e-06       2.54e-06       3.08e-06       3.61e-06       4.02e-06       4.29e-06       4.56e-06       4.84e-06       5.11e-06       5.39e-06       5.66e-06       5.94e-06       6.22e-06       6.50e-06       6.78e-06       7.06e-06       7.34e-06       7.62e-06       7.91e-06       8.19e-06       8.48e-06       8.76e-06       9.05e-06       9.34e-06       9.63e-06       9.92e-06       1.02e-05       1.05e-05       1.08e-05       1.11e-05       1.14e-05       1.17e-05       1.20e-05       1.23e-05       1.26e-05       1.29e-05       1.32e-05       1.35e-05       1.38e-05       1.41e-05       1.44e-05       1.47e-05       1.50e-05       1.53e-05       1.56e-05       1.59e-05       1.62e-05       1.65e-05       1.68e-05       1.71e-05       1.74e-05       1.77e-05       1.81e-05       1.84e-05       1.87e-05       1.90e-05       1.93e-05       1.97e-05       2.00e-05       2.03e-05       2.10e-05       2.10e-05       2.13e-05       2.16e-05       2.20e-05       2.23e-05       2.35e-05       2.47e-05       2.57e-05       2.64e-05       2.70e-05       2.75e-05       2.76e-05
 8.15
   -9.4280   -9.4280   -9.3910   -9.3820   -9.2370   -9.2310   -9.2230   -9.2110   -9.1940   -9.1750   -9.1540   -9.1310   -9.1070   -9.0820   -9.0570   -9.0310   -9.0050   -8.9790   -8.9530   -8.9280   -8.9020   -8.8780   -8.8530   -8.8280   -8.8030   -8.7770   -8.7520   -8.7270   -8.7140   -8.7010   -8.6880   -8.6760   -8.6620   -8.6490   -8.6360   -8.6350   -8.6340   -8.6310   -8.6210   -8.6040   -8.5870   -8.5670   -8.5460   -8.5220   -8.4960   -8.4670   -8.4360   -8.4020   -8.3670   -8.3480   -8.3270   -8.2830   -8.2400   -8.2080   -8.2000   -6.0630   -5.7360   -5.3020   -4.9500   -4.8540   -4.2690
       1.22e-06       1.22e-06       1.83e-06       2.44e-06       3.06e-06       3.68e-06       4.30e-06       4.92e-06       5.55e-06       6.18e-06       6.81e-06       7.44e-06       8.08e-06       8.72e-06       9.37e-06       1.00e-05       1.07e-05       1.13e-05       1.20e-05       1.26e-05       1.33e-05       1.39e-05       1.46e-05       1.53e-05       1.59e-05       1.66e-05       1.73e-05       1.78e-05       1.81e-05       1.84e-05       1.88e-05       1.91e-05       1.95e-05       1.98e-05       2.01e-05       2.05e-05       2.08e-05       2.12e-05       2.15e-05       2.19e-05       2.22e-05       2.26e-05       2.29e-05       2.32e-05       2.36e-05       2.39e-05       2.43e-05       2.46e-05       2.50e-05       2.54e-05       2.57e-05       2.61e-05       2.64e-05       2.68e-05       2.72e-05       2.90e-05       3.13e-05       3.30e-05       3.40e-05       3.49e-05       3.57e-05
  8.2
   -9.2560   -9.2490   -9.2170   -9.0810   -9.0740   -9.0640   -9.0520   -9.0390   -9.0200   -9.0010   -8.9810   -8.9590   -8.9370   -8.9150   -8.8920   -8.8690   -8.8450   -8.8240   -8.8010   -8.7790   -8.7570   -8.7340   -8.7170   -8.7120   -8.6910   -8.6680   -8.6440   -8.6210   -8.5970   -8.5850   -8.5730   -8.5620   -8.5480   -8.5360   -8.5230   -8.5090   -8.5000   -8.4960   -8.4810   -8.4650   -8.4490   -8.4310   -8.4110   -8.3890   -8.3650   -8.3380   -8.3380   -8.3080   -8.2750   -8.2380   -8.1960   -8.1580   -8.1510   -8.1300   -8.0980   -8.0630   -5.9710   -5.7140   -5.3610   -5.0540   -4.7280
       1.02e-06       1.67e-06       2.53e-06       3.39e-06       4.26e-06       5.13e-06       6.00e-06       6.88e-06       7.76e-06       8.65e-06       9.53e-06       1.04e-05       1.13e-05       1.22e-05       1.31e-05       1.40e-05       1.50e-05       1.59e-05       1.68e-05       1.77e-05       1.86e-05       1.96e-05       2.05e-05       2.14e-05       2.23e-05       2.33e-05       2.42e-05       2.52e-05       2.59e-05       2.63e-05       2.68e-05       2.73e-05       2.78e-05       2.83e-05       2.87e-05       2.92e-05       2.97e-05       3.02e-05       3.07e-05       3.11e-05       3.16e-05       3.21e-05       3.26e-05       3.31e-05       3.36e-05       3.46e-05       3.46e-05       3.51e-05       3.55e-05       3.60e-05       3.65e-05       3.70e-05       3.76e-05       3.81e-05       3.86e-05       3.91e-05       4.15e-05       4.46e-05       4.68e-05       4.82e-05       4.93e-05
 8.25
   -9.0850   -8.9140   -8.8580   -8.7850   -8.7120   -8.6430   -8.5750   -8.5030   -8.4250   -8.3330   -8.3050   -8.2260   -8.0550   -5.9650   -5.9160   -5.8080   -5.6360   -5.3510   -5.0600
       2.14e-06       5.83e-06       9.62e-06       1.35e-05       1.73e-05       2.12e-05       2.51e-05       2.90e-05       3.30e-05       3.56e-05       3.76e-05       4.10e-05       4.51e-05       4.58e-05       4.71e-05       4.96e-05       5.27e-05       5.52e-05       5.68e-05
  8.3
   -8.8730   -8.7160   -8.6250   -8.5530   -8.4840   -8.4130   -8.3340   -8.2480   -8.2380   -8.1570   -8.1210   -8.0890   -5.9440   -5.8910   -5.8590   -5.7570   -5.5930   -5.3370   -5.0600
       2.69e-06       5.45e-06       8.25e-06       1.11e-05       1.39e-05       1.68e-05       1.96e-05       2.25e-05       2.50e-05       2.69e-05       2.84e-05       3.15e-05       3.31e-05       3.37e-05       3.49e-05       3.72e-05       4.01e-05       4.24e-05       4.38e-05
 8.35
   -8.5740   -8.4660   -8.3930   -8.3230   -8.2470   -8.2440   -8.1880   -8.1660   -8.1120   -8.0480   -7.9940   -6.0690   -5.8740   -5.8290   -5.8100   -5.7090   -5.5490   -5.3220   -5.0580
       1.58e-06       3.18e-06       4.79e-06       6.41e-06       8.04e-06       9.47e-06       1.14e-05       1.30e-05       1.47e-05       1.58e-05       1.66e-05       1.81e-05       1.92e-05       1.97e-05       2.08e-05       2.29e-05       2.55e-05       2.75e-05       2.88e-05
  8.4
   -8.3180   -8.2800   -8.2210   -8.1440   -8.0920   -8.0920   -8.0880   -8.0830   -8.0760   -8.0680   -8.0550   -8.0450   -8.0030   -7.9360   -7.9240   -6.2450   -6.0750   -5.8490   -5.7630   -5.6490   -5.5330   -5.4180   -5.2620   -5.0110   -3.9120   -3.5500
       2.46e-06       2.83e-06       5.12e-06       7.77e-06       1.13e-05       1.13e-05       1.17e-05       1.20e-05       1.24e-05       1.27e-05       1.31e-05       1.36e-05       1.65e-05       1.81e-05       1.90e-05       1.93e-05       2.15e-05       2.25e-05       2.38e-05       2.57e-05       2.76e-05       2.95e-05       3.13e-05       3.34e-05       3.37e-05       3.43e-05
 8.45
   -8.3280   -8.0680   -8.0300   -8.0040   -7.9870   -7.9590   -7.9580   -7.8540   -7.8540   -7.8430   -7.8410   -7.8410   -7.8300   -7.8140   -7.7950   -7.7800   -7.7690   -5.9900   -5.7360   -5.6420   -5.5780   -5.3660   -5.2440   -5.0730   -4.8190   -3.7850
       7.97e-07       6.13e-06       1.11e-05       1.68e-05       2.03e-05       2.64e-05       3.33e-05       3.52e-05       3.52e-05       3.60e-05       3.87e-05       3.87e-05       3.95e-05       4.03e-05       4.11e-05       4.19e-05       4.27e-05       4.72e-05       4.95e-05       5.15e-05       5.40e-05       5.65e-05       5.90e-05       6.14e-05       6.40e-05       6.50e-05
  8.5
   -8.0790   -8.0450   -8.0370   -7.9840   -7.9730   -7.9690   -7.9670   -7.9640   -7.9630   -7.9610   -7.9600   -7.9280   -7.9220   -7.9210   -7.8980   -7.8850   -7.8780   -7.7350   -5.6030   -5.5930   -5.4610   -5.3760   -5.3330   -5.2750   -4.8830   -4.6260
       5.54e-06       1.54e-05       1.85e-05       2.03e-05       2.16e-05       3.26e-05       3.39e-05       3.51e-05       3.64e-05       3.76e-05       3.89e-05       4.02e-05       4.15e-05       4.88e-05       5.74e-05       6.66e-05       7.45e-05       7.58e-05       7.72e-05       8.08e-05       8.36e-05       8.68e-05       8.99e-05       9.30e-05       9.61e-05       9.95e-05
 8.55
   -8.0590   -8.0550   -8.0100   -7.9970   -7.9110   -7.8700   -7.7870   -7.7450   -5.2740   -5.2400   -5.2160   -5.2000   -5.1760   -5.1640   -5.1560   -5.1460   -5.1220   -5.0800   -5.0180   -4.5160   -4.3690   -4.2760   -4.1800
       9.71e-06       2.13e-05       2.68e-05       3.94e-05       5.29e-05       5.64e-05       7.07e-05       8.58e-05       9.40e-05       9.50e-05       9.59e-05       9.72e-05       9.86e-05       9.98e-05       1.01e-04       1.03e-04       1.05e-04       1.08e-04       1.12e-04       1.14e-04       1.16e-04       1.17e-04       1.18e-04
  8.6
   -7.9050   -7.8970   -7.8620   -7.7860   -7.7020   -7.5910   -7.4130   -5.6900   -5.0720   -5.0480   -5.0300   -5.0150   -4.9930   -4.9860   -4.9810   -4.9730   -4.9520   -4.9060   -4.8420   -4.7230   -4.6330   -4.1260   -4.0160
       8.44e-06       1.32e-05       2.33e-05       3.42e-05       4.60e-05       5.84e-05       6.15e-05       7.46e-05       8.21e-05       8.37e-05       8.52e-05       8.74e-05       8.97e-05       9.17e-05       9.41e-05       9.70e-05       1.01e-04       1.06e-04       1.12e-04       1.16e-04       1.18e-04       1.20e-04       1.23e-04
 8.65
   -7.7830   -7.7510   -7.6590   -7.5740   -7.4920   -7.4580   -5.9230   -5.1530   -4.8650   -4.8490   -4.8440   -4.8330   -4.8150   -4.8090   -4.8060   -4.8000   -4.7820   -4.7320   -4.6660   -4.5550   -4.4720   -4.4150   -3.8530
       3.96e-06       1.09e-05       1.93e-05       2.83e-05       3.80e-05       4.06e-05       5.09e-05       6.17e-05       6.84e-05       7.07e-05       7.30e-05       7.61e-05       7.94e-05       8.22e-05       8.58e-05       9.00e-05       9.56e-05       1.03e-04       1.11e-04       1.17e-04       1.21e-04       1.23e-04       1.27e-04
  8.7
   -7.6980   -7.6690   -7.5970   -7.4540   -6.4570   -5.4350   -4.9040   -4.7040   -4.6460   -4.6430   -4.6410   -4.6400   -4.6370   -4.6320   -4.6310   -4.6270   -4.6120   -4.5590   -4.4900   -4.3860   -4.3110   -4.2580   -4.1980
       1.97e-06       4.98e-06       1.03e-05       1.67e-05       2.36e-05       3.09e-05       3.88e-05       4.71e-05       5.12e-05       5.69e-05       6.00e-05       6.31e-05       6.75e-05       7.14e-05       7.61e-05       8.18e-05       8.93e-05       9.92e-05       1.10e-04       1.19e-04       1.23e-04       1.26e-04       1.32e-04
 8.75
   -7.5370   -7.4410   -4.9560   -4.4920   -4.4770   -4.4740   -4.4710   -4.4700   -4.4650   -4.4640   -4.4540   -4.4540   -4.4240   -4.3890   -4.3100   -4.2580   -4.2030   -4.1340   -4.0360
       3.69e-06       1.09e-05       2.10e-05       3.11e-05       3.57e-05       4.03e-05       4.56e-05       5.14e-05       5.76e-05       6.33e-05       7.80e-05       7.80e-05       8.45e-05       9.44e-05       1.04e-04       1.11e-04       1.18e-04       1.24e-04       1.32e-04
  8.8
   -7.3840   -7.3690   -4.7100   -4.3670   -4.3660   -4.3630   -4.3590   -4.3570   -4.3510   -4.3480   -4.3400   -4.3230   -4.2880   -4.2470   -4.1520   -4.0910   -4.0240   -3.9430   -2.8700
       7.44e-06       1.12e-05       2.18e-05       2.65e-05       3.12e-05       4.17e-05       4.76e-05       5.31e-05       5.91e-05       6.77e-05       7.40e-05       8.06e-05       8.73e-05       9.75e-05       1.08e-04       1.15e-04       1.21e-04       1.28e-04       1.36e-04
 8.85
   -7.3250   -7.1070   -4.5100   -4.2590   -4.2550   -4.2540   -4.2530   -4.2520   -4.2440   -4.2320   -4.2160   -4.1920   -4.1520   -4.1050   -3.9940   -3.9230   -3.8440   -3.7520   -2.5880
       7.71e-06       1.17e-05       2.26e-05       2.74e-05       3.35e-05       4.44e-05       4.93e-05       5.82e-05       6.38e-05       7.00e-05       7.65e-05       8.33e-05       9.02e-05       1.01e-04       1.11e-04       1.18e-04       1.25e-04       1.32e-04       1.40e-04
  8.9
   -7.1560   -4.1630   -4.1610   -4.1590   -4.1370   -4.1050   -4.0590   -3.9850   -3.8960   -3.7950   -3.6720   -2.4800
       1.34e-05       2.74e-05       3.95e-05       4.97e-05       6.00e-05       7.03e-05       8.06e-05       9.09e-05       1.01e-04       1.11e-04       1.22e-04       1.33e-04
 8.95
   -5.9090   -4.0770   -4.0750   -4.0740   -4.0370   -3.9880   -3.9240   -3.8370   -3.7370   -3.6240   -3.4940   -2.2850
       1.36e-05       2.58e-05       3.99e-05       5.02e-05       6.05e-05       7.08e-05       8.11e-05       9.14e-05       1.02e-04       1.12e-04       1.22e-04       1.34e-04
  9.0
   -4.4320   -4.3850   -3.9960   -3.9860   -3.9820   -3.9210   -3.8400   -3.7380   -3.6180   -3.4820   -2.3600   -2.0950
       8.14e-06       2.02e-05       3.21e-05       4.44e-05       5.58e-05       6.72e-05       7.86e-05       9.01e-05       1.02e-04       1.13e-04       1.24e-04       1.36e-04
 9.05
   -7.1390   -4.2310   -3.9320   -3.9280   -3.8900   -3.8100   -3.7080   -3.5810   -3.4310   -2.2920   -1.9970   -1.7290
       8.09e-06       2.01e-05       3.23e-05       4.46e-05       5.67e-05       6.89e-05       8.11e-05       9.33e-05       1.06e-04       1.18e-04       1.29e-04       1.43e-04
  9.1
   -6.6720   -5.5380   -3.8530   -3.8500   -3.7710   -3.6690   -3.5440   -3.3950   -3.2310   -2.0250   -1.7570
       6.88e-06       2.01e-05       3.51e-05       4.92e-05       6.21e-05       7.52e-05       8.85e-05       1.02e-04       1.15e-04       1.28e-04       1.47e-04
 9.15
   -4.5430   -4.0670   -3.7980   -3.7670   -3.6760   -3.5680   -3.4440   -3.3010   -2.1890   -1.9360   -1.7160
       2.53e-05       3.81e-05       6.50e-05       8.89e-05       1.10e-04       1.31e-04       1.52e-04       1.72e-04       1.93e-04       2.12e-04       2.41e-04
  9.2
   -7.1060   -6.9890   -3.8380   -3.7760   -3.6630   -3.5240   -3.3640   -2.2170
       8.33e-06       2.52e-05       4.66e-05       6.44e-05       7.83e-05       9.22e-05       1.06e-04       1.18e-04
 9.25
   -7.1000   -6.4700   -3.8180   -3.7330   -3.6050   -3.4550   -3.2890   -2.1370
       5.62e-06       1.59e-05       2.81e-05       3.85e-05       4.68e-05       5.50e-05       6.26e-05       7.13e-05
  9.3
   -7.0450   -6.9370   -3.8490   -3.6940   -3.5670   -3.4200   -3.2600   -2.1310
       6.35e-06       8.45e-06       2.11e-05       3.08e-05       3.74e-05       4.38e-05       4.98e-05       5.68e-05
 9.35
   -7.0240   -3.8160   -3.6510   -3.5210   -3.3720   -3.2110   -2.0650
       7.08e-06       1.77e-05       2.60e-05       3.15e-05       3.70e-05       4.20e-05       4.80e-05
  9.4
   -6.9930   -3.7880   -3.5940   -3.4650   -3.3220   -3.1700   -1.9830
       6.89e-06       1.73e-05       2.51e-05       3.01e-05       3.49e-05       3.95e-05       4.48e-05
 9.45
   -6.9340   -3.7630   -3.5600   -3.4070   -3.2440   -2.1010
       6.43e-06       1.55e-05       2.26e-05       2.78e-05       3.26e-05       3.84e-05
  9.5
   -6.8900   -3.7550   -3.5400   -3.3950   -3.2460   -2.5370
       5.86e-06       1.41e-05       2.06e-05       2.51e-05       2.93e-05       3.44e-05
 9.55
   -4.5380   -3.7520   -3.4870   -3.3340   -3.1770   -2.4550
       5.04e-06       1.28e-05       1.87e-05       2.27e-05       2.65e-05       3.10e-05
 9.65
   -3.8400   -3.8300   -3.5630   -3.3220   -3.1220   -2.9200
       4.24e-06       6.67e-06       1.17e-05       1.63e-05       2.02e-05       2.49e-05
  9.7
   -3.8650   -3.6810   -3.4600   -3.2030   -3.0300   -2.8580
       2.32e-06       6.37e-06       1.12e-05       1.53e-05       1.85e-05       2.23e-05
 9.75
   -3.9550   -3.9330   -3.8140   -3.7680   -3.7560   -3.7550   -3.7270   -3.5670   -3.3310   -3.1170   -2.8800
       4.37e-07       1.29e-06       1.56e-06       1.81e-06       2.06e-06       2.20e-06       4.31e-06       7.97e-06       1.19e-05       1.56e-05       1.99e-05
  9.8
   -4.0270   -3.9820   -3.9770   -3.9610   -3.8560   -3.6710   -3.3910   -3.1310   -3.0200   -2.8850   -2.6270
       5.17e-07       8.26e-07       1.81e-06       2.11e-06       4.54e-06       8.78e-06       1.33e-05       1.73e-05       1.75e-05       2.18e-05       2.19e-05
  9.9
   -3.8320   -3.7750   -3.7750   -3.6210   -3.1920   -2.8820   -2.5010
       8.45e-07       3.12e-06       3.12e-06       6.88e-06       1.14e-05       1.51e-05       2.02e-05
 9.95
   -3.7160   -3.6620   -3.6330   -3.5100   -3.0550   -2.7240   -2.3260
       7.98e-07       2.18e-06       2.93e-06       6.46e-06       1.07e-05       1.41e-05       1.81e-05
 10.0
   -3.5750   -3.5290   -3.4790   -3.4460   -2.9760   -2.4200   -2.1950
       8.38e-07       1.76e-06       2.55e-06       5.46e-06       1.03e-05       1.37e-05       1.52e-05
10.05
   -3.4390   -3.3800   -3.3760   -2.9480   -2.8510   -2.4300   -2.2210
       8.54e-07       3.53e-06       4.30e-06       8.75e-06       9.46e-06       1.25e-05       1.41e-05
10.15
   -3.1530   -3.1470   -2.9510   -2.4490   -2.4190   -2.2480
       1.82e-06       2.88e-06       6.43e-06       9.57e-06       1.06e-05       1.23e-05
