  8.1
   -9.4070   -9.3960   -9.3960   -9.3670   -9.3550   -9.3340   -9.3010   -9.2960   -9.2570   -9.2250   -9.2190   -9.1820   -9.1460   -9.1320   -9.1110   -9.0770   -9.0440   -9.0120   -8.9790   -8.9470   -8.8970   -8.7900   -8.6750   -8.6110   -8.5500   -6.0520   -5.8860   -5.5540
       6.05e-07       1.81e-06       1.81e-06       2.43e-06       3.02e-06       3.64e-06       4.23e-06       4.85e-06       5.48e-06       6.06e-06       6.69e-06       7.33e-06       7.97e-06       8.54e-06       9.18e-06       9.82e-06       1.05e-05       1.11e-05       1.18e-05       1.24e-05       1.31e-05       1.37e-05       1.44e-05       1.44e-05       1.48e-05       1.54e-05       1.62e-05       1.71e-05
 8.15
   -9.2740   -9.2690   -9.2540   -9.2490   -9.2210   -9.2100   -9.1880   -9.1550   -9.1520   -9.1220   -9.0900   -9.0730   -9.0600   -9.0310   -9.0020   -8.9720   -8.9450   -8.9190   -8.8930   -8.8610   -8.7770   -8.6540   -8.5700   -8.3590   -6.0120   -5.8280   -5.6670   -5.3950
       8.38e-07       1.68e-06       2.51e-06       3.36e-06       4.22e-06       5.04e-06       5.91e-06       6.78e-06       7.59e-06       8.47e-06       9.35e-06       1.01e-05       1.10e-05       1.19e-05       1.28e-05       1.37e-05       1.46e-05       1.55e-05       1.64e-05       1.73e-05       1.82e-05       1.91e-05       1.96e-05       2.03e-05       2.11e-05       2.19e-05       2.28e-05       2.37e-05
  8.2
   -9.1400   -9.1350   -9.1350   -9.1250   -9.1190   -9.1110   -9.0940   -9.0920   -9.0760   -9.0690   -9.0630   -9.0580   -9.0380   -9.0210   -9.0200   -9.0070   -8.9680   -8.9530   -8.9370   -8.9200   -8.9050   -8.8900   -8.8770   -8.8620   -8.8470   -8.8140   -8.7640   -8.6940   -8.6180   -8.5520   -8.4490   -5.5860   -5.2330   -3.4670
       7.61e-07       2.28e-06       2.28e-06       3.05e-06       3.81e-06       4.57e-06       5.34e-06       6.10e-06       6.87e-06       7.65e-06       8.40e-06       9.17e-06       9.95e-06       1.07e-05       1.30e-05       1.37e-05       1.45e-05       1.53e-05       1.61e-05       1.69e-05       1.77e-05       1.85e-05       1.92e-05       2.00e-05       2.08e-05       2.16e-05       2.24e-05       2.32e-05       2.40e-05       2.47e-05       2.51e-05       2.77e-05       2.89e-05       2.95e-05
 8.25
   -9.0060   -9.0040   -8.9990   -8.9980   -8.9910   -8.9880   -8.9800   -8.9710   -8.9670   -8.9590   -8.9530   -8.9460   -8.9350   -8.9340   -8.9210   -8.9010   -8.8990   -8.8890   -8.8800   -8.8670   -8.8540   -8.8460   -8.8370   -8.8270   -8.7970   -8.7580   -8.7130   -8.6560   -8.5860   -8.4790   -8.3500   -5.5910   -5.2310   -3.9880
       9.39e-07       1.88e-06       2.82e-06       3.76e-06       4.71e-06       5.64e-06       6.59e-06       7.52e-06       8.47e-06       9.43e-06       1.04e-05       1.13e-05       1.23e-05       1.32e-05       1.60e-05       1.70e-05       1.79e-05       1.89e-05       1.99e-05       2.08e-05       2.18e-05       2.28e-05       2.37e-05       2.47e-05       2.57e-05       2.67e-05       2.77e-05       2.87e-05       2.97e-05       3.05e-05       3.09e-05       3.43e-05       3.59e-05       3.65e-05
  8.3
   -8.8730   -8.8700   -8.8600   -8.8520   -8.8420   -8.8240   -8.8060   -8.7830   -8.6780   -8.4400   -5.6040   -5.0820
       3.23e-06       6.43e-06       9.69e-06       1.30e-05       1.77e-05       2.10e-05       2.43e-05       2.76e-05       3.09e-05       3.36e-05       3.85e-05       4.12e-05
 8.35
   -8.7630   -8.7620   -8.7620   -8.7500   -8.7490   -8.7420   -8.7330   -8.6560   -8.3830   -5.9010   -5.5920   -5.1230
       3.21e-06       9.58e-06       9.58e-06       1.27e-05       1.60e-05       1.92e-05       2.25e-05       2.57e-05       2.83e-05       3.30e-05       3.90e-05       4.34e-05
  8.4
   -8.6770   -8.6340   -8.3550   -6.1530   -6.0510   -5.9860   -5.9230   -5.8730   -5.8180   -5.7490   -5.5860   -5.1640
       3.19e-06       6.37e-06       8.90e-06       1.21e-05       1.52e-05       1.84e-05       2.15e-05       2.46e-05       2.77e-05       3.22e-05       3.95e-05       4.57e-05
 8.45
   -7.9800   -7.9750   -7.9690   -7.9420   -7.9180   -7.8590   -7.8260   -7.7880   -7.6100   -6.1640   -6.1350   -6.1090   -6.0650   -6.0280   -6.0000   -5.9510   -5.8900   -5.7850   -5.7040   -5.6350   -5.5420   -5.5210   -5.3800   -5.3140   -5.1290   -4.7770
       9.16e-07       1.83e-06       2.73e-06       3.63e-06       4.36e-06       5.25e-06       6.13e-06       6.56e-06       7.25e-06       8.18e-06       9.10e-06       1.05e-05       1.24e-05       1.43e-05       1.66e-05       1.95e-05       2.33e-05       2.80e-05       2.89e-05       3.27e-05       3.46e-05       3.68e-05       3.95e-05       4.30e-05       4.71e-05       4.98e-05
  8.5
   -8.0030   -7.9500   -7.9490   -7.8760   -7.8690   -7.8610   -7.8560   -7.8500   -7.8440   -7.8390   -7.8360   -7.8310   -7.8270   -7.8220   -7.8150   -7.8030   -7.6470   -5.8680   -5.6870   -5.5930   -5.3810   -5.3210   -5.1850   -5.1140   -4.9250   -4.6000
       9.53e-07       2.09e-06       2.64e-06       3.78e-06       7.46e-06       1.05e-05       1.29e-05       1.54e-05       1.72e-05       1.84e-05       1.95e-05       2.07e-05       2.19e-05       2.31e-05       2.43e-05       2.54e-05       2.62e-05       3.24e-05       3.73e-05       4.22e-05       4.46e-05       4.75e-05       5.09e-05       5.53e-05       6.06e-05       6.41e-05
 8.55
   -7.9860   -7.9840   -7.9830   -7.9560   -7.9420   -7.9210   -7.9120   -7.9040   -7.8970   -7.8890   -7.8810   -7.8740   -7.8570   -7.8380   -7.8190   -7.7820   -7.7820   -7.7430   -5.5750   -5.5570   -5.2240   -5.1300   -4.9890   -4.9300   -4.7210   -4.4230
       1.43e-06       2.85e-06       4.03e-06       4.72e-06       6.17e-06       7.63e-06       9.10e-06       1.06e-05       1.21e-05       1.35e-05       1.50e-05       1.73e-05       2.03e-05       2.33e-05       2.72e-05       3.27e-05       3.27e-05       3.89e-05       4.50e-05       5.26e-05       5.56e-05       5.92e-05       6.34e-05       6.89e-05       7.56e-05       7.98e-05
  8.6
   -7.9600   -7.9590   -7.9580   -7.9560   -7.9550   -7.9520   -7.9510   -7.9490   -7.9490   -7.9480   -7.9450   -7.9410   -7.9340   -7.9250   -7.9190   -7.9090   -7.8660   -7.8220   -7.7050   -5.0720   -4.9980   -4.9380   -4.8110   -4.7470   -4.5150   -4.2450
       1.78e-06       3.54e-06       5.33e-06       7.08e-06       8.88e-06       1.07e-05       1.24e-05       1.57e-05       1.57e-05       1.65e-05       1.83e-05       2.11e-05       2.48e-05       2.85e-05       2.96e-05       3.43e-05       3.99e-05       4.74e-05       5.67e-05       6.04e-05       6.78e-05       7.22e-05       7.73e-05       8.39e-05       9.20e-05       9.72e-05
 8.65
   -7.9150   -7.9140   -7.9120   -7.9030   -7.8880   -7.8570   -7.8100   -7.6770   -4.9200   -4.8680   -4.7300   -4.6540   -4.6180   -4.5800   -4.5400   -4.3120   -4.0380
       2.57e-06       7.70e-06       1.04e-05       1.58e-05       2.41e-05       3.54e-05       4.70e-05       5.90e-05       6.49e-05       7.41e-05       7.88e-05       8.17e-05       8.35e-05       8.53e-05       9.10e-05       9.94e-05       1.06e-04
  8.7
   -7.8790   -7.8720   -7.8670   -7.8500   -7.8300   -7.7890   -7.7420   -7.6070   -4.7800   -4.7600   -4.6290   -4.5250   -4.4780   -4.4290   -4.3800   -4.0910   -3.7710
       2.70e-06       5.48e-06       1.09e-05       1.66e-05       2.53e-05       3.72e-05       4.95e-05       6.21e-05       6.90e-05       7.86e-05       8.46e-05       8.83e-05       9.07e-05       9.30e-05       1.00e-04       1.11e-04       1.20e-04
 8.75
   -7.8440   -7.8320   -7.8210   -7.7970   -7.7720   -7.7220   -7.6680   -6.3260   -4.6710   -4.6670   -4.5290   -4.3960   -4.3390   -4.2780   -4.2190   -3.8690   -3.5020
       2.85e-06       5.75e-06       1.14e-05       1.74e-05       2.66e-05       3.92e-05       5.21e-05       6.53e-05       7.32e-05       8.34e-05       9.09e-05       9.55e-05       9.85e-05       1.01e-04       1.10e-04       1.24e-04       1.35e-04
  8.8
   -7.8080   -7.7920   -7.7740   -7.7440   -7.7130   -7.6550   -7.5930   -6.1740   -4.6410   -4.5220   -4.4290   -4.2680   -4.2000   -4.1280   -4.0580   -3.6460   -3.2300
       2.99e-06       6.04e-06       1.20e-05       1.83e-05       2.80e-05       4.12e-05       5.48e-05       6.88e-05       7.94e-05       8.85e-05       9.76e-05       1.03e-04       1.07e-04       1.10e-04       1.21e-04       1.38e-04       1.51e-04
 8.85
   -7.7620   -7.7460   -7.7210   -7.6800   -7.6410   -7.6020   -7.5620   -7.5200   -5.2490   -4.4210   -4.4160   -4.1650   -4.0670   -3.9690   -3.8680   -3.5110   -3.0120
       4.88e-06       8.46e-06       1.42e-05       2.20e-05       3.00e-05       3.82e-05       4.68e-05       6.01e-05       7.86e-05       8.86e-05       1.03e-04       1.11e-04       1.16e-04       1.21e-04       1.32e-04       1.50e-04       1.68e-04
  8.9
   -7.7030   -7.6930   -7.6700   -7.6260   -7.5850   -7.5430   -7.4990   -7.4510   -4.8480   -4.3930   -4.2610   -4.0090   -3.9030   -3.7930   -3.6820   -3.2970   -2.7830
       4.55e-06       7.90e-06       1.33e-05       2.05e-05       2.80e-05       3.57e-05       4.36e-05       5.61e-05       7.33e-05       8.72e-05       9.75e-05       1.05e-04       1.11e-04       1.16e-04       1.27e-04       1.46e-04       1.64e-04
 8.95
   -7.6440   -7.6410   -7.6190   -7.5730   -7.5280   -7.4840   -7.4360   -6.3810   -4.5690   -4.3030   -4.0800   -3.8520   -3.7380   -3.6170   -3.4950   -3.0820   -2.5540
       4.17e-06       7.24e-06       1.21e-05       1.88e-05       2.56e-05       3.27e-05       4.00e-05       5.14e-05       6.72e-05       8.05e-05       9.11e-05       9.92e-05       1.05e-04       1.10e-04       1.21e-04       1.41e-04       1.59e-04
  9.0
   -7.6110   -7.6040   -7.5680   -7.5190   -7.4700   -7.4180   -7.3610   -5.4120   -4.2500   -4.2380   -4.0030   -3.9110   -3.8130   -3.7080   -3.5960   -3.3490   -2.9180   -2.4490
       3.66e-06       6.62e-06       1.18e-05       1.81e-05       2.47e-05       3.17e-05       3.90e-05       5.06e-05       6.27e-05       7.14e-05       7.83e-05       8.31e-05       8.80e-05       9.31e-05       1.01e-04       1.15e-04       1.34e-04       1.54e-04
 9.05
   -7.6200   -7.5930   -7.5440   -7.4950   -7.4470   -7.3960   -7.3390   -5.7650   -4.2200   -4.1890   -3.9980   -3.8940   -3.7820   -3.6650   -3.5380   -3.2770   -2.8270   -2.3650
       3.11e-06       5.62e-06       9.98e-06       1.54e-05       2.10e-05       2.69e-05       3.31e-05       4.29e-05       5.14e-05       6.17e-05       6.92e-05       7.45e-05       7.99e-05       8.54e-05       9.40e-05       1.10e-04       1.30e-04       1.52e-04
  9.1
   -7.5980   -7.5550   -7.5000   -7.4600   -7.4200   -7.3780   -7.3760   -7.2790   -4.5310   -4.1980   -4.1320   -3.9610   -3.8330   -3.6970   -3.4010   -2.9130   -2.4180
       1.70e-06       4.42e-06       8.08e-06       1.19e-05       1.60e-05       2.25e-05       2.49e-05       3.42e-05       4.44e-05       5.28e-05       5.90e-05       6.55e-05       7.21e-05       8.26e-05       1.02e-04       1.27e-04       1.57e-04
 9.15
   -7.5760   -7.5390   -7.5010   -7.4550   -7.4150   -7.3710   -7.3230   -5.8230   -4.1550   -4.0690   -3.9300   -3.7880   -3.6350   -3.4750   -3.1560   -2.6760   -2.6580   -2.0070   -1.2560
       2.17e-06       3.72e-06       6.21e-06       9.56e-06       1.31e-05       1.68e-05       2.28e-05       3.13e-05       4.07e-05       4.89e-05       5.59e-05       6.30e-05       7.04e-05       8.21e-05       1.02e-04       1.16e-04       1.87e-04       3.11e-04       3.65e-04
  9.2
   -7.4620   -7.4080   -7.3600   -7.3090   -7.2540   -7.0600   -5.5180   -4.2980   -4.1510   -4.1460   -3.9900   -3.8010   -3.6110   -3.1860   -2.7350   -2.1940
       2.88e-06       5.95e-06       9.21e-06       1.27e-05       1.83e-05       2.10e-05       2.30e-05       3.13e-05       3.80e-05       4.28e-05       4.92e-05       5.73e-05       7.00e-05       8.70e-05       1.06e-04       1.16e-04
 9.25
   -7.4040   -7.3270   -7.3250   -6.2860   -5.2550   -4.5100   -4.1690   -4.1450   -3.9890   -3.8390   -3.6260   -3.4030   -2.9290
       2.53e-06       4.90e-06       9.10e-06       1.53e-05       1.69e-05       2.06e-05       2.56e-05       2.95e-05       3.37e-05       3.91e-05       4.60e-05       5.64e-05       7.15e-05
  9.3
   -7.3620   -7.3420   -7.2420   -5.5220   -4.4530   -4.3990   -4.2120   -4.0230   -3.8630   -3.7020   -3.5180   -3.3340   -2.9380
       2.44e-06       4.72e-06       8.77e-06       1.03e-05       1.52e-05       2.11e-05       2.47e-05       2.84e-05       3.24e-05       3.69e-05       4.19e-05       4.94e-05       6.03e-05
 9.35
   -7.4230   -7.3540   -5.3100   -4.5460   -4.2600   -4.0610   -3.9000   -3.7070   -3.5200   -3.3380   -2.9730
       1.71e-06       5.41e-06       1.09e-05       1.54e-05       1.87e-05       2.23e-05       2.61e-05       3.00e-05       3.40e-05       3.97e-05       4.81e-05
  9.4
   -7.0070   -6.8720   -4.4940   -4.2970   -4.0920   -3.9290   -3.7430   -3.3300   -2.9850
       3.52e-06       8.64e-06       1.29e-05       1.61e-05       1.94e-05       2.30e-05       2.89e-05       3.63e-05       4.37e-05
 9.45
   -7.4430   -5.0540   -4.3650   -4.1870   -4.0080   -3.8570   -3.6850   -3.3280   -3.0670
       3.02e-06       7.41e-06       1.11e-05       1.38e-05       1.67e-05       1.97e-05       2.48e-05       3.10e-05       3.70e-05
  9.5
   -5.9100   -5.8470   -4.8770   -4.3520   -4.1680   -3.9720   -3.8120   -3.6300   -3.2660
       9.56e-07       1.84e-06       4.65e-06       7.75e-06       1.01e-05       1.26e-05       1.52e-05       1.96e-05       2.46e-05
 9.55
   -5.5230   -5.4710   -4.7120   -4.2690   -4.0790   -3.8850   -3.7150   -3.5150   -3.1490
       8.24e-07       1.71e-06       4.29e-06       7.15e-06       9.29e-06       1.16e-05       1.41e-05       1.81e-05       2.25e-05
 9.65
   -5.4780   -4.2850   -4.0910   -3.8900   -3.5400   -3.1760   -2.9840
       2.06e-06       4.24e-06       5.87e-06       8.64e-06       1.28e-05       1.62e-05       1.87e-05
  9.7
   -4.5330   -4.3800   -3.7520   -3.2820   -2.8440
       1.27e-06       4.19e-06       8.55e-06       1.33e-05       1.78e-05
 9.75
   -4.6000   -4.1310   -3.5960   -3.1200   -2.6630
       1.24e-06       4.13e-06       8.45e-06       1.32e-05       1.65e-05
  9.8
   -3.9960   -3.7340   -3.3630   -2.7990   -2.5280
       3.05e-06       4.04e-06       8.83e-06       1.26e-05       1.41e-05
  9.9
   -4.1240   -3.7970   -3.2220   -2.6880   -2.4320
       8.01e-07       3.26e-06       7.12e-06       1.01e-05       1.14e-05
 9.95
   -3.7490   -3.3110   -2.8870   -2.4080
       1.90e-06       4.82e-06       8.07e-06       1.00e-05
 10.0
   -3.6480   -3.2370   -2.8380   -2.3870
       1.71e-06       4.35e-06       7.28e-06       9.00e-06
10.05
   -3.4430   -3.2410   -2.6680   -2.3830
       1.36e-06       3.99e-06       6.96e-06       7.98e-06
10.15
   -3.1450   -3.1200   -2.7050   -2.5060
       1.03e-06       3.00e-06       5.22e-06       5.98e-06
