  7.6
   -8.1610   -8.1570   -8.1550   -8.1510   -8.1480   -8.1450   -8.1410   -8.1380   -8.1350   -8.1320   -8.1290   -8.1260   -8.1220   -8.1190   -8.1160   -8.1130   -8.1100   -8.1060   -8.1030   -8.1000   -8.0970   -8.0940   -8.0910   -8.0870   -8.0850   -8.0820   -8.0780   -8.0750   -8.0720   -8.0700   -8.0660   -8.0630   -8.0600   -8.0580   -8.0550   -8.0510   -8.0480   -8.0450   -8.0430   -8.0390   -8.0370   -8.0330   -8.0310   -8.0280   -8.0250   -8.0220   -8.0190   -8.0160   -8.0130   -8.0100   -7.9720
       3.95e-08       1.18e-07       1.97e-07       2.76e-07       3.55e-07       4.34e-07       5.13e-07       5.92e-07       6.71e-07       7.50e-07       8.29e-07       9.08e-07       9.87e-07       1.07e-06       1.15e-06       1.22e-06       1.30e-06       1.38e-06       1.46e-06       1.54e-06       1.62e-06       1.70e-06       1.78e-06       1.86e-06       1.94e-06       2.01e-06       2.09e-06       2.17e-06       2.25e-06       2.33e-06       2.41e-06       2.49e-06       2.57e-06       2.65e-06       2.73e-06       2.80e-06       2.88e-06       2.96e-06       3.04e-06       3.12e-06       3.20e-06       3.28e-06       3.36e-06       3.44e-06       3.52e-06       3.59e-06       3.67e-06       3.75e-06       3.83e-06       4.42e-06       5.64e-06
  7.7
   -8.3190   -8.3120   -8.3040   -8.2960   -8.2880   -8.2800   -8.2730   -8.2660   -8.2610   -8.2540   -8.2490   -8.2450   -8.2400   -8.2370   -8.2340   -8.2310   -8.2290   -8.2290   -8.2280   -8.2280   -8.2280   -8.2280   -8.2270   -8.2260   -8.2240   -8.2220   -8.2190   -8.2160   -8.2110   -8.2070   -8.2020   -8.1960   -8.1900   -8.1830   -8.1760   -8.1680   -8.1600   -8.1520   -8.1430   -8.1330   -8.1230   -8.1110   -8.1000   -8.0860   -8.0730   -8.0590   -8.0430   -8.0260   -8.0060   -7.9870
       5.32e-08       1.60e-07       2.66e-07       3.73e-07       4.79e-07       5.85e-07       6.92e-07       7.98e-07       9.05e-07       1.01e-06       1.12e-06       1.22e-06       1.33e-06       1.44e-06       1.54e-06       1.65e-06       1.86e-06       1.86e-06       2.29e-06       2.29e-06       2.29e-06       2.29e-06       2.40e-06       2.50e-06       2.61e-06       2.71e-06       2.82e-06       2.93e-06       3.03e-06       3.14e-06       3.25e-06       3.35e-06       3.46e-06       3.57e-06       3.67e-06       3.78e-06       3.89e-06       3.99e-06       4.10e-06       4.21e-06       4.31e-06       4.42e-06       4.52e-06       4.63e-06       4.74e-06       4.84e-06       4.95e-06       5.06e-06       5.16e-06       5.94e-06
 7.85
  -12.1150  -12.1120  -12.1060  -12.1030  -12.0970  -12.0900  -12.0800  -12.0660  -12.0470  -12.0210  -12.0000  -11.9810  -11.9080  -11.8670  -11.8510  -11.8490  -11.8120  -11.8100  -11.7790  -10.3730  -10.3680  -10.3610  -10.3530  -10.3440  -10.3350  -10.3240  -10.3130  -10.3000  -10.2860  -10.2710  -10.2540  -10.2350  -10.2140  -10.1900  -10.1640  -10.1330  -10.0930  -10.0430   -9.9850   -9.9170   -9.8370   -9.7410   -9.6270   -9.4920   -9.3330   -8.8600   -8.6760
       5.01e-07       1.50e-06       2.51e-06       3.51e-06       4.52e-06       5.52e-06       6.52e-06       7.53e-06       8.53e-06       9.53e-06       1.05e-05       1.15e-05       1.25e-05       1.35e-05       1.45e-05       1.55e-05       1.65e-05       1.76e-05       1.86e-05       1.96e-05       2.06e-05       2.16e-05       2.26e-05       2.36e-05       2.46e-05       2.56e-05       2.66e-05       2.76e-05       2.86e-05       2.96e-05       3.06e-05       3.16e-05       3.26e-05       3.36e-05       3.46e-05       3.56e-05       3.66e-05       3.76e-05       3.86e-05       3.97e-05       4.07e-05       4.17e-05       4.27e-05       4.37e-05       4.47e-05       4.57e-05       4.67e-05
  7.9
  -12.0920  -12.0140  -12.0080  -11.9970  -11.9790  -11.9440  -11.9440  -11.9040  -11.8540  -11.8400  -11.8130  -11.8110  -11.7740  -10.2920  -10.2860  -10.2800  -10.2710  -10.2630  -10.2530  -10.2430  -10.2320  -10.2210  -10.2100  -10.1980  -10.1860  -10.1730  -10.1600  -10.1470  -10.1330  -10.1180  -10.1020  -10.0850  -10.0660  -10.0460  -10.0230   -9.9930   -9.9590   -9.9180   -9.8710   -9.8150   -9.7480   -9.6680   -9.5730   -9.4570   -9.3180   -8.8650   -8.6820   -8.4870   -8.2890
       5.51e-07       1.65e-06       2.76e-06       3.86e-06       4.96e-06       7.16e-06       7.16e-06       8.27e-06       9.37e-06       1.05e-05       1.16e-05       1.27e-05       1.38e-05       1.49e-05       1.60e-05       1.71e-05       1.82e-05       1.93e-05       2.04e-05       2.15e-05       2.26e-05       2.37e-05       2.48e-05       2.59e-05       2.70e-05       2.81e-05       2.92e-05       3.03e-05       3.14e-05       3.25e-05       3.36e-05       3.47e-05       3.59e-05       3.70e-05       3.81e-05       3.92e-05       4.03e-05       4.14e-05       4.25e-05       4.36e-05       4.47e-05       4.58e-05       4.69e-05       4.80e-05       4.91e-05       5.02e-05       5.13e-05       5.24e-05       5.35e-05
 7.95
  -12.0610  -11.9560  -11.9540  -11.9470  -11.9320  -11.8940  -11.8830  -11.8200  -11.8200  -11.7860  -11.7670  -10.2280  -10.2170  -10.2050  -10.1930  -10.1800  -10.1670  -10.1540  -10.1400  -10.1260  -10.1120  -10.0990  -10.0850  -10.0710  -10.0570  -10.0430  -10.0280  -10.0140   -9.9990   -9.9840   -9.9680   -9.9520   -9.9350   -9.9140   -9.8900   -9.8630   -9.8330   -9.7990   -9.7590   -9.7120   -9.6560   -9.5890   -9.5070   -9.4080   -9.2860   -9.1370   -8.6730   -8.4920   -8.2780
       5.85e-07       1.76e-06       2.93e-06       4.10e-06       5.27e-06       6.44e-06       7.61e-06       9.95e-06       9.95e-06       1.11e-05       1.23e-05       1.35e-05       1.46e-05       1.58e-05       1.70e-05       1.82e-05       1.93e-05       2.05e-05       2.17e-05       2.28e-05       2.40e-05       2.52e-05       2.64e-05       2.75e-05       2.87e-05       2.99e-05       3.11e-05       3.22e-05       3.34e-05       3.46e-05       3.57e-05       3.69e-05       3.81e-05       3.93e-05       4.04e-05       4.16e-05       4.28e-05       4.40e-05       4.51e-05       4.63e-05       4.75e-05       4.87e-05       4.98e-05       5.10e-05       5.22e-05       5.34e-05       5.45e-05       5.57e-05       5.69e-05
  8.0
  -12.0140  -11.8840  -11.8780  -11.8590  -11.8150  -11.8090  -11.7800  -11.7780  -11.7390  -10.1660  -10.1540  -10.1410  -10.1270  -10.1120  -10.0970  -10.0820  -10.0660  -10.0510  -10.0360  -10.0200  -10.0050   -9.9900   -9.9750   -9.9600   -9.9450   -9.9290   -9.9140   -9.8990   -9.8840   -9.8680   -9.8520   -9.8350   -9.8150   -9.7940   -9.7710   -9.7460   -9.7180   -9.6870   -9.6510   -9.6100   -9.5610   -9.5020   -9.4310   -9.3440   -9.2380   -9.1060   -8.6550   -8.4850   -8.2870
       6.22e-07       1.87e-06       3.11e-06       4.36e-06       5.60e-06       6.85e-06       8.09e-06       9.34e-06       1.06e-05       1.18e-05       1.31e-05       1.43e-05       1.56e-05       1.68e-05       1.81e-05       1.93e-05       2.05e-05       2.18e-05       2.30e-05       2.43e-05       2.55e-05       2.68e-05       2.80e-05       2.93e-05       3.05e-05       3.18e-05       3.30e-05       3.43e-05       3.55e-05       3.68e-05       3.80e-05       3.93e-05       4.05e-05       4.18e-05       4.30e-05       4.42e-05       4.55e-05       4.67e-05       4.80e-05       4.92e-05       5.05e-05       5.17e-05       5.30e-05       5.42e-05       5.55e-05       5.67e-05       5.80e-05       5.92e-05       6.05e-05
  8.3
  -11.6300  -11.5390  -11.5030  -11.4950  -11.4840   -9.8340   -9.7990   -9.7720   -9.7490   -9.7240   -9.7020   -9.6820   -9.6630   -9.6450   -9.6260   -9.6070   -9.5890   -9.5710   -9.5530   -9.5360   -9.5180   -9.5000   -9.4830   -9.4660   -9.4490   -9.4320   -9.4150   -9.3980   -9.3820   -9.3650   -9.3470   -9.3260   -9.3050   -9.2820   -9.2590   -9.2340   -9.2070   -9.1780   -9.1460   -9.1090   -9.0670   -9.0190   -8.9600   -8.8920   -8.8090   -8.7100   -8.5900   -8.1580   -8.0020   -7.7220
       1.35e-06       2.53e-06       3.71e-06       4.89e-06       6.08e-06       7.26e-06       8.44e-06       9.62e-06       1.08e-05       1.20e-05       1.32e-05       1.44e-05       1.55e-05       1.67e-05       1.79e-05       1.91e-05       2.03e-05       2.15e-05       2.26e-05       2.38e-05       2.50e-05       2.62e-05       2.74e-05       2.86e-05       2.97e-05       3.09e-05       3.21e-05       3.33e-05       3.45e-05       3.57e-05       3.68e-05       3.80e-05       3.92e-05       4.04e-05       4.16e-05       4.28e-05       4.40e-05       4.51e-05       4.63e-05       4.75e-05       4.87e-05       4.99e-05       5.11e-05       5.23e-05       5.34e-05       5.46e-05       5.58e-05       5.70e-05       5.82e-05       6.11e-05
  8.4
  -11.4780  -11.4120  -11.3760  -11.3760   -9.8000   -9.7240   -9.6820   -9.6510   -9.6250   -9.6040   -9.5810   -9.5580   -9.5380   -9.5200   -9.5020   -9.4840   -9.4660   -9.4490   -9.4310   -9.4140   -9.3970   -9.3800   -9.3630   -9.3460   -9.3290   -9.3130   -9.2960   -9.2790   -9.2620   -9.2450   -9.2270   -9.2090   -9.1880   -9.1640   -9.1400   -9.1140   -9.0850   -9.0550   -9.0200   -8.9810   -8.9370   -8.8870   -8.8290   -8.7600   -8.6800   -8.5850   -8.4750   -8.0550   -7.9150   -7.5660
       1.31e-06       2.48e-06       4.80e-06       4.80e-06       5.97e-06       7.13e-06       8.29e-06       9.46e-06       1.06e-05       1.18e-05       1.29e-05       1.41e-05       1.53e-05       1.64e-05       1.76e-05       1.88e-05       1.99e-05       2.11e-05       2.23e-05       2.34e-05       2.46e-05       2.57e-05       2.69e-05       2.81e-05       2.92e-05       3.04e-05       3.16e-05       3.27e-05       3.39e-05       3.51e-05       3.62e-05       3.74e-05       3.86e-05       3.97e-05       4.09e-05       4.21e-05       4.32e-05       4.44e-05       4.56e-05       4.67e-05       4.79e-05       4.90e-05       5.02e-05       5.14e-05       5.25e-05       5.37e-05       5.49e-05       5.60e-05       5.72e-05       6.05e-05
  8.6
  -11.2310  -11.1150  -11.1010   -9.7350   -9.5460   -9.4590   -9.4040   -9.3650   -9.3330   -9.3060   -9.2810   -9.2590   -9.2360   -9.2120   -9.1900   -9.1700   -9.1500   -9.1310   -9.1110   -9.0910   -9.0710   -9.0510   -9.0310   -9.0100   -8.9880   -8.9660   -8.9430   -8.9200   -8.8950   -8.8680   -8.8400   -8.8080   -8.7700   -8.7280   -8.6830   -8.6330   -8.5780   -8.5170   -8.4500   -8.3750   -8.2920   -8.1990   -8.0960   -7.6930   -7.5790   -7.4790   -7.4060   -7.3320   -7.2590   -7.1850
       1.33e-06       2.61e-06       3.89e-06       5.17e-06       6.45e-06       7.73e-06       9.00e-06       1.03e-05       1.16e-05       1.28e-05       1.41e-05       1.54e-05       1.67e-05       1.80e-05       1.92e-05       2.05e-05       2.18e-05       2.31e-05       2.44e-05       2.56e-05       2.69e-05       2.82e-05       2.95e-05       3.07e-05       3.20e-05       3.33e-05       3.46e-05       3.59e-05       3.71e-05       3.84e-05       3.97e-05       4.10e-05       4.23e-05       4.35e-05       4.48e-05       4.61e-05       4.74e-05       4.87e-05       4.99e-05       5.12e-05       5.25e-05       5.38e-05       5.51e-05       5.64e-05       5.76e-05       5.89e-05       6.02e-05       6.15e-05       6.28e-05       6.67e-05
 8.65
  -11.1600  -11.0420   -9.8850   -9.5580   -9.4320   -9.3630   -9.3190   -9.2830   -9.2520   -9.2250   -9.2020   -9.1790   -9.1550   -9.1300   -9.1080   -9.0870   -9.0670   -9.0460   -9.0250   -9.0030   -8.9810   -8.9590   -8.9360   -8.9120   -8.8880   -8.8620   -8.8350   -8.8070   -8.7770   -8.7460   -8.7130   -8.6700   -8.6230   -8.5720   -8.5180   -8.4580   -8.3930   -8.3210   -8.2430   -8.1570   -8.0630   -7.9590   -7.5530
       1.28e-06       2.53e-06       3.77e-06       5.02e-06       6.26e-06       7.51e-06       8.75e-06       9.99e-06       1.12e-05       1.25e-05       1.37e-05       1.50e-05       1.62e-05       1.75e-05       1.87e-05       2.00e-05       2.12e-05       2.24e-05       2.37e-05       2.49e-05       2.62e-05       2.74e-05       2.87e-05       2.99e-05       3.12e-05       3.24e-05       3.37e-05       3.49e-05       3.61e-05       3.74e-05       3.86e-05       3.99e-05       4.11e-05       4.24e-05       4.36e-05       4.49e-05       4.61e-05       4.74e-05       4.86e-05       4.99e-05       5.11e-05       5.23e-05       5.36e-05
  8.7
  -11.0940  -10.9750   -9.7640   -9.4760   -9.3590   -9.2900   -9.2450   -9.2100   -9.1800   -9.1530   -9.1300   -9.1050   -9.0790   -9.0550   -9.0330   -9.0110   -8.9880   -8.9660   -8.9430   -8.9190   -8.8940   -8.8690   -8.8430   -8.8170   -8.7890   -8.7590   -8.7280   -8.6960   -8.6610   -8.6250   -8.5810   -8.5310   -8.4770   -8.4190   -8.3570   -8.2890   -8.2160   -8.1360   -8.0500   -7.9560   -7.8550   -7.4510
       1.34e-06       2.66e-06       3.99e-06       5.31e-06       6.64e-06       7.96e-06       9.29e-06       1.06e-05       1.19e-05       1.33e-05       1.46e-05       1.59e-05       1.72e-05       1.86e-05       1.99e-05       2.12e-05       2.25e-05       2.39e-05       2.52e-05       2.65e-05       2.79e-05       2.92e-05       3.05e-05       3.18e-05       3.32e-05       3.45e-05       3.58e-05       3.71e-05       3.85e-05       3.98e-05       4.11e-05       4.24e-05       4.38e-05       4.51e-05       4.64e-05       4.77e-05       4.91e-05       5.04e-05       5.17e-05       5.31e-05       5.44e-05       5.57e-05
 8.85
  -10.8560  -10.7280   -9.3560   -9.1770   -9.0880   -9.0290   -8.9820   -8.9400   -8.9030   -8.8720   -8.8400   -8.8100   -8.7820   -8.7530   -8.7240   -8.6940   -8.6620   -8.6300   -8.5960   -8.5610   -8.5250   -8.4880   -8.4480   -8.4080   -8.3650   -8.3200   -8.2740   -8.2150   -8.1530   -8.0870   -8.0180   -7.9460   -7.8690   -7.7880   -7.7030   -7.6130   -7.5170   -7.1260   -7.0340   -6.9440   -6.8520   -6.7560   -6.6530   -6.5490   -6.4450   -6.3430   -6.2420   -6.1400   -6.0380   -5.9360   -5.5640   -5.3250   -5.1340
       2.05e-06       4.09e-06       6.13e-06       8.17e-06       1.02e-05       1.23e-05       1.43e-05       1.63e-05       1.84e-05       2.04e-05       2.25e-05       2.45e-05       2.66e-05       2.86e-05       3.06e-05       3.27e-05       3.47e-05       3.68e-05       3.88e-05       4.09e-05       4.29e-05       4.50e-05       4.70e-05       4.90e-05       5.11e-05       5.31e-05       5.52e-05       5.72e-05       5.93e-05       6.13e-05       6.34e-05       6.54e-05       6.74e-05       6.95e-05       7.15e-05       7.36e-05       7.56e-05       7.77e-05       7.97e-05       8.18e-05       8.38e-05       8.59e-05       8.79e-05       9.00e-05       9.20e-05       9.41e-05       9.61e-05       9.81e-05       1.00e-04       1.07e-04       1.20e-04       1.35e-04       1.49e-04
  8.9
  -10.7800  -10.6710   -9.3090   -9.1220   -9.0290   -8.9670   -8.9180   -8.8750   -8.8400   -8.8120   -8.7800   -8.7490   -8.7210   -8.6920   -8.6620   -8.6320   -8.6000   -8.5680   -8.5340   -8.4990   -8.4630   -8.4250   -8.3860   -8.3450   -8.3020   -8.2580   -8.2080   -8.1490   -8.0880   -8.0230   -7.9560   -7.8840   -7.8100   -7.7310   -7.6490   -7.5630   -7.4730   -7.0860   -7.0000   -6.9170   -6.8330   -6.7340   -6.6350   -6.5370   -6.4390   -6.3400   -6.2430   -6.1460   -6.0500   -5.9520   -5.5710
       1.36e-06       2.68e-06       4.00e-06       5.32e-06       6.65e-06       7.97e-06       9.29e-06       1.06e-05       1.19e-05       1.32e-05       1.46e-05       1.59e-05       1.72e-05       1.85e-05       1.99e-05       2.12e-05       2.25e-05       2.38e-05       2.51e-05       2.65e-05       2.78e-05       2.91e-05       3.04e-05       3.17e-05       3.31e-05       3.44e-05       3.57e-05       3.70e-05       3.84e-05       3.97e-05       4.10e-05       4.23e-05       4.36e-05       4.50e-05       4.63e-05       4.76e-05       4.89e-05       5.03e-05       5.16e-05       5.29e-05       5.42e-05       5.55e-05       5.69e-05       5.82e-05       5.95e-05       6.08e-05       6.22e-05       6.35e-05       6.48e-05       6.96e-05       7.89e-05
 8.95
  -10.7400  -10.6380   -9.2910   -9.0870   -8.9890   -8.9240   -8.8730   -8.8310   -8.7980   -8.7690   -8.7350   -8.7030   -8.6730   -8.6430   -8.6120   -8.5790   -8.5460   -8.5110   -8.4750   -8.4380   -8.4000   -8.3600   -8.3180   -8.2750   -8.2300   -8.1770   -8.1190   -8.0570   -7.9940   -7.9270   -7.8580   -7.7850   -7.7100   -7.6320   -7.5500   -7.4660   -7.0910   -7.0050   -6.9290   -6.8420   -6.7480   -6.6540   -6.5600   -6.4650   -6.3710   -6.2770   -6.1830
       1.09e-06       2.18e-06       3.26e-06       4.34e-06       5.42e-06       6.50e-06       7.58e-06       8.66e-06       9.74e-06       1.08e-05       1.19e-05       1.30e-05       1.41e-05       1.51e-05       1.62e-05       1.73e-05       1.84e-05       1.95e-05       2.05e-05       2.16e-05       2.27e-05       2.38e-05       2.49e-05       2.59e-05       2.70e-05       2.81e-05       2.92e-05       3.03e-05       3.13e-05       3.24e-05       3.35e-05       3.46e-05       3.57e-05       3.68e-05       3.78e-05       3.89e-05       4.00e-05       4.11e-05       4.22e-05       4.32e-05       4.43e-05       4.54e-05       4.65e-05       4.76e-05       4.86e-05       4.97e-05       5.08e-05
  9.0
  -10.6900  -10.5950   -9.2280   -9.0320   -8.9350   -8.8710   -8.8190   -8.7780   -8.7460   -8.7150   -8.6790   -8.6470   -8.6160   -8.5840   -8.5510   -8.5180   -8.4830   -8.4470   -8.4090   -8.3710   -8.3300   -8.2890   -8.2460   -8.2010   -8.1520   -8.0940   -8.0340   -7.9710   -7.9060   -7.8390   -7.7680   -7.6950   -7.6190   -7.5410   -7.4600   -7.3770   -7.0000   -6.9260   -6.8460   -6.7560   -6.6660   -6.5750   -6.4840   -6.3930   -6.3030   -6.2120
       9.96e-07       1.97e-06       2.94e-06       3.91e-06       4.88e-06       5.85e-06       6.82e-06       7.79e-06       8.76e-06       9.74e-06       1.07e-05       1.17e-05       1.26e-05       1.36e-05       1.46e-05       1.56e-05       1.65e-05       1.75e-05       1.85e-05       1.94e-05       2.04e-05       2.14e-05       2.24e-05       2.33e-05       2.43e-05       2.53e-05       2.62e-05       2.72e-05       2.82e-05       2.92e-05       3.01e-05       3.11e-05       3.21e-05       3.30e-05       3.40e-05       3.50e-05       3.60e-05       3.69e-05       3.79e-05       3.89e-05       3.99e-05       4.08e-05       4.18e-05       4.28e-05       4.37e-05       4.47e-05
  9.1
  -10.5410   -9.5110   -9.0210   -8.8700   -8.7880   -8.7290   -8.6790   -8.6340   -8.5970   -8.5600   -8.5260   -8.4940   -8.4600   -8.4260   -8.3910   -8.3540   -8.3170   -8.2780   -8.2380   -8.1970   -8.1540   -8.1100   -8.0650   -8.0180   -7.9650   -7.9040   -7.8410   -7.7750   -7.7070   -7.6370   -7.5630   -7.4880   -7.4100   -7.3290   -7.2460   -6.8740   -6.7850   -6.7100   -6.6340   -6.5520   -6.4700   -6.3870   -6.3030   -6.2200   -6.1370   -6.0540   -5.9720
       9.29e-07       1.84e-06       2.74e-06       3.65e-06       4.56e-06       5.47e-06       6.37e-06       7.28e-06       8.19e-06       9.10e-06       1.00e-05       1.09e-05       1.18e-05       1.27e-05       1.36e-05       1.45e-05       1.55e-05       1.64e-05       1.73e-05       1.82e-05       1.91e-05       2.00e-05       2.09e-05       2.18e-05       2.27e-05       2.36e-05       2.45e-05       2.54e-05       2.63e-05       2.73e-05       2.82e-05       2.91e-05       3.00e-05       3.09e-05       3.18e-05       3.27e-05       3.36e-05       3.45e-05       3.54e-05       3.63e-05       3.72e-05       3.82e-05       3.91e-05       4.00e-05       4.09e-05       4.18e-05       4.27e-05
  9.3
  -10.3520   -9.2360   -8.8220   -8.6790   -8.5940   -8.5310   -8.4860   -8.4480   -8.4080   -8.3680   -8.3330   -8.2960   -8.2590   -8.2210   -8.1820   -8.1420   -8.1010   -8.0590   -8.0170   -7.9730   -7.9280   -7.8800   -7.8230   -7.7660   -7.7050   -7.6450   -7.5820   -7.5180   -7.4520   -7.3850   -7.3170   -7.2470   -7.1760   -7.1040   -6.7400   -6.6750   -6.5970   -6.5160   -6.4360   -6.3550   -6.2750
       6.14e-07       1.21e-06       1.81e-06       2.41e-06       3.01e-06       3.61e-06       4.21e-06       4.81e-06       5.41e-06       6.01e-06       6.61e-06       7.21e-06       7.81e-06       8.41e-06       9.01e-06       9.60e-06       1.02e-05       1.08e-05       1.14e-05       1.20e-05       1.26e-05       1.32e-05       1.38e-05       1.44e-05       1.50e-05       1.56e-05       1.62e-05       1.68e-05       1.74e-05       1.80e-05       1.86e-05       1.92e-05       1.98e-05       2.04e-05       2.10e-05       2.16e-05       2.22e-05       2.28e-05       2.34e-05       2.40e-05       2.46e-05
 9.35
  -10.3160   -9.1140   -8.7590   -8.6230   -8.5410   -8.4850   -8.4410   -8.4020   -8.3620   -8.3210   -8.2850   -8.2480   -8.2100   -8.1720   -8.1320   -8.0910   -8.0500   -8.0080   -7.9640   -7.9200   -7.8750   -7.8200   -7.7630   -7.7050   -7.6450   -7.5840   -7.5220   -7.4580   -7.3930   -7.3270   -7.2590   -7.1920   -7.1220   -7.0530   -6.6910   -6.6160   -6.5370   -6.4590   -6.3810   -6.3020   -6.2230   -6.1450   -6.0670   -5.9880   -5.9090   -5.8310   -5.7520   -5.6760
       5.51e-07       1.09e-06       1.63e-06       2.17e-06       2.72e-06       3.26e-06       3.80e-06       4.34e-06       4.88e-06       5.42e-06       5.96e-06       6.50e-06       7.05e-06       7.59e-06       8.13e-06       8.67e-06       9.21e-06       9.75e-06       1.03e-05       1.08e-05       1.14e-05       1.19e-05       1.25e-05       1.30e-05       1.35e-05       1.41e-05       1.46e-05       1.52e-05       1.57e-05       1.62e-05       1.68e-05       1.73e-05       1.79e-05       1.84e-05       1.90e-05       1.95e-05       2.00e-05       2.06e-05       2.11e-05       2.17e-05       2.22e-05       2.27e-05       2.33e-05       2.38e-05       2.44e-05       2.49e-05       2.54e-05       2.60e-05
  9.4
  -10.2870   -9.0220   -8.7050   -8.5720   -8.4960   -8.4430   -8.3980   -8.3590   -8.3170   -8.2780   -8.2400   -8.2020   -8.1630   -8.1240   -8.0830   -8.0420   -8.0000   -7.9570   -7.9130   -7.8680   -7.8160   -7.7590   -7.7020   -7.6430   -7.5830   -7.5220   -7.4590   -7.3950   -7.3300   -7.2650   -7.1980   -7.1320   -7.0640   -6.7030   -6.6250   -6.5490   -6.4730   -6.3980   -6.3220   -6.2460   -6.1700   -6.0940   -6.0190   -5.9430   -5.8670   -5.7910
       5.10e-07       1.01e-06       1.51e-06       2.01e-06       2.51e-06       3.01e-06       3.52e-06       4.02e-06       4.52e-06       5.02e-06       5.52e-06       6.02e-06       6.52e-06       7.02e-06       7.52e-06       8.02e-06       8.52e-06       9.02e-06       9.52e-06       1.00e-05       1.05e-05       1.10e-05       1.15e-05       1.20e-05       1.25e-05       1.30e-05       1.35e-05       1.40e-05       1.45e-05       1.50e-05       1.55e-05       1.60e-05       1.65e-05       1.70e-05       1.75e-05       1.80e-05       1.85e-05       1.90e-05       1.95e-05       2.00e-05       2.05e-05       2.10e-05       2.15e-05       2.20e-05       2.25e-05       2.30e-05
 9.65
   -9.1930   -8.5870   -8.4020   -8.3090   -8.2470   -8.1960   -8.1530   -8.1110   -8.0670   -8.0280   -7.9890   -7.9500   -7.9100   -7.8680   -7.8270   -7.7850   -7.7420   -7.6990   -7.6460   -7.5930   -7.5380   -7.4830   -7.4270   -7.3710   -7.3140   -7.2550   -7.1980   -7.1390   -7.0790   -7.0200   -6.9580   -6.8870   -6.8140   -6.4520   -6.3770   -6.3100   -6.2430   -6.1760   -6.1090   -6.0420   -5.9750   -5.9080   -5.8400   -5.7730   -5.7060   -5.6390   -5.5720   -5.5050   -5.4370   -5.3720
       3.22e-07       6.37e-07       9.53e-07       1.27e-06       1.58e-06       1.90e-06       2.21e-06       2.53e-06       2.84e-06       3.16e-06       3.47e-06       3.79e-06       4.10e-06       4.42e-06       4.73e-06       5.05e-06       5.37e-06       5.68e-06       6.00e-06       6.31e-06       6.63e-06       6.94e-06       7.26e-06       7.57e-06       7.89e-06       8.20e-06       8.52e-06       8.83e-06       9.15e-06       9.46e-06       9.78e-06       1.01e-05       1.04e-05       1.07e-05       1.10e-05       1.14e-05       1.17e-05       1.20e-05       1.23e-05       1.26e-05       1.29e-05       1.32e-05       1.36e-05       1.39e-05       1.42e-05       1.45e-05       1.48e-05       1.51e-05       1.55e-05       1.70e-05
  9.7
   -9.0400   -8.5150   -8.3500   -8.2620   -8.2000   -8.1500   -8.1070   -8.0640   -8.0210   -7.9820   -7.9420   -7.9030   -7.8620   -7.8210   -7.7800   -7.7380   -7.6950   -7.6490   -7.5960   -7.5430   -7.4890   -7.4340   -7.3790   -7.3230   -7.2660   -7.2090   -7.1510   -7.0930   -7.0350   -6.9760   -6.9110   -6.8390   -6.7680   -6.4070   -6.3320   -6.2660   -6.2000   -6.1340   -6.0680   -6.0020   -5.9350   -5.8700   -5.8030   -5.7370   -5.6710   -5.6050   -5.5380   -5.4720   -5.4060   -5.3410   -5.0370   -4.7550
       3.07e-07       6.08e-07       9.08e-07       1.21e-06       1.51e-06       1.81e-06       2.11e-06       2.41e-06       2.71e-06       3.01e-06       3.31e-06       3.61e-06       3.91e-06       4.22e-06       4.52e-06       4.82e-06       5.12e-06       5.42e-06       5.72e-06       6.02e-06       6.32e-06       6.62e-06       6.92e-06       7.22e-06       7.52e-06       7.82e-06       8.12e-06       8.42e-06       8.72e-06       9.03e-06       9.33e-06       9.63e-06       9.93e-06       1.02e-05       1.05e-05       1.08e-05       1.11e-05       1.14e-05       1.17e-05       1.20e-05       1.23e-05       1.26e-05       1.29e-05       1.32e-05       1.35e-05       1.38e-05       1.41e-05       1.44e-05       1.47e-05       1.62e-05       1.92e-05       2.24e-05
  9.9
   -8.4480   -8.2510   -8.1460   -8.0760   -8.0230   -7.9770   -7.9370   -7.8990   -7.8580   -7.8230   -7.7880   -7.7520   -7.7170   -7.6810   -7.6440   -7.6080   -7.5690   -7.5250   -7.4810   -7.4360   -7.3910   -7.3450   -7.3000   -7.2530   -7.2070   -7.1610   -7.1140   -7.0670   -7.0210   -6.9610   -6.8850   -6.8090   -6.7310   -6.6550   -6.5780   -6.2080   -6.1310   -6.0590   -5.9880   -5.9170   -5.8450   -5.7730   -5.7010   -5.6300   -5.5590   -5.4860   -5.4150   -5.3430   -5.2710   -5.2010
       2.01e-07       4.01e-07       6.00e-07       8.00e-07       1.00e-06       1.20e-06       1.40e-06       1.60e-06       1.80e-06       2.00e-06       2.20e-06       2.40e-06       2.60e-06       2.80e-06       3.00e-06       3.20e-06       3.40e-06       3.60e-06       3.80e-06       4.00e-06       4.20e-06       4.40e-06       4.60e-06       4.80e-06       5.00e-06       5.20e-06       5.40e-06       5.60e-06       5.80e-06       6.00e-06       6.20e-06       6.40e-06       6.60e-06       6.80e-06       7.00e-06       7.20e-06       7.40e-06       7.60e-06       7.80e-06       7.99e-06       8.19e-06       8.39e-06       8.60e-06       8.80e-06       9.00e-06       9.19e-06       9.39e-06       9.59e-06       9.79e-06       1.09e-05
 9.95
   -8.3400   -8.1950   -8.1020   -8.0370   -7.9860   -7.9430   -7.9030   -7.8690   -7.8310   -7.7960   -7.7630   -7.7300   -7.6960   -7.6620   -7.6290   -7.5950   -7.5580   -7.5180   -7.4770   -7.4360   -7.3950   -7.3540   -7.3120   -7.2710   -7.2300   -7.1870   -7.1450
       1.76e-07       3.47e-07       5.17e-07       6.88e-07       8.58e-07       1.03e-06       1.20e-06       1.37e-06       1.54e-06       1.71e-06       1.88e-06       2.05e-06       2.22e-06       2.39e-06       2.56e-06       2.73e-06       2.90e-06       3.07e-06       3.24e-06       3.41e-06       3.58e-06       3.75e-06       3.92e-06       4.09e-06       4.26e-06       4.44e-06       4.61e-06
 10.0
   -8.0940   -8.0200   -7.9630   -7.9160   -7.8740   -7.8380   -7.8000   -7.7620   -7.7280   -7.6940   -7.6580   -7.6240   -7.5890   -7.5550   -7.5180   -7.4750   -7.4330   -7.3910   -7.3480   -7.3050   -7.2610   -7.2180   -7.1740   -7.1300   -7.0860   -7.0420   -6.9970   -6.9530   -6.9080   -6.8630   -6.8160   -6.7370   -6.6570
       1.78e-07       3.52e-07       5.26e-07       7.01e-07       8.77e-07       1.05e-06       1.22e-06       1.40e-06       1.57e-06       1.75e-06       1.92e-06       2.10e-06       2.27e-06       2.45e-06       2.62e-06       2.79e-06       2.97e-06       3.14e-06       3.32e-06       3.49e-06       3.67e-06       3.84e-06       4.01e-06       4.19e-06       4.36e-06       4.54e-06       4.71e-06       4.89e-06       5.06e-06       5.24e-06       5.41e-06       5.58e-06       5.76e-06
10.15
   -7.5330   -7.5030   -7.4710   -7.4360   -7.4000   -7.3630   -7.3250   -7.2860   -7.2460   -7.2060   -7.1650   -7.1220   -7.0800   -7.0370   -6.9930   -6.9490   -6.9040   -6.8580   -6.8130   -6.7660   -6.7190   -6.6720   -6.6250   -6.5770   -6.5280
       1.75e-07       3.50e-07       5.25e-07       7.00e-07       8.76e-07       1.05e-06       1.23e-06       1.40e-06       1.58e-06       1.75e-06       1.93e-06       2.10e-06       2.28e-06       2.45e-06       2.63e-06       2.80e-06       2.98e-06       3.15e-06       3.33e-06       3.51e-06       3.68e-06       3.86e-06       4.03e-06       4.20e-06       4.38e-06
