  7.6
   -8.0980   -8.0940   -8.0920   -8.0880   -8.0850   -8.0810   -8.0780   -8.0740   -8.0720   -8.0680   -8.0650   -8.0620   -8.0580   -8.0550   -8.0520   -8.0490   -8.0450   -8.0420   -8.0390   -8.0360   -8.0330   -8.0290   -8.0260   -8.0230   -8.0200   -8.0170   -8.0140   -8.0110   -8.0070   -8.0050   -8.0010   -7.9980   -7.9950   -7.9930   -7.9890   -7.9860   -7.9830   -7.9800   -7.9770   -7.9740   -7.9710   -7.9680   -7.9650   -7.9620   -7.9590   -7.9560   -7.9540   -7.9510   -7.9470   -7.9440   -7.9060
       3.95e-08       1.18e-07       1.97e-07       2.76e-07       3.55e-07       4.34e-07       5.13e-07       5.92e-07       6.71e-07       7.50e-07       8.29e-07       9.08e-07       9.87e-07       1.07e-06       1.15e-06       1.22e-06       1.30e-06       1.38e-06       1.46e-06       1.54e-06       1.62e-06       1.70e-06       1.78e-06       1.86e-06       1.94e-06       2.01e-06       2.09e-06       2.17e-06       2.25e-06       2.33e-06       2.41e-06       2.49e-06       2.57e-06       2.65e-06       2.73e-06       2.80e-06       2.88e-06       2.96e-06       3.04e-06       3.12e-06       3.20e-06       3.28e-06       3.36e-06       3.44e-06       3.52e-06       3.59e-06       3.67e-06       3.75e-06       3.83e-06       4.42e-06       5.64e-06
  7.7
   -8.2650   -8.2580   -8.2490   -8.2420   -8.2330   -8.2260   -8.2190   -8.2110   -8.2060   -8.2000   -8.1940   -8.1900   -8.1850   -8.1820   -8.1790   -8.1760   -8.1740   -8.1730   -8.1730   -8.1730   -8.1720   -8.1720   -8.1710   -8.1700   -8.1680   -8.1650   -8.1630   -8.1590   -8.1550   -8.1500   -8.1450   -8.1380   -8.1320   -8.1250   -8.1180   -8.1100   -8.1020   -8.0940   -8.0840   -8.0740   -8.0630   -8.0510   -8.0390   -8.0260   -8.0120   -7.9970   -7.9810   -7.9640   -7.9440   -7.9240
       5.32e-08       1.60e-07       2.66e-07       3.73e-07       4.79e-07       5.85e-07       6.92e-07       7.98e-07       9.05e-07       1.01e-06       1.12e-06       1.22e-06       1.33e-06       1.44e-06       1.54e-06       1.65e-06       1.76e-06       2.08e-06       2.08e-06       2.08e-06       2.29e-06       2.29e-06       2.40e-06       2.50e-06       2.61e-06       2.71e-06       2.82e-06       2.93e-06       3.03e-06       3.14e-06       3.25e-06       3.35e-06       3.46e-06       3.57e-06       3.67e-06       3.78e-06       3.89e-06       3.99e-06       4.10e-06       4.21e-06       4.31e-06       4.42e-06       4.52e-06       4.63e-06       4.74e-06       4.84e-06       4.95e-06       5.06e-06       5.16e-06       5.94e-06
 7.85
  -10.0020   -9.9960   -9.9890   -9.9810   -9.9720   -9.9620   -9.9520   -9.9400   -9.9280   -9.9140   -9.8980   -9.8810   -9.8630   -9.8410   -9.8170   -9.7910   -9.7600   -9.7240   -9.6800   -9.6300   -9.5720   -9.5030   -9.4210   -9.3250   -9.3230   -9.2940   -9.2940   -9.2920   -9.2920   -9.2890   -9.2880   -9.2800   -9.2690   -9.2520   -9.2250   -9.2120   -9.2060   -9.1770   -9.1740   -9.1370   -9.1330   -9.1050   -9.1030   -9.0880   -9.0810   -8.8100   -8.6240
       1.00e-06       2.01e-06       3.01e-06       4.02e-06       5.02e-06       6.02e-06       7.03e-06       8.03e-06       9.04e-06       1.00e-05       1.10e-05       1.21e-05       1.31e-05       1.41e-05       1.51e-05       1.61e-05       1.71e-05       1.81e-05       1.91e-05       2.01e-05       2.11e-05       2.21e-05       2.31e-05       2.41e-05       2.46e-05       2.66e-05       2.66e-05       2.86e-05       2.86e-05       2.96e-05       3.06e-05       3.16e-05       3.26e-05       3.37e-05       3.47e-05       3.57e-05       3.67e-05       3.77e-05       3.87e-05       3.97e-05       4.07e-05       4.17e-05       4.27e-05       4.37e-05       4.47e-05       4.57e-05       4.67e-05
  7.9
   -9.9200   -9.9140   -9.9080   -9.8990   -9.8910   -9.8810   -9.8700   -9.8600   -9.8490   -9.8380   -9.8260   -9.8140   -9.8010   -9.7880   -9.7740   -9.7600   -9.7450   -9.7290   -9.7120   -9.6930   -9.6730   -9.6500   -9.6230   -9.5930   -9.5580   -9.5170   -9.4690   -9.4120   -9.3440   -9.2990   -9.2630   -9.2000   -9.1980   -9.1980   -9.1900   -9.1810   -9.1720   -9.1660   -9.1550   -9.1500   -9.1350   -9.1040   -9.0990   -9.0810   -9.0510   -8.8030   -8.6310   -8.4340   -8.2350
       1.10e-06       2.21e-06       3.31e-06       4.41e-06       5.52e-06       6.62e-06       7.72e-06       8.83e-06       9.93e-06       1.10e-05       1.21e-05       1.32e-05       1.43e-05       1.54e-05       1.66e-05       1.77e-05       1.88e-05       1.99e-05       2.10e-05       2.21e-05       2.32e-05       2.43e-05       2.54e-05       2.65e-05       2.76e-05       2.87e-05       2.98e-05       3.09e-05       3.20e-05       3.26e-05       3.37e-05       3.48e-05       3.70e-05       3.70e-05       3.81e-05       3.92e-05       4.03e-05       4.14e-05       4.25e-05       4.36e-05       4.47e-05       4.58e-05       4.69e-05       4.80e-05       4.91e-05       5.02e-05       5.13e-05       5.24e-05       5.35e-05
 7.95
   -9.8560   -9.8450   -9.8330   -9.8210   -9.8080   -9.7950   -9.7810   -9.7680   -9.7540   -9.7400   -9.7260   -9.7120   -9.6980   -9.6840   -9.6700   -9.6560   -9.6410   -9.6260   -9.6110   -9.5950   -9.5790   -9.5620   -9.5420   -9.5210   -9.4980   -9.4720   -9.4420   -9.4080   -9.3670   -9.3190   -9.2660   -9.2620   -9.1930   -9.1660   -9.1460   -9.1440   -9.1420   -9.1350   -9.1280   -9.1130   -9.1090   -9.0950   -9.0720   -9.0690   -9.0080   -8.8860   -8.6220   -8.4400   -8.2240
       1.17e-06       2.34e-06       3.52e-06       4.69e-06       5.86e-06       7.03e-06       8.20e-06       9.38e-06       1.05e-05       1.17e-05       1.29e-05       1.41e-05       1.52e-05       1.64e-05       1.76e-05       1.88e-05       1.99e-05       2.11e-05       2.23e-05       2.35e-05       2.46e-05       2.58e-05       2.70e-05       2.82e-05       2.93e-05       3.05e-05       3.17e-05       3.28e-05       3.40e-05       3.52e-05       3.58e-05       3.70e-05       3.81e-05       3.93e-05       4.05e-05       4.16e-05       4.28e-05       4.40e-05       4.52e-05       4.63e-05       4.75e-05       4.87e-05       4.98e-05       5.10e-05       5.22e-05       5.34e-05       5.45e-05       5.57e-05       5.69e-05
  8.0
   -9.7950   -9.7830   -9.7690   -9.7550   -9.7400   -9.7250   -9.7100   -9.6940   -9.6790   -9.6640   -9.6480   -9.6330   -9.6170   -9.6020   -9.5870   -9.5720   -9.5560   -9.5410   -9.5260   -9.5110   -9.4950   -9.4790   -9.4620   -9.4440   -9.4250   -9.4050   -9.3840   -9.3600   -9.3320   -9.3010   -9.2660   -9.2240   -9.2160   -9.1740   -9.1360   -9.1140   -9.0750   -9.0740   -9.0680   -9.0680   -9.0630   -9.0500   -9.0410   -9.0340   -8.9520   -8.8440   -8.6010   -8.4340   -8.2330
       1.25e-06       2.49e-06       3.74e-06       4.98e-06       6.23e-06       7.47e-06       8.72e-06       9.97e-06       1.12e-05       1.25e-05       1.37e-05       1.50e-05       1.62e-05       1.74e-05       1.87e-05       1.99e-05       2.12e-05       2.24e-05       2.37e-05       2.49e-05       2.62e-05       2.74e-05       2.87e-05       2.99e-05       3.12e-05       3.24e-05       3.37e-05       3.49e-05       3.62e-05       3.74e-05       3.87e-05       3.99e-05       4.05e-05       4.18e-05       4.30e-05       4.43e-05       4.55e-05       4.68e-05       4.93e-05       4.93e-05       5.05e-05       5.17e-05       5.30e-05       5.42e-05       5.55e-05       5.67e-05       5.80e-05       5.92e-05       6.05e-05
  8.3
   -9.4260   -9.4080   -9.3890   -9.3690   -9.3490   -9.3300   -9.3100   -9.2910   -9.2730   -9.2540   -9.2350   -9.2170   -9.1990   -9.1810   -9.1630   -9.1450   -9.1280   -9.1100   -9.0930   -9.0770   -9.0600   -9.0420   -9.0250   -9.0090   -8.9910   -8.9740   -8.9560   -8.9370   -8.9180   -8.8980   -8.8830   -8.8760   -8.8530   -8.8280   -8.8010   -8.7880   -8.7690   -8.7330   -8.7240   -8.7020   -8.6920   -8.6800   -8.6430   -8.5860   -8.5170   -8.4350   -8.3380   -8.1070   -7.9490   -7.6680
       1.18e-06       2.36e-06       3.55e-06       4.73e-06       5.91e-06       7.10e-06       8.28e-06       9.46e-06       1.06e-05       1.18e-05       1.30e-05       1.42e-05       1.54e-05       1.66e-05       1.77e-05       1.89e-05       2.01e-05       2.13e-05       2.25e-05       2.37e-05       2.48e-05       2.60e-05       2.72e-05       2.84e-05       2.96e-05       3.08e-05       3.20e-05       3.31e-05       3.43e-05       3.55e-05       3.69e-05       3.80e-05       3.92e-05       4.04e-05       4.16e-05       4.28e-05       4.40e-05       4.51e-05       4.63e-05       4.75e-05       4.87e-05       4.99e-05       5.11e-05       5.23e-05       5.34e-05       5.46e-05       5.58e-05       5.70e-05       5.82e-05       6.11e-05
  8.4
   -9.3080   -9.2950   -9.2780   -9.2590   -9.2400   -9.2220   -9.2030   -9.1840   -9.1660   -9.1480   -9.1300   -9.1120   -9.0940   -9.0760   -9.0590   -9.0420   -9.0240   -9.0070   -8.9900   -8.9740   -8.9570   -8.9400   -8.9230   -8.9060   -8.8890   -8.8720   -8.8540   -8.8360   -8.8170   -8.7960   -8.7750   -8.7600   -8.7530   -8.7280   -8.7010   -8.6720   -8.6480   -8.6390   -8.6010   -8.5880   -8.5630   -8.5590   -8.5090   -8.4520   -8.3860   -8.3080   -8.2180   -8.0010   -7.8630   -7.5120
       1.16e-06       2.33e-06       3.49e-06       4.65e-06       5.82e-06       6.98e-06       8.14e-06       9.31e-06       1.05e-05       1.16e-05       1.28e-05       1.40e-05       1.51e-05       1.63e-05       1.75e-05       1.86e-05       1.98e-05       2.09e-05       2.21e-05       2.33e-05       2.44e-05       2.56e-05       2.68e-05       2.79e-05       2.91e-05       3.03e-05       3.14e-05       3.26e-05       3.38e-05       3.49e-05       3.61e-05       3.74e-05       3.86e-05       3.97e-05       4.09e-05       4.21e-05       4.32e-05       4.44e-05       4.56e-05       4.67e-05       4.79e-05       4.90e-05       5.02e-05       5.14e-05       5.25e-05       5.37e-05       5.49e-05       5.60e-05       5.72e-05       6.05e-05
  8.6
   -9.0000   -8.9910   -8.9890   -8.9720   -8.9540   -8.9350   -8.9160   -8.8960   -8.8760   -8.8560   -8.8370   -8.8180   -8.7980   -8.7790   -8.7590   -8.7390   -8.7190   -8.6990   -8.6790   -8.6590   -8.6370   -8.6160   -8.5940   -8.5710   -8.5470   -8.5220   -8.4950   -8.4670   -8.4450   -8.4370   -8.4040   -8.3680   -8.3290   -8.3080   -8.2860   -8.2620   -8.2390   -8.1880   -8.1320   -8.0690   -7.9990   -7.9230   -7.8390   -7.6340   -7.5260   -7.4260   -7.3520   -7.2780   -7.2040   -7.1300
       1.28e-06       2.56e-06       3.83e-06       5.11e-06       6.39e-06       7.67e-06       8.95e-06       1.02e-05       1.15e-05       1.28e-05       1.41e-05       1.53e-05       1.66e-05       1.79e-05       1.92e-05       2.05e-05       2.17e-05       2.30e-05       2.43e-05       2.56e-05       2.69e-05       2.81e-05       2.94e-05       3.07e-05       3.20e-05       3.33e-05       3.45e-05       3.58e-05       3.71e-05       3.84e-05       3.97e-05       4.10e-05       4.23e-05       4.35e-05       4.48e-05       4.61e-05       4.74e-05       4.87e-05       4.99e-05       5.12e-05       5.25e-05       5.38e-05       5.51e-05       5.64e-05       5.76e-05       5.89e-05       6.02e-05       6.15e-05       6.28e-05       6.67e-05
 8.65
   -8.9350   -8.9300   -8.9150   -8.8970   -8.8900   -8.8780   -8.8580   -8.8380   -8.8180   -8.7970   -8.7770   -8.7570   -8.7370   -8.7160   -8.6950   -8.6740   -8.6530   -8.6310   -8.6090   -8.5870   -8.5640   -8.5400   -8.5150   -8.4890   -8.4630   -8.4340   -8.4040   -8.3730   -8.3560   -8.3390   -8.3020   -8.2620   -8.2190   -8.2180   -8.1720   -8.1210   -8.0660   -8.0060   -7.9400   -7.8690   -7.7920   -7.7070   -7.5010
       1.24e-06       2.49e-06       3.73e-06       4.98e-06       6.22e-06       7.47e-06       8.71e-06       9.96e-06       1.12e-05       1.24e-05       1.37e-05       1.49e-05       1.62e-05       1.74e-05       1.87e-05       1.99e-05       2.12e-05       2.24e-05       2.37e-05       2.49e-05       2.61e-05       2.74e-05       2.86e-05       2.99e-05       3.11e-05       3.24e-05       3.36e-05       3.49e-05       3.61e-05       3.74e-05       3.86e-05       3.99e-05       4.11e-05       4.24e-05       4.36e-05       4.49e-05       4.61e-05       4.74e-05       4.86e-05       4.99e-05       5.11e-05       5.23e-05       5.36e-05
  8.7
   -8.8710   -8.8640   -8.8490   -8.8370   -8.8300   -8.8100   -8.7890   -8.7680   -8.7480   -8.7260   -8.7040   -8.6840   -8.6620   -8.6390   -8.6170   -8.5940   -8.5710   -8.5470   -8.5220   -8.4970   -8.4710   -8.4440   -8.4160   -8.3870   -8.3560   -8.3230   -8.2890   -8.2880   -8.2520   -8.2120   -8.1690   -8.1420   -8.1220   -8.0730   -8.0200   -7.9620   -7.9010   -7.8340   -7.7630   -7.6860   -7.6040   -7.3990
       1.32e-06       2.65e-06       3.98e-06       5.30e-06       6.63e-06       7.95e-06       9.28e-06       1.06e-05       1.19e-05       1.33e-05       1.46e-05       1.59e-05       1.72e-05       1.86e-05       1.99e-05       2.12e-05       2.25e-05       2.39e-05       2.52e-05       2.65e-05       2.78e-05       2.92e-05       3.05e-05       3.18e-05       3.31e-05       3.45e-05       3.58e-05       3.71e-05       3.85e-05       3.98e-05       4.11e-05       4.24e-05       4.38e-05       4.51e-05       4.64e-05       4.77e-05       4.91e-05       5.04e-05       5.17e-05       5.31e-05       5.44e-05       5.57e-05
 8.85
   -8.6240   -8.6210   -8.6090   -8.5890   -8.5670   -8.5430   -8.5200   -8.4930   -8.4660   -8.4390   -8.4110   -8.3820   -8.3530   -8.3220   -8.2910   -8.2580   -8.2240   -8.1890   -8.1530   -8.1150   -8.0760   -8.0350   -7.9930   -7.9920   -7.9470   -7.9010   -7.8560   -7.8500   -7.7960   -7.7400   -7.6820   -7.6200   -7.5560   -7.4880   -7.4180   -7.3440   -7.2660   -7.0700   -6.9800   -6.8890   -6.7970   -6.7000   -6.5970   -6.4930   -6.3880   -6.2840   -6.1810   -6.0770   -5.9730   -5.8700   -5.4930   -5.2510   -5.0570
       2.04e-06       4.08e-06       6.13e-06       8.17e-06       1.02e-05       1.23e-05       1.43e-05       1.63e-05       1.84e-05       2.04e-05       2.25e-05       2.45e-05       2.66e-05       2.86e-05       3.06e-05       3.27e-05       3.47e-05       3.68e-05       3.88e-05       4.09e-05       4.29e-05       4.50e-05       4.70e-05       4.90e-05       5.11e-05       5.31e-05       5.52e-05       5.72e-05       5.93e-05       6.13e-05       6.34e-05       6.54e-05       6.74e-05       6.95e-05       7.15e-05       7.36e-05       7.56e-05       7.77e-05       7.97e-05       8.18e-05       8.38e-05       8.59e-05       8.79e-05       9.00e-05       9.20e-05       9.41e-05       9.61e-05       9.81e-05       1.00e-04       1.07e-04       1.20e-04       1.35e-04       1.49e-04
  8.9
   -8.5580   -8.5520   -8.5450   -8.5260   -8.5040   -8.4810   -8.4570   -8.4310   -8.4050   -8.3780   -8.3500   -8.3210   -8.2910   -8.2610   -8.2290   -8.1960   -8.1620   -8.1270   -8.0910   -8.0530   -8.0140   -7.9730   -7.9290   -7.9060   -7.8850   -7.8380   -7.7870   -7.7850   -7.7350   -7.6800   -7.6220   -7.5620   -7.5000   -7.4340   -7.3660   -7.2960   -7.2220   -7.0300   -6.9470   -6.8630   -6.7780   -6.6790   -6.5800   -6.4810   -6.3820   -6.2830   -6.1850   -6.0860   -5.9870   -5.8880   -5.5010
       1.32e-06       2.64e-06       3.96e-06       5.28e-06       6.60e-06       7.92e-06       9.25e-06       1.06e-05       1.19e-05       1.32e-05       1.45e-05       1.59e-05       1.72e-05       1.85e-05       1.98e-05       2.11e-05       2.25e-05       2.38e-05       2.51e-05       2.64e-05       2.77e-05       2.91e-05       3.04e-05       3.17e-05       3.31e-05       3.44e-05       3.57e-05       3.70e-05       3.84e-05       3.97e-05       4.10e-05       4.23e-05       4.36e-05       4.50e-05       4.63e-05       4.76e-05       4.89e-05       5.03e-05       5.16e-05       5.29e-05       5.42e-05       5.55e-05       5.69e-05       5.82e-05       5.95e-05       6.08e-05       6.22e-05       6.35e-05       6.48e-05       6.96e-05       7.89e-05
 8.95
   -8.5180   -8.5080   -8.5050   -8.4860   -8.4640   -8.4400   -8.4140   -8.3880   -8.3600   -8.3320   -8.3020   -8.2720   -8.2400   -8.2080   -8.1740   -8.1390   -8.1030   -8.0660   -8.0270   -7.9870   -7.9450   -7.9020   -7.8600   -7.8570   -7.8090   -7.7590   -7.7430   -7.7070   -7.6520   -7.5960   -7.5370   -7.4760   -7.4140   -7.3490   -7.2830   -7.2140   -7.0290   -6.9510   -6.8750   -6.7870   -6.6930   -6.5990   -6.5040   -6.4090   -6.3140   -6.2200   -6.1250
       1.08e-06       2.16e-06       3.24e-06       4.32e-06       5.40e-06       6.48e-06       7.56e-06       8.64e-06       9.72e-06       1.08e-05       1.19e-05       1.30e-05       1.40e-05       1.51e-05       1.62e-05       1.73e-05       1.84e-05       1.94e-05       2.05e-05       2.16e-05       2.27e-05       2.38e-05       2.49e-05       2.59e-05       2.70e-05       2.81e-05       2.92e-05       3.03e-05       3.13e-05       3.24e-05       3.35e-05       3.46e-05       3.57e-05       3.68e-05       3.78e-05       3.89e-05       4.00e-05       4.11e-05       4.22e-05       4.32e-05       4.43e-05       4.54e-05       4.65e-05       4.76e-05       4.86e-05       4.97e-05       5.08e-05
  9.0
   -8.4710   -8.4640   -8.4570   -8.4370   -8.4150   -8.3890   -8.3630   -8.3350   -8.3050   -8.2760   -8.2450   -8.2130   -8.1800   -8.1460   -8.1110   -8.0750   -8.0370   -7.9980   -7.9580   -7.9160   -7.8730   -7.8280   -7.8010   -7.7810   -7.7310   -7.6920   -7.6800   -7.6260   -7.5710   -7.5140   -7.4550   -7.3940   -7.3310   -7.2670   -7.2010   -7.1330   -6.9470   -6.8730   -6.7920   -6.7010   -6.6110   -6.5190   -6.4280   -6.3370   -6.2460   -6.1550
       9.71e-07       1.94e-06       2.91e-06       3.88e-06       4.85e-06       5.83e-06       6.80e-06       7.77e-06       8.74e-06       9.71e-06       1.07e-05       1.17e-05       1.26e-05       1.36e-05       1.46e-05       1.55e-05       1.65e-05       1.75e-05       1.85e-05       1.94e-05       2.04e-05       2.14e-05       2.24e-05       2.33e-05       2.43e-05       2.53e-05       2.62e-05       2.72e-05       2.82e-05       2.92e-05       3.01e-05       3.11e-05       3.21e-05       3.30e-05       3.40e-05       3.50e-05       3.60e-05       3.69e-05       3.79e-05       3.89e-05       3.99e-05       4.08e-05       4.18e-05       4.28e-05       4.37e-05       4.47e-05
  9.1
   -8.3450   -8.3400   -8.3210   -8.2970   -8.2720   -8.2470   -8.2450   -8.2160   -8.1860   -8.1550   -8.1230   -8.0890   -8.0550   -8.0200   -7.9830   -7.9450   -7.9060   -7.8660   -7.8250   -7.7820   -7.7380   -7.6920   -7.6450   -7.6310   -7.5950   -7.5430   -7.4890   -7.4330   -7.3750   -7.3150   -7.2540   -7.1910   -7.1260   -7.0600   -6.9920   -6.8080   -6.7310   -6.6560   -6.5790   -6.4970   -6.4140   -6.3310   -6.2470   -6.1640   -6.0800   -5.9960   -5.9130
       9.08e-07       1.82e-06       2.72e-06       3.63e-06       4.54e-06       5.45e-06       6.35e-06       7.26e-06       8.17e-06       9.08e-06       9.98e-06       1.09e-05       1.18e-05       1.27e-05       1.36e-05       1.45e-05       1.54e-05       1.63e-05       1.72e-05       1.82e-05       1.91e-05       2.00e-05       2.09e-05       2.18e-05       2.27e-05       2.36e-05       2.45e-05       2.54e-05       2.63e-05       2.73e-05       2.82e-05       2.91e-05       3.00e-05       3.09e-05       3.18e-05       3.27e-05       3.36e-05       3.45e-05       3.54e-05       3.63e-05       3.72e-05       3.82e-05       3.91e-05       4.00e-05       4.09e-05       4.18e-05       4.27e-05
  9.3
   -8.1900   -8.1780   -8.1550   -8.1290   -8.1280   -8.0970   -8.0650   -8.0310   -7.9970   -7.9620   -7.9250   -7.8870   -7.8490   -7.8100   -7.7700   -7.7290   -7.6870   -7.6440   -7.6000   -7.5550   -7.5080   -7.4590   -7.4310   -7.4100   -7.3580   -7.3070   -7.2530   -7.1990   -7.1440   -7.0890   -7.0320   -6.9750   -6.9170   -6.8580   -6.6840   -6.6210   -6.5430   -6.4620   -6.3810   -6.3000   -6.2190
       5.99e-07       1.20e-06       1.80e-06       2.40e-06       3.00e-06       3.60e-06       4.20e-06       4.80e-06       5.39e-06       5.99e-06       6.59e-06       7.19e-06       7.79e-06       8.39e-06       8.99e-06       9.59e-06       1.02e-05       1.08e-05       1.14e-05       1.20e-05       1.26e-05       1.32e-05       1.38e-05       1.44e-05       1.50e-05       1.56e-05       1.62e-05       1.68e-05       1.74e-05       1.80e-05       1.86e-05       1.92e-05       1.98e-05       2.04e-05       2.10e-05       2.16e-05       2.22e-05       2.28e-05       2.34e-05       2.40e-05       2.46e-05
 9.35
   -8.1530   -8.1390   -8.1140   -8.1120   -8.0850   -8.0530   -8.0200   -7.9850   -7.9500   -7.9140   -7.8770   -7.8390   -7.8000   -7.7600   -7.7190   -7.6780   -7.6350   -7.5910   -7.5470   -7.5020   -7.4540   -7.4050   -7.3820   -7.3550   -7.3040   -7.2520   -7.2000   -7.1460   -7.0910   -7.0370   -6.9810   -6.9260   -6.8690   -6.8130   -6.6380   -6.5630   -6.4830   -6.4050   -6.3260   -6.2470   -6.1680   -6.0890   -6.0100   -5.9320   -5.8520   -5.7730   -5.6940   -5.6160
       5.41e-07       1.08e-06       1.62e-06       2.17e-06       2.71e-06       3.25e-06       3.79e-06       4.33e-06       4.87e-06       5.41e-06       5.95e-06       6.49e-06       7.04e-06       7.58e-06       8.12e-06       8.66e-06       9.20e-06       9.74e-06       1.03e-05       1.08e-05       1.14e-05       1.19e-05       1.25e-05       1.30e-05       1.35e-05       1.41e-05       1.46e-05       1.52e-05       1.57e-05       1.62e-05       1.68e-05       1.73e-05       1.79e-05       1.84e-05       1.90e-05       1.95e-05       2.00e-05       2.06e-05       2.11e-05       2.17e-05       2.22e-05       2.27e-05       2.33e-05       2.38e-05       2.44e-05       2.49e-05       2.54e-05       2.60e-05
  9.4
   -8.1190   -8.1020   -8.0910   -8.0760   -8.0450   -8.0120   -7.9780   -7.9420   -7.9060   -7.8690   -7.8310   -7.7910   -7.7520   -7.7110   -7.6700   -7.6270   -7.5840   -7.5400   -7.4950   -7.4480   -7.3990   -7.3500   -7.3390   -7.3000   -7.2490   -7.1970   -7.1440   -7.0910   -7.0370   -6.9830   -6.9280   -6.8730   -6.8180   -6.6470   -6.5720   -6.4960   -6.4190   -6.3430   -6.2670   -6.1910   -6.1140   -6.0390   -5.9630   -5.8860   -5.8100   -5.7330
       5.00e-07       1.00e-06       1.50e-06       2.00e-06       2.50e-06       3.00e-06       3.51e-06       4.01e-06       4.51e-06       5.01e-06       5.51e-06       6.01e-06       6.51e-06       7.01e-06       7.51e-06       8.01e-06       8.51e-06       9.01e-06       9.52e-06       1.00e-05       1.05e-05       1.10e-05       1.15e-05       1.20e-05       1.25e-05       1.30e-05       1.35e-05       1.40e-05       1.45e-05       1.50e-05       1.55e-05       1.60e-05       1.65e-05       1.70e-05       1.75e-05       1.80e-05       1.85e-05       1.90e-05       1.95e-05       2.00e-05       2.05e-05       2.10e-05       2.15e-05       2.20e-05       2.25e-05       2.30e-05
 9.65
   -7.9070   -7.8980   -7.8710   -7.8400   -7.8050   -7.7800   -7.7700   -7.7320   -7.6950   -7.6570   -7.6170   -7.5780   -7.5370   -7.4960   -7.4540   -7.4120   -7.3690   -7.3260   -7.2800   -7.2340   -7.1870   -7.1400   -7.0920   -7.0440   -6.9960   -6.9470   -6.8990   -6.8500   -6.8010   -6.7520   -6.7000   -6.6360   -6.5720   -6.3920   -6.3240   -6.2570   -6.1890   -6.1220   -6.0540   -5.9870   -5.9200   -5.8520   -5.7840   -5.7170   -5.6500   -5.5820   -5.5150   -5.4480   -5.3790   -5.3120
       3.15e-07       6.30e-07       9.45e-07       1.26e-06       1.58e-06       1.90e-06       2.21e-06       2.53e-06       2.84e-06       3.16e-06       3.47e-06       3.79e-06       4.10e-06       4.42e-06       4.73e-06       5.05e-06       5.37e-06       5.68e-06       6.00e-06       6.31e-06       6.63e-06       6.94e-06       7.26e-06       7.57e-06       7.89e-06       8.20e-06       8.52e-06       8.83e-06       9.15e-06       9.46e-06       9.78e-06       1.01e-05       1.04e-05       1.07e-05       1.10e-05       1.14e-05       1.17e-05       1.20e-05       1.23e-05       1.26e-05       1.29e-05       1.32e-05       1.36e-05       1.39e-05       1.42e-05       1.45e-05       1.48e-05       1.51e-05       1.55e-05       1.70e-05
  9.7
   -7.8670   -7.8550   -7.8270   -7.7950   -7.7760   -7.7600   -7.7240   -7.6860   -7.6490   -7.6100   -7.5710   -7.5310   -7.4900   -7.4490   -7.4070   -7.3650   -7.3220   -7.2780   -7.2320   -7.1860   -7.1400   -7.0930   -7.0460   -6.9980   -6.9500   -6.9020   -6.8540   -6.8060   -6.7570   -6.7090   -6.6520   -6.5880   -6.5250   -6.3470   -6.2800   -6.2130   -6.1470   -6.0800   -6.0130   -5.9470   -5.8800   -5.8140   -5.7480   -5.6810   -5.6150   -5.5480   -5.4810   -5.4150   -5.3480   -5.2820   -4.9720   -4.6860
       3.01e-07       6.01e-07       9.02e-07       1.20e-06       1.51e-06       1.81e-06       2.11e-06       2.41e-06       2.71e-06       3.01e-06       3.31e-06       3.61e-06       3.91e-06       4.22e-06       4.52e-06       4.82e-06       5.12e-06       5.42e-06       5.72e-06       6.02e-06       6.32e-06       6.62e-06       6.92e-06       7.22e-06       7.52e-06       7.82e-06       8.12e-06       8.42e-06       8.72e-06       9.03e-06       9.33e-06       9.63e-06       9.93e-06       1.02e-05       1.05e-05       1.08e-05       1.11e-05       1.14e-05       1.17e-05       1.20e-05       1.23e-05       1.26e-05       1.29e-05       1.32e-05       1.35e-05       1.38e-05       1.41e-05       1.44e-05       1.47e-05       1.62e-05       1.92e-05       2.24e-05
  9.9
   -7.6970   -7.6960   -7.6750   -7.6480   -7.6180   -7.5860   -7.5530   -7.5190   -7.4850   -7.4510   -7.4150   -7.3800   -7.3440   -7.3080   -7.2710   -7.2350   -7.1980   -7.1590   -7.1210   -7.0820   -7.0430   -7.0040   -6.9650   -6.9250   -6.8860   -6.8470   -6.8070   -6.7680   -6.7290   -6.6770   -6.6080   -6.5410   -6.4720   -6.4030   -6.3350   -6.1510   -6.0780   -6.0060   -5.9340   -5.8630   -5.7900   -5.7180   -5.6460   -5.5740   -5.5030   -5.4300   -5.3580   -5.2860   -5.2140   -5.1430
       2.01e-07       4.01e-07       6.00e-07       8.00e-07       1.00e-06       1.20e-06       1.40e-06       1.60e-06       1.80e-06       2.00e-06       2.20e-06       2.40e-06       2.60e-06       2.80e-06       3.00e-06       3.20e-06       3.40e-06       3.60e-06       3.80e-06       4.00e-06       4.20e-06       4.40e-06       4.60e-06       4.80e-06       5.00e-06       5.20e-06       5.40e-06       5.60e-06       5.80e-06       6.00e-06       6.20e-06       6.40e-06       6.60e-06       6.80e-06       7.00e-06       7.20e-06       7.40e-06       7.60e-06       7.80e-06       7.99e-06       8.19e-06       8.39e-06       8.60e-06       8.80e-06       9.00e-06       9.19e-06       9.39e-06       9.59e-06       9.79e-06       1.09e-05
 9.95
   -7.6630   -7.6540   -7.6330   -7.6070   -7.5790   -7.5490   -7.5180   -7.4860   -7.4540   -7.4220   -7.3890   -7.3570   -7.3230   -7.2900   -7.2560   -7.2220   -7.1880   -7.1530   -7.1170   -7.0820   -7.0460   -7.0100   -6.9750   -6.9390   -6.9040   -6.8680   -6.8320
       1.76e-07       3.47e-07       5.17e-07       6.88e-07       8.58e-07       1.03e-06       1.20e-06       1.37e-06       1.54e-06       1.71e-06       1.88e-06       2.05e-06       2.22e-06       2.39e-06       2.56e-06       2.73e-06       2.90e-06       3.07e-06       3.24e-06       3.41e-06       3.58e-06       3.75e-06       3.92e-06       4.09e-06       4.26e-06       4.44e-06       4.61e-06
 10.0
   -7.5970   -7.5740   -7.5470   -7.5170   -7.4860   -7.4540   -7.4210   -7.3880   -7.3550   -7.3200   -7.2860   -7.2510   -7.2170   -7.1820   -7.1460   -7.1090   -7.0720   -7.0350   -6.9980   -6.9600   -6.9230   -6.8850   -6.8470   -6.8100   -6.7720   -6.7340   -6.6970   -6.6590   -6.6210   -6.5840   -6.5440   -6.4730   -6.4030
       1.78e-07       3.52e-07       5.26e-07       7.01e-07       8.77e-07       1.05e-06       1.22e-06       1.40e-06       1.57e-06       1.75e-06       1.92e-06       2.10e-06       2.27e-06       2.45e-06       2.62e-06       2.79e-06       2.97e-06       3.14e-06       3.32e-06       3.49e-06       3.67e-06       3.84e-06       4.01e-06       4.19e-06       4.36e-06       4.54e-06       4.71e-06       4.89e-06       5.06e-06       5.24e-06       5.41e-06       5.58e-06       5.76e-06
10.15
   -7.1590   -7.1300   -7.0990   -7.0670   -7.0340   -7.0000   -6.9660   -6.9300   -6.8940   -6.8580   -6.8220   -6.7840   -6.7460   -6.7090   -6.6710   -6.6320   -6.5930   -6.5530   -6.5140   -6.4740   -6.4340   -6.3940   -6.3530   -6.3130   -6.2720
       1.75e-07       3.50e-07       5.25e-07       7.00e-07       8.76e-07       1.05e-06       1.23e-06       1.40e-06       1.58e-06       1.75e-06       1.93e-06       2.10e-06       2.28e-06       2.45e-06       2.63e-06       2.80e-06       2.98e-06       3.15e-06       3.33e-06       3.51e-06       3.68e-06       3.86e-06       4.03e-06       4.20e-06       4.38e-06
