  7.6
   -8.1820   -8.1790   -8.1760   -8.1720   -8.1690   -8.1650   -8.1630   -8.1590   -8.1560   -8.1520   -8.1490   -8.1450   -8.1420   -8.1390   -8.1350   -8.1330   -8.1290   -8.1260   -8.1230   -8.1190   -8.1160   -8.1120   -8.1090   -8.1060   -8.1020   -8.1000   -8.0970   -8.0930   -8.0900   -8.0870   -8.0840   -8.0810   -8.0780   -8.0750   -8.0720   -8.0690   -8.0660   -8.0620   -8.0590   -8.0560   -8.0530   -8.0500   -8.0470   -8.0440   -8.0410   -8.0380   -8.0360   -8.0330   -8.0300   -8.0260
       3.82e-08       1.15e-07       1.91e-07       2.67e-07       3.44e-07       4.20e-07       4.97e-07       5.73e-07       6.49e-07       7.26e-07       8.02e-07       8.79e-07       9.55e-07       1.03e-06       1.11e-06       1.18e-06       1.26e-06       1.34e-06       1.41e-06       1.49e-06       1.57e-06       1.64e-06       1.72e-06       1.80e-06       1.87e-06       1.95e-06       2.02e-06       2.10e-06       2.18e-06       2.25e-06       2.33e-06       2.41e-06       2.48e-06       2.56e-06       2.64e-06       2.71e-06       2.79e-06       2.87e-06       2.94e-06       3.02e-06       3.10e-06       3.17e-06       3.25e-06       3.32e-06       3.40e-06       3.48e-06       3.55e-06       3.63e-06       3.71e-06       4.29e-06
  7.7
  -10.1790  -10.1070  -10.0300   -9.9500   -9.8650   -9.7740   -9.7720   -9.7550   -9.7340   -9.7100   -9.6900   -9.6900   -9.6860   -9.6840   -9.6840   -9.6800   -9.6740   -9.6620   -9.6620   -9.6610   -9.6490   -9.6350   -9.6350   -9.6200   -9.6120   -9.6090   -9.6020   -9.6000   -9.5920   -9.5850   -9.5800   -9.5790   -9.5740   -9.5710   -9.5700   -9.5600   -9.5530   -9.5510   -9.5460   -9.5410   -9.5410   -9.5350   -9.5280   -9.5230   -9.5190   -9.4740   -9.3640
       3.65e-07       7.30e-07       1.09e-06       1.46e-06       1.82e-06       2.19e-06       2.37e-06       2.73e-06       3.10e-06       3.46e-06       4.19e-06       4.19e-06       4.56e-06       5.29e-06       5.29e-06       5.65e-06       6.02e-06       6.74e-06       6.74e-06       7.11e-06       7.47e-06       8.20e-06       8.20e-06       8.57e-06       8.93e-06       9.30e-06       9.66e-06       1.00e-05       1.04e-05       1.08e-05       1.11e-05       1.15e-05       1.18e-05       1.22e-05       1.26e-05       1.29e-05       1.33e-05       1.37e-05       1.40e-05       1.48e-05       1.48e-05       1.51e-05       1.55e-05       1.59e-05       1.62e-05       1.66e-05       1.69e-05
 7.85
   -9.9900   -9.9810   -9.9700   -9.9560   -9.9390   -9.9190   -9.8970   -9.8710   -9.8420   -9.8100   -9.7740   -9.7320   -9.6860   -9.6330   -9.5740   -9.5080   -9.4340   -9.3500   -9.3460   -9.3010   -9.2760   -9.2760   -9.2750   -9.2720   -9.2710   -9.2670   -9.2600   -9.2570   -9.2510   -9.2420   -9.2410   -9.2270   -9.2100   -9.1860   -9.1720   -9.1520   -9.1510   -9.1230   -9.1180   -9.1170   -9.1160   -9.1150   -9.1140   -9.1130   -9.1100   -9.0340   -8.9040   -8.6550   -8.4490
       7.24e-07       1.45e-06       2.17e-06       2.90e-06       3.62e-06       4.35e-06       5.07e-06       5.80e-06       6.52e-06       7.25e-06       7.97e-06       8.70e-06       9.42e-06       1.01e-05       1.09e-05       1.16e-05       1.23e-05       1.30e-05       1.34e-05       1.41e-05       1.56e-05       1.56e-05       1.63e-05       1.70e-05       1.78e-05       1.85e-05       1.92e-05       1.99e-05       2.06e-05       2.14e-05       2.21e-05       2.28e-05       2.35e-05       2.43e-05       2.50e-05       2.57e-05       2.64e-05       2.72e-05       2.79e-05       2.86e-05       2.93e-05       3.01e-05       3.08e-05       3.15e-05       3.22e-05       3.30e-05       3.37e-05       3.44e-05       3.51e-05
  7.9
   -9.8930   -9.8890   -9.8830   -9.8770   -9.8690   -9.8600   -9.8510   -9.8400   -9.8280   -9.8150   -9.8010   -9.7860   -9.7690   -9.7500   -9.7290   -9.7060   -9.6800   -9.6520   -9.6190   -9.5810   -9.5390   -9.4900   -9.4350   -9.3720   -9.3190   -9.2990   -9.2550   -9.2160   -9.1640   -9.1620   -9.1610   -9.1610   -9.1570   -9.1470   -9.1310   -9.1200   -9.1180   -9.1080   -9.1040   -9.1020   -9.1000   -9.0980   -9.0970   -9.0950   -9.0920   -9.0110   -8.8860   -8.7460   -8.4370   -8.1750
       8.60e-07       1.72e-06       2.58e-06       3.44e-06       4.30e-06       5.16e-06       6.02e-06       6.89e-06       7.75e-06       8.61e-06       9.47e-06       1.03e-05       1.12e-05       1.21e-05       1.29e-05       1.38e-05       1.46e-05       1.55e-05       1.64e-05       1.72e-05       1.81e-05       1.89e-05       1.98e-05       2.07e-05       2.11e-05       2.20e-05       2.28e-05       2.37e-05       2.45e-05       2.54e-05       2.71e-05       2.71e-05       2.80e-05       2.88e-05       2.97e-05       3.06e-05       3.14e-05       3.23e-05       3.31e-05       3.40e-05       3.49e-05       3.57e-05       3.66e-05       3.74e-05       3.83e-05       3.92e-05       4.00e-05       4.09e-05       4.18e-05       4.36e-05
 7.95
   -9.8370   -9.8290   -9.8190   -9.8090   -9.7990   -9.7880   -9.7770   -9.7660   -9.7540   -9.7420   -9.7300   -9.7180   -9.7050   -9.6920   -9.6780   -9.6650   -9.6500   -9.6340   -9.6170   -9.5990   -9.5800   -9.5580   -9.5340   -9.5060   -9.4750   -9.4380   -9.3960   -9.3480   -9.2960   -9.2920   -9.2270   -9.2030   -9.1500   -9.1100   -9.1080   -9.1070   -9.1030   -9.0960   -9.0930   -9.0870   -9.0770   -9.0670   -9.0650   -9.0600   -9.0540   -8.9550   -8.8320   -8.6910   -8.3940   -8.1090
       9.78e-07       1.96e-06       2.93e-06       3.91e-06       4.89e-06       5.87e-06       6.85e-06       7.83e-06       8.81e-06       9.78e-06       1.08e-05       1.17e-05       1.27e-05       1.37e-05       1.47e-05       1.57e-05       1.66e-05       1.76e-05       1.86e-05       1.96e-05       2.06e-05       2.15e-05       2.25e-05       2.35e-05       2.45e-05       2.55e-05       2.64e-05       2.74e-05       2.79e-05       2.89e-05       2.99e-05       3.08e-05       3.18e-05       3.28e-05       3.38e-05       3.48e-05       3.57e-05       3.67e-05       3.77e-05       3.87e-05       3.96e-05       4.06e-05       4.16e-05       4.26e-05       4.36e-05       4.45e-05       4.55e-05       4.65e-05       4.75e-05       4.95e-05
  8.0
   -9.7740   -9.7640   -9.7530   -9.7420   -9.7300   -9.7180   -9.7050   -9.6930   -9.6790   -9.6670   -9.6540   -9.6400   -9.6270   -9.6130   -9.6000   -9.5860   -9.5720   -9.5570   -9.5410   -9.5260   -9.5090   -9.4910   -9.4720   -9.4510   -9.4280   -9.4020   -9.3720   -9.3390   -9.3000   -9.2600   -9.2550   -9.2030   -9.1490   -9.1420   -9.0690   -9.0640   -9.0540   -9.0410   -9.0390   -9.0380   -9.0340   -9.0260   -9.0210   -9.0180   -8.9830   -8.8820   -8.7640   -8.6270   -8.3390   -8.0610
       1.05e-06       2.10e-06       3.14e-06       4.19e-06       5.24e-06       6.29e-06       7.33e-06       8.38e-06       9.43e-06       1.05e-05       1.15e-05       1.26e-05       1.36e-05       1.47e-05       1.57e-05       1.68e-05       1.78e-05       1.89e-05       1.99e-05       2.10e-05       2.20e-05       2.31e-05       2.41e-05       2.52e-05       2.62e-05       2.73e-05       2.83e-05       2.94e-05       3.04e-05       3.09e-05       3.20e-05       3.30e-05       3.41e-05       3.51e-05       3.62e-05       3.72e-05       3.83e-05       3.93e-05       4.04e-05       4.14e-05       4.25e-05       4.35e-05       4.46e-05       4.56e-05       4.67e-05       4.77e-05       4.88e-05       4.98e-05       5.09e-05       5.30e-05
  8.3
   -9.4180   -9.4040   -9.3890   -9.3740   -9.3590   -9.3430   -9.3270   -9.3110   -9.2950   -9.2790   -9.2630   -9.2470   -9.2310   -9.2160   -9.2000   -9.1850   -9.1690   -9.1540   -9.1390   -9.1230   -9.1080   -9.0920   -9.0760   -9.0600   -9.0430   -9.0260   -9.0080   -8.9900   -8.9700   -8.9480   -8.9250   -8.9080   -8.8990   -8.8700   -8.8380   -8.8020   -8.8010   -8.7690   -8.7590   -8.7150   -8.7110   -8.6750   -8.6580   -8.6550   -8.5900   -8.5140   -8.4260   -8.3250   -8.1810   -7.8120
       9.96e-07       1.99e-06       2.99e-06       3.99e-06       4.98e-06       5.98e-06       6.97e-06       7.97e-06       8.97e-06       9.96e-06       1.10e-05       1.20e-05       1.30e-05       1.40e-05       1.49e-05       1.59e-05       1.69e-05       1.79e-05       1.89e-05       1.99e-05       2.09e-05       2.19e-05       2.29e-05       2.39e-05       2.49e-05       2.59e-05       2.69e-05       2.79e-05       2.89e-05       2.99e-05       3.09e-05       3.22e-05       3.32e-05       3.42e-05       3.52e-05       3.62e-05       3.72e-05       3.82e-05       3.92e-05       4.02e-05       4.12e-05       4.22e-05       4.32e-05       4.42e-05       4.52e-05       4.62e-05       4.72e-05       4.82e-05       4.92e-05       5.20e-05
  8.4
   -9.2910   -9.2810   -9.2670   -9.2520   -9.2360   -9.2210   -9.2050   -9.1890   -9.1720   -9.1570   -9.1400   -9.1230   -9.1070   -9.0910   -9.0750   -9.0590   -9.0430   -9.0270   -9.0100   -8.9940   -8.9770   -8.9610   -8.9430   -8.9250   -8.9070   -8.8880   -8.8680   -8.8470   -8.8250   -8.8010   -8.7750   -8.7690   -8.7470   -8.7150   -8.6800   -8.6780   -8.6410   -8.6330   -8.5980   -8.5610   -8.5480   -8.5320   -8.4920   -8.4270   -8.3530   -8.2700   -8.1760   -8.0730   -7.9700   -7.8680
       1.01e-06       2.02e-06       3.03e-06       4.04e-06       5.06e-06       6.07e-06       7.08e-06       8.09e-06       9.10e-06       1.01e-05       1.11e-05       1.21e-05       1.31e-05       1.42e-05       1.52e-05       1.62e-05       1.72e-05       1.82e-05       1.92e-05       2.02e-05       2.12e-05       2.23e-05       2.33e-05       2.43e-05       2.53e-05       2.63e-05       2.73e-05       2.83e-05       2.93e-05       3.04e-05       3.14e-05       3.25e-05       3.35e-05       3.46e-05       3.56e-05       3.66e-05       3.76e-05       3.86e-05       3.96e-05       4.06e-05       4.16e-05       4.26e-05       4.37e-05       4.47e-05       4.57e-05       4.67e-05       4.77e-05       4.87e-05       4.97e-05       5.29e-05
  8.6
   -8.9820   -8.9780   -8.9650   -8.9490   -8.9430   -8.9320   -8.9140   -8.8960   -8.8770   -8.8590   -8.8390   -8.8200   -8.8010   -8.7820   -8.7620   -8.7400   -8.7180   -8.6960   -8.6730   -8.6490   -8.6250   -8.5990   -8.5720   -8.5440   -8.5140   -8.4830   -8.4490   -8.4430   -8.4140   -8.3750   -8.3520   -8.3340   -8.2900   -8.2660   -8.2410   -8.1900   -8.1350   -8.0750   -8.0090   -7.9390   -7.8630   -7.7800   -7.6920   -7.6000
       1.19e-06       2.39e-06       3.58e-06       4.77e-06       5.97e-06       7.16e-06       8.36e-06       9.55e-06       1.07e-05       1.19e-05       1.31e-05       1.43e-05       1.55e-05       1.67e-05       1.79e-05       1.91e-05       2.03e-05       2.15e-05       2.27e-05       2.39e-05       2.51e-05       2.63e-05       2.75e-05       2.87e-05       2.99e-05       3.10e-05       3.22e-05       3.35e-05       3.47e-05       3.59e-05       3.71e-05       3.83e-05       3.95e-05       4.07e-05       4.19e-05       4.30e-05       4.42e-05       4.54e-05       4.66e-05       4.78e-05       4.90e-05       5.02e-05       5.14e-05       5.26e-05
 8.65
   -8.9020   -8.9010   -8.8850   -8.8710   -8.8530   -8.8340   -8.8150   -8.7950   -8.7750   -8.7540   -8.7330   -8.7120   -8.6910   -8.6690   -8.6470   -8.6230   -8.5980   -8.5730   -8.5470   -8.5200   -8.4910   -8.4620   -8.4310   -8.3980   -8.3640   -8.3350   -8.3280   -8.2900   -8.2490   -8.2440   -8.2050   -8.1620   -8.1580   -8.1080   -8.0560   -8.0000   -7.9390   -7.8740   -7.8050   -7.7300   -7.6510   -7.5660   -7.4770   -7.3850   -7.1660   -7.0530
       1.24e-06       2.49e-06       3.73e-06       4.97e-06       6.21e-06       7.46e-06       8.70e-06       9.94e-06       1.12e-05       1.24e-05       1.37e-05       1.49e-05       1.62e-05       1.74e-05       1.86e-05       1.99e-05       2.11e-05       2.24e-05       2.36e-05       2.49e-05       2.61e-05       2.73e-05       2.86e-05       2.98e-05       3.11e-05       3.24e-05       3.36e-05       3.48e-05       3.61e-05       3.73e-05       3.86e-05       3.98e-05       4.11e-05       4.23e-05       4.36e-05       4.48e-05       4.60e-05       4.73e-05       4.85e-05       4.98e-05       5.10e-05       5.23e-05       5.35e-05       5.48e-05       5.60e-05       5.72e-05
  8.7
   -8.8490   -8.8440   -8.8270   -8.8080   -8.7880   -8.7670   -8.7610   -8.7460   -8.7240   -8.7010   -8.6780   -8.6550   -8.6310   -8.6060   -8.5810   -8.5550   -8.5270   -8.4980   -8.4680   -8.4360   -8.4040   -8.3690   -8.3330   -8.2950   -8.2750   -8.2550   -8.2130   -8.1740   -8.1680   -8.1210   -8.0720   -8.0190   -7.9640   -7.9060   -7.8440   -7.7790   -7.7090   -7.6360   -7.5580   -7.4770   -7.3920   -7.3030   -7.0920
       1.25e-06       2.50e-06       3.74e-06       4.99e-06       6.24e-06       7.49e-06       8.73e-06       9.98e-06       1.12e-05       1.25e-05       1.37e-05       1.50e-05       1.62e-05       1.75e-05       1.87e-05       2.00e-05       2.12e-05       2.25e-05       2.37e-05       2.50e-05       2.62e-05       2.75e-05       2.87e-05       3.00e-05       3.12e-05       3.25e-05       3.37e-05       3.50e-05       3.62e-05       3.75e-05       3.87e-05       4.00e-05       4.12e-05       4.25e-05       4.37e-05       4.50e-05       4.62e-05       4.75e-05       4.87e-05       5.00e-05       5.12e-05       5.25e-05       5.37e-05
 8.85
   -8.6280   -7.9760   -7.8550
       5.91e-06       1.14e-05       1.73e-05
  8.9
   -8.5500   -8.5410   -8.5270   -8.4980   -8.4650   -8.4320   -8.4010   -8.3680   -8.3340   -8.2990   -8.2630   -8.2260   -8.1880   -8.1490   -8.1060   -8.0620   -8.0170   -7.9690   -7.9210   -7.8950   -7.8710   -7.8190   -7.8110   -7.7650   -7.7090   -7.6520   -7.5930   -7.5340   -7.4730   -7.4100   -7.3450   -7.2770   -7.2090   -7.1380   -7.0670   -6.9940   -6.9200   -6.7340   -6.6350   -6.5380   -6.4400   -6.3410   -6.2440   -6.1460   -6.0470   -5.9500   -5.8510   -5.7530   -5.6560   -5.5590   -5.1830
       1.42e-06       2.84e-06       4.26e-06       5.68e-06       7.11e-06       8.53e-06       9.95e-06       1.14e-05       1.28e-05       1.42e-05       1.56e-05       1.71e-05       1.85e-05       1.99e-05       2.13e-05       2.27e-05       2.42e-05       2.56e-05       2.70e-05       2.85e-05       2.99e-05       3.14e-05       3.28e-05       3.42e-05       3.56e-05       3.70e-05       3.85e-05       3.99e-05       4.13e-05       4.27e-05       4.42e-05       4.56e-05       4.70e-05       4.84e-05       4.99e-05       5.13e-05       5.27e-05       5.41e-05       5.55e-05       5.70e-05       5.84e-05       5.98e-05       6.12e-05       6.27e-05       6.41e-05       6.55e-05       6.69e-05       6.84e-05       6.98e-05       7.54e-05       8.64e-05
 8.95
   -8.4990   -8.4860   -8.4780   -8.4490   -8.4170   -8.3870   -8.3560   -8.3230   -8.2900   -8.2550   -8.2200   -8.1830   -8.1450   -8.1050   -8.0630   -8.0200   -7.9750   -7.9280   -7.8800   -7.8440   -7.8310   -7.7800   -7.7600   -7.7270   -7.6730   -7.6170   -7.5590   -7.5010   -7.4420   -7.3800   -7.3170   -7.2530   -7.1870   -7.1200   -7.0520   -6.9830   -6.9140   -6.7210   -6.6270   -6.5340   -6.4410   -6.3480   -6.2540   -6.1620   -6.0680   -5.9750   -5.8820   -5.7880
       1.13e-06       2.27e-06       3.40e-06       4.53e-06       5.67e-06       6.80e-06       7.93e-06       9.07e-06       1.02e-05       1.13e-05       1.25e-05       1.36e-05       1.47e-05       1.59e-05       1.70e-05       1.81e-05       1.93e-05       2.04e-05       2.15e-05       2.27e-05       2.38e-05       2.50e-05       2.61e-05       2.72e-05       2.84e-05       2.95e-05       3.06e-05       3.18e-05       3.29e-05       3.40e-05       3.52e-05       3.63e-05       3.74e-05       3.86e-05       3.97e-05       4.08e-05       4.20e-05       4.31e-05       4.42e-05       4.54e-05       4.65e-05       4.76e-05       4.88e-05       4.99e-05       5.11e-05       5.22e-05       5.33e-05       5.45e-05
  9.0
   -8.4580   -8.4480   -8.4360   -8.4060   -8.3760   -8.3460   -8.3130   -8.2800   -8.2460   -8.2110   -8.1740   -8.1370   -8.0980   -8.0560   -8.0120   -7.9680   -7.9220   -7.8740   -7.8260   -7.8020   -7.7750   -7.7230   -7.7120   -7.6700   -7.6140   -7.5580   -7.5010   -7.4430   -7.3830   -7.3220   -7.2590   -7.1950   -7.1310   -7.0650   -7.0000   -6.9280   -6.8460   -6.6560   -6.5680   -6.4830   -6.3970   -6.3100   -6.2240   -6.1380
       1.03e-06       2.06e-06       3.08e-06       4.11e-06       5.14e-06       6.17e-06       7.20e-06       8.22e-06       9.25e-06       1.03e-05       1.13e-05       1.23e-05       1.34e-05       1.44e-05       1.54e-05       1.64e-05       1.75e-05       1.85e-05       1.95e-05       2.06e-05       2.16e-05       2.26e-05       2.36e-05       2.47e-05       2.57e-05       2.67e-05       2.78e-05       2.88e-05       2.98e-05       3.08e-05       3.19e-05       3.29e-05       3.39e-05       3.50e-05       3.60e-05       3.70e-05       3.80e-05       3.91e-05       4.01e-05       4.11e-05       4.22e-05       4.32e-05       4.42e-05       4.52e-05
  9.1
   -8.3640   -8.3610   -8.3400   -8.3090   -8.2790   -8.2480   -8.2140   -8.1790   -8.1450   -8.1080   -8.0710   -8.0320   -7.9910   -7.9470   -7.9030   -7.8580   -7.8110   -7.7630   -7.7130   -7.7010   -7.6630   -7.6110   -7.6040   -7.5570   -7.5020   -7.4470   -7.3910   -7.3340   -7.2760   -7.2160   -7.1560   -7.0950   -7.0340   -6.9720   -6.9060   -6.8280   -6.7520   -6.6740   -6.4870   -6.4060   -6.3250   -6.2440
       8.21e-07       1.64e-06       2.46e-06       3.28e-06       4.10e-06       4.92e-06       5.75e-06       6.57e-06       7.39e-06       8.21e-06       9.03e-06       9.85e-06       1.07e-05       1.15e-05       1.23e-05       1.31e-05       1.40e-05       1.48e-05       1.56e-05       1.64e-05       1.73e-05       1.81e-05       1.89e-05       1.97e-05       2.05e-05       2.14e-05       2.22e-05       2.30e-05       2.38e-05       2.46e-05       2.55e-05       2.63e-05       2.71e-05       2.79e-05       2.87e-05       2.96e-05       3.04e-05       3.12e-05       3.20e-05       3.29e-05       3.37e-05       3.45e-05
  9.3
   -8.1800   -8.1680   -8.1400   -8.1100   -8.0780   -8.0440   -8.0440   -8.0080   -7.9720   -7.9360   -7.8970   -7.8580   -7.8160   -7.7730   -7.7290   -7.6850   -7.6390   -7.5920   -7.5440   -7.4960   -7.4750   -7.4460   -7.3950   -7.3440   -7.2930   -7.2410   -7.1890   -7.1360   -7.0820   -7.0280   -6.9730   -6.9190   -6.8640   -6.8030   -6.7310   -6.6580   -6.5860   -6.5130   -6.4410   -6.2580   -6.1820   -6.1050   -6.0300   -5.9540   -5.8780   -5.8020   -5.7270   -5.6510
       5.70e-07       1.14e-06       1.71e-06       2.28e-06       2.85e-06       3.99e-06       3.99e-06       4.56e-06       5.13e-06       5.70e-06       6.27e-06       6.84e-06       7.41e-06       7.98e-06       8.55e-06       9.12e-06       9.69e-06       1.03e-05       1.08e-05       1.14e-05       1.20e-05       1.26e-05       1.31e-05       1.37e-05       1.43e-05       1.48e-05       1.54e-05       1.60e-05       1.66e-05       1.71e-05       1.77e-05       1.83e-05       1.88e-05       1.94e-05       2.00e-05       2.05e-05       2.11e-05       2.17e-05       2.23e-05       2.28e-05       2.34e-05       2.40e-05       2.45e-05       2.51e-05       2.57e-05       2.62e-05       2.68e-05       2.74e-05
 9.35
   -8.1370   -8.1210   -8.0940   -8.0630   -8.0460   -8.0300   -7.9960   -7.9590   -7.9230   -7.8860   -7.8470   -7.8060   -7.7630   -7.7200   -7.6760   -7.6310   -7.5850   -7.5380   -7.4900   -7.4420   -7.4210   -7.3920   -7.3410   -7.2910   -7.2400   -7.1890   -7.1370   -7.0850   -7.0320   -6.9790   -6.9260   -6.8720   -6.8190   -6.7490   -6.6790   -6.6090   -6.5380   -6.4670   -6.3970   -6.2160   -6.1420   -6.0680   -5.9940   -5.9210   -5.8460   -5.7730   -5.6990
       5.11e-07       1.02e-06       1.53e-06       2.04e-06       2.55e-06       3.06e-06       3.57e-06       4.08e-06       4.59e-06       5.10e-06       5.61e-06       6.12e-06       6.63e-06       7.14e-06       7.65e-06       8.16e-06       8.67e-06       9.18e-06       9.70e-06       1.02e-05       1.07e-05       1.12e-05       1.18e-05       1.23e-05       1.28e-05       1.33e-05       1.38e-05       1.43e-05       1.48e-05       1.53e-05       1.58e-05       1.63e-05       1.69e-05       1.74e-05       1.79e-05       1.84e-05       1.89e-05       1.94e-05       1.99e-05       2.04e-05       2.09e-05       2.15e-05       2.20e-05       2.25e-05       2.30e-05       2.35e-05       2.40e-05
  9.4
   -8.0950   -8.0780   -8.0500   -8.0290   -8.0190   -7.9860   -7.9520   -7.9150   -7.8790   -7.8420   -7.8030   -7.7620   -7.7200   -7.6770   -7.6330   -7.5880   -7.5430   -7.4970   -7.4490   -7.4020   -7.3670   -7.3530   -7.3030   -7.2530   -7.2040   -7.1540   -7.1030   -7.0520   -7.0000   -6.9490   -6.8970   -6.8450   -6.7930   -6.7240   -6.6540   -6.5840   -6.5140   -6.4440   -6.3730   -6.1940   -6.1210   -6.0470   -5.9730   -5.9000   -5.8270   -5.7540   -5.6800   -5.6070   -5.5340   -5.4600
       4.76e-07       9.53e-07       1.43e-06       1.91e-06       2.38e-06       2.86e-06       3.33e-06       3.81e-06       4.29e-06       4.76e-06       5.24e-06       5.72e-06       6.19e-06       6.67e-06       7.15e-06       7.62e-06       8.10e-06       8.58e-06       9.05e-06       9.53e-06       1.00e-05       1.05e-05       1.10e-05       1.14e-05       1.19e-05       1.24e-05       1.29e-05       1.34e-05       1.38e-05       1.43e-05       1.48e-05       1.53e-05       1.57e-05       1.62e-05       1.67e-05       1.72e-05       1.76e-05       1.81e-05       1.86e-05       1.91e-05       1.95e-05       2.00e-05       2.05e-05       2.10e-05       2.15e-05       2.19e-05       2.24e-05       2.29e-05       2.34e-05       2.57e-05
 9.65
   -7.8730   -7.8580   -7.8550   -7.8290   -7.7990   -7.7670   -7.7350   -7.7010   -7.6670   -7.6320   -7.5950   -7.5570   -7.5190   -7.4810   -7.4420   -7.4030   -7.3640   -7.3240   -7.2840   -7.2430   -7.2020   -7.1620   -7.1210   -7.0800   -7.0700   -7.0400   -7.0000   -6.9600   -6.9190   -6.8790   -6.8250   -6.7570   -6.6880   -6.6200   -6.5510   -6.4820   -6.4130   -6.3440   -6.2740   -6.2050   -6.1350   -6.0660   -5.8870   -5.8140   -5.7410   -5.6690   -5.5950   -5.5230   -5.4490   -5.3760   -5.0430
       2.74e-07       5.49e-07       8.23e-07       1.10e-06       1.37e-06       1.65e-06       1.92e-06       2.20e-06       2.47e-06       2.74e-06       3.02e-06       3.29e-06       3.57e-06       3.84e-06       4.12e-06       4.39e-06       4.67e-06       4.94e-06       5.22e-06       5.49e-06       5.76e-06       6.04e-06       6.31e-06       6.59e-06       6.87e-06       7.15e-06       7.42e-06       7.70e-06       7.97e-06       8.25e-06       8.52e-06       8.80e-06       9.07e-06       9.34e-06       9.62e-06       9.89e-06       1.02e-05       1.04e-05       1.07e-05       1.10e-05       1.13e-05       1.15e-05       1.18e-05       1.21e-05       1.24e-05       1.26e-05       1.29e-05       1.32e-05       1.35e-05       1.50e-05       1.82e-05
  9.7
   -7.8320   -7.8220   -7.8120   -7.7850   -7.7550   -7.7240   -7.6910   -7.6570   -7.6230   -7.5870   -7.5510   -7.5370   -7.5130   -7.4760   -7.4380   -7.3990   -7.3610   -7.3220   -7.2830   -7.2430   -7.2040   -7.1630   -7.1230   -7.0830   -7.0440   -7.0050   -6.9660   -6.9270   -6.8880   -6.8410   -6.7740   -6.7080   -6.6400   -6.5730   -6.5060   -6.4390   -6.3720   -6.3040   -6.2370   -6.1690   -6.1010   -6.0330   -5.8570   -5.7850   -5.7140   -5.6430   -5.5710   -5.5000   -5.4290   -5.3580   -5.0280
       2.45e-07       4.90e-07       7.35e-07       9.79e-07       1.22e-06       1.47e-06       1.71e-06       1.96e-06       2.20e-06       2.45e-06       2.69e-06       2.95e-06       3.19e-06       3.44e-06       3.68e-06       3.93e-06       4.17e-06       4.42e-06       4.66e-06       4.91e-06       5.15e-06       5.40e-06       5.64e-06       5.89e-06       6.13e-06       6.38e-06       6.62e-06       6.86e-06       7.11e-06       7.35e-06       7.60e-06       7.84e-06       8.09e-06       8.33e-06       8.58e-06       8.82e-06       9.07e-06       9.31e-06       9.56e-06       9.80e-06       1.00e-05       1.03e-05       1.05e-05       1.08e-05       1.10e-05       1.13e-05       1.15e-05       1.18e-05       1.20e-05       1.34e-05       1.64e-05
  9.9
   -7.6300   -7.6290   -7.6080   -7.5780   -7.5460   -7.5110   -7.4750   -7.4380   -7.3990   -7.3600   -7.3200   -7.2800   -7.2390   -7.1980   -7.1570   -7.1150   -7.0730   -7.0310   -6.9880   -6.9450   -6.9030   -6.8610   -6.8190   -6.7780   -6.7360   -6.6940   -6.6530   -6.6030   -6.5480   -6.4920   -6.4360   -6.3800   -6.3240   -6.2680   -6.2120   -6.1550   -6.0980   -6.0420   -5.9850   -5.9280   -5.8710   -5.7070   -5.6460   -5.5870   -5.5270   -5.4670   -5.4080   -5.3480   -5.2890   -5.2290   -4.9190
       2.02e-07       4.03e-07       6.06e-07       8.07e-07       1.01e-06       1.21e-06       1.41e-06       1.61e-06       1.82e-06       2.02e-06       2.22e-06       2.42e-06       2.62e-06       2.83e-06       3.03e-06       3.23e-06       3.43e-06       3.63e-06       3.84e-06       4.04e-06       4.24e-06       4.44e-06       4.64e-06       4.84e-06       5.05e-06       5.25e-06       5.45e-06       5.65e-06       5.85e-06       6.06e-06       6.26e-06       6.46e-06       6.66e-06       6.86e-06       7.07e-06       7.27e-06       7.47e-06       7.67e-06       7.87e-06       8.07e-06       8.28e-06       8.48e-06       8.68e-06       8.88e-06       9.08e-06       9.29e-06       9.49e-06       9.69e-06       9.89e-06       1.10e-05       1.32e-05
 9.95
   -7.5870   -7.5740   -7.5490   -7.5190   -7.4860   -7.4520   -7.4150   -7.3770   -7.3400   -7.3010   -7.2610   -7.2210   -7.1810   -7.1400   -7.1000   -7.0590   -7.0180   -6.9760   -6.9340   -6.8920   -6.8510   -6.8100   -6.7680   -6.7270   -6.6860   -6.6450   -6.6050   -6.5600   -6.5050   -6.4490   -6.3930   -6.3370   -6.2810   -6.2250   -6.1690   -6.1130   -6.0570   -6.0010   -5.9440   -5.8870   -5.8310   -5.6660   -5.6060   -5.5460   -5.4870   -5.4290   -5.3690   -5.3100   -5.2500   -5.1910
       1.92e-07       3.81e-07       5.68e-07       7.56e-07       9.45e-07       1.13e-06       1.32e-06       1.51e-06       1.70e-06       1.89e-06       2.07e-06       2.26e-06       2.45e-06       2.64e-06       2.83e-06       3.02e-06       3.20e-06       3.39e-06       3.58e-06       3.77e-06       3.96e-06       4.15e-06       4.33e-06       4.52e-06       4.71e-06       4.90e-06       5.09e-06       5.28e-06       5.46e-06       5.65e-06       5.84e-06       6.03e-06       6.22e-06       6.40e-06       6.59e-06       6.78e-06       6.97e-06       7.16e-06       7.35e-06       7.54e-06       7.72e-06       7.91e-06       8.10e-06       8.29e-06       8.48e-06       8.66e-06       8.85e-06       9.04e-06       9.23e-06       1.03e-05
 10.0
   -7.5410   -7.5200   -7.4930   -7.4620   -7.4290   -7.3940   -7.3560   -7.3200   -7.2820   -7.2440   -7.2050   -7.1660   -7.1270   -7.0860   -7.0460   -7.0060   -6.9650   -6.9250   -6.8840   -6.8430   -6.8020   -6.7620   -6.7220   -6.6810   -6.6410   -6.6010   -6.5620   -6.5210   -6.4650   -6.4090   -6.3530   -6.2970   -6.2410   -6.1850   -6.1280   -6.0720   -6.0150   -5.9580   -5.9010
       1.78e-07       3.53e-07       5.30e-07       7.07e-07       8.82e-07       1.06e-06       1.23e-06       1.41e-06       1.59e-06       1.76e-06       1.94e-06       2.11e-06       2.29e-06       2.46e-06       2.64e-06       2.82e-06       2.99e-06       3.17e-06       3.34e-06       3.52e-06       3.70e-06       3.87e-06       4.05e-06       4.22e-06       4.40e-06       4.58e-06       4.75e-06       4.93e-06       5.10e-06       5.28e-06       5.45e-06       5.63e-06       5.81e-06       5.98e-06       6.16e-06       6.33e-06       6.51e-06       6.69e-06       6.86e-06
10.15
   -7.3100   -7.2810   -7.2500   -7.2190   -7.1860   -7.1530   -7.1190   -7.0840   -7.0500   -7.0140   -6.9790   -6.9430   -6.9080
       1.61e-07       3.15e-07       4.67e-07       6.19e-07       7.73e-07       9.27e-07       1.08e-06       1.23e-06       1.39e-06       1.54e-06       1.70e-06       1.85e-06       2.00e-06
