  7.6
   -8.2220   -8.2180   -8.2150   -8.2110   -8.2080   -8.2050   -8.2020   -8.1980   -8.1950   -8.1910   -8.1880   -8.1850   -8.1810   -8.1780   -8.1750   -8.1720   -8.1690   -8.1650   -8.1620   -8.1590   -8.1550   -8.1520   -8.1490   -8.1450   -8.1420   -8.1390   -8.1360   -8.1330   -8.1300   -8.1270   -8.1240   -8.1200   -8.1180   -8.1150   -8.1120   -8.1090   -8.1060   -8.1030   -8.1000   -8.0970   -8.0930   -8.0910   -8.0880   -8.0850   -8.0820   -8.0780   -8.0760   -8.0730   -8.0700   -8.0670
       3.82e-08       1.15e-07       1.91e-07       2.67e-07       3.44e-07       4.20e-07       4.97e-07       5.73e-07       6.49e-07       7.26e-07       8.02e-07       8.79e-07       9.55e-07       1.03e-06       1.11e-06       1.18e-06       1.26e-06       1.34e-06       1.41e-06       1.49e-06       1.57e-06       1.64e-06       1.72e-06       1.80e-06       1.87e-06       1.95e-06       2.02e-06       2.10e-06       2.18e-06       2.25e-06       2.33e-06       2.41e-06       2.48e-06       2.56e-06       2.64e-06       2.71e-06       2.79e-06       2.87e-06       2.94e-06       3.02e-06       3.10e-06       3.17e-06       3.25e-06       3.32e-06       3.40e-06       3.48e-06       3.55e-06       3.63e-06       3.71e-06       4.29e-06
  7.7
  -12.4140  -12.4130  -12.4120  -12.4020  -12.4000  -12.3960  -12.3960  -12.3810  -12.3770  -12.3670  -12.3660  -12.3640  -12.3600  -12.3510  -12.3480  -12.3400  -12.3370  -12.3340  -12.3270  -12.3240  -12.3190  -12.3190  -12.3170  -12.3160  -12.3150  -12.3140  -12.3130  -12.3090  -12.3080  -12.2780  -12.2780  -12.2500  -12.2400  -12.2220  -12.2020  -12.1940  -12.1820  -10.5510  -10.4790  -10.4030  -10.3110  -10.2130  -10.1090   -9.9980   -9.8800   -9.7550   -9.6230
       3.65e-07       7.29e-07       1.09e-06       1.46e-06       1.82e-06       2.55e-06       2.55e-06       2.92e-06       3.28e-06       3.65e-06       4.01e-06       4.37e-06       4.74e-06       5.10e-06       5.47e-06       5.83e-06       6.20e-06       6.56e-06       6.92e-06       7.11e-06       7.84e-06       7.84e-06       8.20e-06       8.56e-06       8.93e-06       9.29e-06       9.66e-06       1.00e-05       1.04e-05       1.11e-05       1.11e-05       1.15e-05       1.18e-05       1.22e-05       1.26e-05       1.29e-05       1.33e-05       1.37e-05       1.40e-05       1.44e-05       1.48e-05       1.51e-05       1.55e-05       1.59e-05       1.62e-05       1.66e-05       1.69e-05
 7.85
  -12.0650  -12.0550  -12.0420  -12.0420  -12.0400  -12.0370  -12.0300  -12.0210  -12.0110  -12.0010  -11.9940  -11.9910  -11.9860  -11.9750  -11.9620  -11.9420  -11.9260  -11.9240  -11.9120  -11.9120  -11.8980  -11.8860  -11.8750  -11.8580  -11.8200  -10.3610  -10.3520  -10.3410  -10.3270  -10.3100  -10.2910  -10.2680  -10.2430  -10.2140  -10.1820  -10.1460  -10.1050  -10.0580  -10.0060   -9.9470   -9.8720   -9.7860   -9.6890   -9.5800   -9.4550   -9.3150   -9.1580   -8.6890   -8.4850
       7.23e-07       1.45e-06       2.53e-06       2.53e-06       3.26e-06       3.98e-06       4.70e-06       5.43e-06       6.15e-06       6.88e-06       7.60e-06       8.32e-06       9.05e-06       9.77e-06       1.05e-05       1.12e-05       1.19e-05       1.27e-05       1.41e-05       1.41e-05       1.48e-05       1.56e-05       1.63e-05       1.70e-05       1.77e-05       1.85e-05       1.92e-05       1.99e-05       2.06e-05       2.14e-05       2.21e-05       2.28e-05       2.35e-05       2.43e-05       2.50e-05       2.57e-05       2.64e-05       2.72e-05       2.79e-05       2.86e-05       2.93e-05       3.01e-05       3.08e-05       3.15e-05       3.22e-05       3.30e-05       3.37e-05       3.44e-05       3.51e-05
  7.9
  -12.0660  -12.0400  -11.9850  -11.9320  -11.9270  -11.9200  -11.9120  -11.9090  -11.9050  -11.8970  -11.8930  -11.8900  -11.8830  -11.8750  -11.8710  -11.8670  -11.8490  -11.8090  -10.2640  -10.2600  -10.2540  -10.2480  -10.2400  -10.2310  -10.2220  -10.2110  -10.2000  -10.1860  -10.1730  -10.1570  -10.1400  -10.1220  -10.1010  -10.0780  -10.0520  -10.0240   -9.9910   -9.9540   -9.9110   -9.8630   -9.8050   -9.7320   -9.6490   -9.5510   -9.4390   -9.3090   -9.1590   -8.9880   -8.4720   -8.2120
       8.59e-07       1.29e-06       2.15e-06       3.01e-06       3.87e-06       4.73e-06       5.59e-06       6.45e-06       7.31e-06       8.17e-06       9.03e-06       9.89e-06       1.07e-05       1.16e-05       1.25e-05       1.33e-05       1.42e-05       1.50e-05       1.59e-05       1.68e-05       1.76e-05       1.85e-05       1.94e-05       2.02e-05       2.11e-05       2.19e-05       2.28e-05       2.37e-05       2.45e-05       2.54e-05       2.62e-05       2.71e-05       2.80e-05       2.88e-05       2.97e-05       3.05e-05       3.14e-05       3.23e-05       3.31e-05       3.40e-05       3.49e-05       3.57e-05       3.66e-05       3.74e-05       3.83e-05       3.92e-05       4.00e-05       4.09e-05       4.18e-05       4.36e-05
 7.95
  -12.0390  -12.0210  -11.9140  -11.8760  -11.8730  -11.8710  -11.8710  -11.8700  -11.8640  -11.8470  -11.8400  -11.8400  -11.8020  -10.2080  -10.1990  -10.1900  -10.1800  -10.1700  -10.1590  -10.1480  -10.1370  -10.1250  -10.1140  -10.1020  -10.0890  -10.0760  -10.0630  -10.0500  -10.0360  -10.0220  -10.0060   -9.9890   -9.9710   -9.9520   -9.9300   -9.9060   -9.8780   -9.8470   -9.8110   -9.7690   -9.7200   -9.6560   -9.5800   -9.4910   -9.3850   -9.2600   -9.1130   -8.9420   -8.4290   -8.1460
       4.89e-07       1.47e-06       2.44e-06       3.42e-06       4.40e-06       6.35e-06       6.35e-06       7.33e-06       8.31e-06       9.29e-06       1.12e-05       1.12e-05       1.22e-05       1.32e-05       1.42e-05       1.52e-05       1.61e-05       1.71e-05       1.81e-05       1.91e-05       2.00e-05       2.10e-05       2.20e-05       2.30e-05       2.40e-05       2.49e-05       2.59e-05       2.69e-05       2.79e-05       2.89e-05       2.98e-05       3.08e-05       3.18e-05       3.28e-05       3.38e-05       3.47e-05       3.57e-05       3.67e-05       3.77e-05       3.87e-05       3.96e-05       4.06e-05       4.16e-05       4.26e-05       4.36e-05       4.45e-05       4.55e-05       4.65e-05       4.75e-05       4.95e-05
  8.0
  -12.0260  -11.9730  -11.8610  -11.8490  -11.8190  -11.8120  -11.8120  -11.8070  -11.8040  -11.7960  -11.7740  -10.1450  -10.1340  -10.1240  -10.1130  -10.1010  -10.0890  -10.0760  -10.0640  -10.0500  -10.0380  -10.0250  -10.0120   -9.9980   -9.9850   -9.9710   -9.9570   -9.9430   -9.9290   -9.9130   -9.8980   -9.8810   -9.8630   -9.8440   -9.8230   -9.8000   -9.7740   -9.7450   -9.7120   -9.6730   -9.6260   -9.5660   -9.4950   -9.4100   -9.3100   -9.1900   -9.0490   -8.8820   -8.3740   -8.0980
       5.23e-07       1.57e-06       2.62e-06       3.66e-06       4.71e-06       6.81e-06       6.81e-06       7.85e-06       8.90e-06       9.95e-06       1.10e-05       1.20e-05       1.31e-05       1.41e-05       1.52e-05       1.62e-05       1.73e-05       1.83e-05       1.94e-05       2.04e-05       2.15e-05       2.25e-05       2.36e-05       2.46e-05       2.57e-05       2.67e-05       2.78e-05       2.88e-05       2.99e-05       3.09e-05       3.20e-05       3.30e-05       3.41e-05       3.51e-05       3.62e-05       3.72e-05       3.83e-05       3.93e-05       4.04e-05       4.14e-05       4.25e-05       4.35e-05       4.46e-05       4.56e-05       4.67e-05       4.77e-05       4.88e-05       4.98e-05       5.09e-05       5.30e-05
  8.3
  -11.7640  -11.6070  -11.5790  -11.5640  -11.5020  -11.4880   -9.8760   -9.8310   -9.7970   -9.7700   -9.7430   -9.7150   -9.6980   -9.6820   -9.6660   -9.6490   -9.6340   -9.6180   -9.6020   -9.5870   -9.5710   -9.5560   -9.5410   -9.5260   -9.5100   -9.4940   -9.4790   -9.4640   -9.4480   -9.4320   -9.4150   -9.3980   -9.3810   -9.3620   -9.3420   -9.3210   -9.2980   -9.2720   -9.2430   -9.2110   -9.1730   -9.1250   -9.0690   -9.0040   -8.9270   -8.8370   -8.7330   -8.6110   -8.4410   -7.8520
       1.34e-06       2.34e-06       3.33e-06       4.33e-06       5.32e-06       6.32e-06       7.32e-06       8.31e-06       9.31e-06       1.03e-05       1.13e-05       1.23e-05       1.33e-05       1.43e-05       1.53e-05       1.63e-05       1.73e-05       1.83e-05       1.93e-05       2.03e-05       2.13e-05       2.23e-05       2.33e-05       2.43e-05       2.53e-05       2.63e-05       2.73e-05       2.82e-05       2.92e-05       3.02e-05       3.12e-05       3.22e-05       3.32e-05       3.42e-05       3.52e-05       3.62e-05       3.72e-05       3.82e-05       3.92e-05       4.02e-05       4.12e-05       4.22e-05       4.32e-05       4.42e-05       4.52e-05       4.62e-05       4.72e-05       4.82e-05       4.92e-05       5.20e-05
  8.4
  -11.6430  -11.5110  -11.4630  -11.4130  -11.3800   -9.8280   -9.7540   -9.7080   -9.6720   -9.6420   -9.6170   -9.5910   -9.5630   -9.5440   -9.5270   -9.5110   -9.4940   -9.4780   -9.4620   -9.4460   -9.4300   -9.4140   -9.3980   -9.3820   -9.3650   -9.3490   -9.3320   -9.3150   -9.2970   -9.2790   -9.2600   -9.2400   -9.2190   -9.1980   -9.1740   -9.1480   -9.1190   -9.0880   -9.0530   -9.0130   -8.9630   -8.9050   -8.8390   -8.7640   -8.6760   -8.5770   -8.4640   -8.3400   -8.2240   -8.1080
       1.17e-06       2.18e-06       3.19e-06       4.20e-06       5.21e-06       6.22e-06       7.23e-06       8.24e-06       9.25e-06       1.03e-05       1.13e-05       1.23e-05       1.33e-05       1.43e-05       1.53e-05       1.63e-05       1.73e-05       1.84e-05       1.94e-05       2.04e-05       2.14e-05       2.24e-05       2.34e-05       2.44e-05       2.54e-05       2.65e-05       2.75e-05       2.85e-05       2.95e-05       3.05e-05       3.15e-05       3.25e-05       3.35e-05       3.45e-05       3.56e-05       3.66e-05       3.76e-05       3.86e-05       3.96e-05       4.06e-05       4.16e-05       4.26e-05       4.37e-05       4.47e-05       4.57e-05       4.67e-05       4.77e-05       4.87e-05       4.97e-05       5.29e-05
  8.6
  -11.3590  -11.1840  -11.1770   -9.9740   -9.6730   -9.5540   -9.4850   -9.4370   -9.3960   -9.3610   -9.3290   -9.3000   -9.2710   -9.2390   -9.2100   -9.1820   -9.1550   -9.1320   -9.1100   -9.0890   -9.0670   -9.0440   -9.0200   -8.9960   -8.9700   -8.9440   -8.9150   -8.8860   -8.8550   -8.8210   -8.7860   -8.7480   -8.7070   -8.6630   -8.6140   -8.5560   -8.4910   -8.4220   -8.3440   -8.2610   -8.1700   -8.0710   -7.9640   -7.8510
       1.25e-06       2.44e-06       3.64e-06       4.83e-06       6.02e-06       7.22e-06       8.41e-06       9.60e-06       1.08e-05       1.20e-05       1.32e-05       1.44e-05       1.56e-05       1.68e-05       1.80e-05       1.92e-05       2.04e-05       2.15e-05       2.27e-05       2.39e-05       2.51e-05       2.63e-05       2.75e-05       2.87e-05       2.99e-05       3.11e-05       3.23e-05       3.35e-05       3.47e-05       3.59e-05       3.71e-05       3.83e-05       3.95e-05       4.07e-05       4.19e-05       4.30e-05       4.42e-05       4.54e-05       4.66e-05       4.78e-05       4.90e-05       5.02e-05       5.14e-05       5.26e-05
 8.65
  -11.2650  -11.1190  -11.0870   -9.7340   -9.5560   -9.4740   -9.4060   -9.3570   -9.3150   -9.2770   -9.2430   -9.2130   -9.1800   -9.1470   -9.1160   -9.0850   -9.0550   -9.0240   -8.9940   -8.9690   -8.9440   -8.9170   -8.8910   -8.8620   -8.8330   -8.8020   -8.7700   -8.7360   -8.7000   -8.6620   -8.6210   -8.5770   -8.5310   -8.4810   -8.4230   -8.3580   -8.2870   -8.2110   -8.1290   -8.0400   -7.9450   -7.8420   -7.7330   -7.6180   -7.2040   -7.0910
       1.28e-06       2.52e-06       3.77e-06       5.01e-06       6.25e-06       7.49e-06       8.74e-06       9.98e-06       1.12e-05       1.25e-05       1.37e-05       1.50e-05       1.62e-05       1.74e-05       1.87e-05       1.99e-05       2.12e-05       2.24e-05       2.37e-05       2.49e-05       2.61e-05       2.74e-05       2.86e-05       2.99e-05       3.11e-05       3.24e-05       3.36e-05       3.48e-05       3.61e-05       3.73e-05       3.86e-05       3.98e-05       4.11e-05       4.23e-05       4.36e-05       4.48e-05       4.60e-05       4.73e-05       4.85e-05       4.98e-05       5.10e-05       5.23e-05       5.35e-05       5.48e-05       5.60e-05       5.72e-05
  8.7
  -11.2140  -11.0610  -10.1200   -9.6540   -9.4900   -9.3950   -9.3340   -9.2870   -9.2470   -9.2110   -9.1770   -9.1420   -9.1050   -9.0700   -9.0370   -9.0030   -8.9680   -8.9320   -8.8980   -8.8690   -8.8390   -8.8070   -8.7750   -8.7400   -8.7040   -8.6670   -8.6270   -8.5850   -8.5410   -8.4940   -8.4450   -8.3920   -8.3300   -8.2630   -8.1910   -8.1140   -8.0320   -7.9450   -7.8510   -7.7520   -7.6490   -7.5390   -7.1300
       1.26e-06       2.51e-06       3.76e-06       5.01e-06       6.25e-06       7.50e-06       8.75e-06       1.00e-05       1.12e-05       1.25e-05       1.37e-05       1.50e-05       1.62e-05       1.75e-05       1.87e-05       2.00e-05       2.12e-05       2.25e-05       2.37e-05       2.50e-05       2.62e-05       2.75e-05       2.87e-05       3.00e-05       3.12e-05       3.25e-05       3.37e-05       3.50e-05       3.62e-05       3.75e-05       3.87e-05       4.00e-05       4.12e-05       4.25e-05       4.37e-05       4.50e-05       4.62e-05       4.75e-05       4.87e-05       5.00e-05       5.12e-05       5.25e-05       5.37e-05
 8.85
  -10.9560  -10.8060   -9.4870
       5.46e-06       1.14e-05       1.73e-05
  8.9
  -10.8740  -10.7980   -9.5180   -9.2600   -9.1380   -9.0540   -8.9820   -8.9230   -8.8760   -8.8240   -8.7760   -8.7280   -8.6780   -8.6270   -8.5740   -8.5190   -8.4770   -8.4330   -8.3880   -8.3410   -8.2920   -8.2420   -8.1910   -8.1370   -8.0820   -8.0250   -7.9630   -7.8940   -7.8220   -7.7480   -7.6710   -7.5910   -7.5100   -7.4250   -7.3380   -7.2480   -7.1570   -6.7730   -6.6750   -6.5780   -6.4800   -6.3820   -6.2850   -6.1870   -6.0890   -5.9920   -5.8940   -5.7960   -5.7010   -5.6040   -5.2330
       1.50e-06       2.92e-06       4.35e-06       5.77e-06       7.19e-06       8.61e-06       1.00e-05       1.15e-05       1.29e-05       1.43e-05       1.57e-05       1.71e-05       1.86e-05       2.00e-05       2.14e-05       2.28e-05       2.42e-05       2.57e-05       2.71e-05       2.85e-05       2.99e-05       3.14e-05       3.28e-05       3.42e-05       3.56e-05       3.70e-05       3.85e-05       3.99e-05       4.13e-05       4.27e-05       4.42e-05       4.56e-05       4.70e-05       4.84e-05       4.99e-05       5.13e-05       5.27e-05       5.41e-05       5.55e-05       5.70e-05       5.84e-05       5.98e-05       6.12e-05       6.27e-05       6.41e-05       6.55e-05       6.69e-05       6.84e-05       6.98e-05       7.54e-05       8.64e-05
 8.95
  -10.8070  -10.7600   -9.4830   -9.2090   -9.0850   -8.9980   -8.9240   -8.8730   -8.8250   -8.7750   -8.7250   -8.6770   -8.6290   -8.5770   -8.5240   -8.4760   -8.4340   -8.3900   -8.3460   -8.2990   -8.2520   -8.2030   -8.1520   -8.0990   -8.0450   -7.9900   -7.9270   -7.8590   -7.7900   -7.7180   -7.6430   -7.5670   -7.4880   -7.4080   -7.3250   -7.2410   -7.1550   -6.7700   -6.6660   -6.5740   -6.4810   -6.3880   -6.2950   -6.2030   -6.1100   -6.0170   -5.9240   -5.8310
       1.15e-06       2.29e-06       3.42e-06       4.55e-06       5.69e-06       6.82e-06       7.95e-06       9.09e-06       1.02e-05       1.14e-05       1.25e-05       1.36e-05       1.48e-05       1.59e-05       1.70e-05       1.82e-05       1.93e-05       2.04e-05       2.16e-05       2.27e-05       2.38e-05       2.50e-05       2.61e-05       2.72e-05       2.84e-05       2.95e-05       3.06e-05       3.18e-05       3.29e-05       3.40e-05       3.52e-05       3.63e-05       3.74e-05       3.86e-05       3.97e-05       4.08e-05       4.20e-05       4.31e-05       4.42e-05       4.54e-05       4.65e-05       4.76e-05       4.88e-05       4.99e-05       5.11e-05       5.22e-05       5.33e-05       5.45e-05
  9.0
  -10.7380  -10.7160   -9.4200   -9.1570   -9.0290   -8.9410   -8.8760   -8.8240   -8.7740   -8.7230   -8.6720   -8.6230   -8.5730   -8.5200   -8.4680   -8.4270   -8.3830   -8.3390   -8.2930   -8.2460   -8.1970   -8.1470   -8.0950   -8.0420   -7.9870   -7.9290   -7.8620   -7.7940   -7.7240   -7.6520   -7.5780   -7.5020   -7.4240   -7.3450   -7.2650   -7.1800   -7.0870   -6.7100   -6.6080   -6.5220   -6.4370   -6.3510   -6.2650   -6.1790
       1.03e-06       2.06e-06       3.08e-06       4.11e-06       5.14e-06       6.17e-06       7.20e-06       8.22e-06       9.25e-06       1.03e-05       1.13e-05       1.23e-05       1.34e-05       1.44e-05       1.54e-05       1.64e-05       1.75e-05       1.85e-05       1.95e-05       2.06e-05       2.16e-05       2.26e-05       2.36e-05       2.47e-05       2.57e-05       2.67e-05       2.78e-05       2.88e-05       2.98e-05       3.08e-05       3.19e-05       3.29e-05       3.39e-05       3.50e-05       3.60e-05       3.70e-05       3.80e-05       3.91e-05       4.01e-05       4.11e-05       4.22e-05       4.32e-05       4.42e-05       4.52e-05
  9.1
  -10.6190  -10.6070   -9.2870   -9.0400   -8.9150   -8.8290   -8.7690   -8.7160   -8.6650   -8.6100   -8.5600   -8.5100   -8.4570   -8.4020   -8.3610   -8.3180   -8.2740   -8.2290   -8.1830   -8.1350   -8.0850   -8.0350   -7.9830   -7.9300   -7.8750   -7.8120   -7.7470   -7.6800   -7.6110   -7.5410   -7.4690   -7.3960   -7.3230   -7.2470   -7.1690   -7.0820   -6.9960   -6.9070   -6.5270   -6.4450   -6.3650   -6.2850
       8.21e-07       1.66e-06       2.48e-06       3.30e-06       4.12e-06       4.94e-06       5.76e-06       6.58e-06       7.40e-06       8.22e-06       9.04e-06       9.86e-06       1.07e-05       1.15e-05       1.23e-05       1.31e-05       1.40e-05       1.48e-05       1.56e-05       1.64e-05       1.73e-05       1.81e-05       1.89e-05       1.97e-05       2.05e-05       2.14e-05       2.22e-05       2.30e-05       2.38e-05       2.46e-05       2.55e-05       2.63e-05       2.71e-05       2.79e-05       2.87e-05       2.96e-05       3.04e-05       3.12e-05       3.20e-05       3.29e-05       3.37e-05       3.45e-05
  9.3
  -10.4550   -9.6160   -8.9910   -8.7920   -8.6800   -8.6090   -8.5490   -8.4950   -8.4400   -8.3840   -8.3330   -8.2790   -8.2290   -8.1870   -8.1440   -8.1000   -8.0560   -8.0100   -7.9640   -7.9160   -7.8680   -7.8190   -7.7680   -7.7170   -7.6590   -7.5990   -7.5380   -7.4760   -7.4120   -7.3480   -7.2830   -7.2180   -7.1520   -7.0810   -7.0000   -6.9190   -6.8380   -6.7560   -6.6740   -6.2980   -6.2210   -6.1450   -6.0700   -5.9950   -5.9190   -5.8440   -5.7690   -5.6930
       5.85e-07       1.16e-06       1.73e-06       2.30e-06       2.87e-06       3.44e-06       4.01e-06       4.58e-06       5.15e-06       5.72e-06       6.29e-06       6.86e-06       7.43e-06       8.00e-06       8.57e-06       9.14e-06       9.71e-06       1.03e-05       1.08e-05       1.14e-05       1.20e-05       1.26e-05       1.31e-05       1.37e-05       1.43e-05       1.48e-05       1.54e-05       1.60e-05       1.66e-05       1.71e-05       1.77e-05       1.83e-05       1.88e-05       1.94e-05       2.00e-05       2.05e-05       2.11e-05       2.17e-05       2.23e-05       2.28e-05       2.34e-05       2.40e-05       2.45e-05       2.51e-05       2.57e-05       2.62e-05       2.68e-05       2.74e-05
 9.35
  -10.4420   -9.4390   -8.9080   -8.7230   -8.6220   -8.5530   -8.4930   -8.4380   -8.3830   -8.3270   -8.2740   -8.2210   -8.1760   -8.1340   -8.0910   -8.0480   -8.0020   -7.9570   -7.9100   -7.8620   -7.8140   -7.7650   -7.7140   -7.6610   -7.6020   -7.5430   -7.4820   -7.4210   -7.3590   -7.2960   -7.2330   -7.1680   -7.1040   -7.0270   -6.9480   -6.8700   -6.7890   -6.7100   -6.6310   -6.2580   -6.1810   -6.1080   -6.0350   -5.9610   -5.8870   -5.8140   -5.7400
       5.27e-07       1.04e-06       1.55e-06       2.06e-06       2.57e-06       3.08e-06       3.59e-06       4.10e-06       4.61e-06       5.12e-06       5.63e-06       6.14e-06       6.65e-06       7.16e-06       7.67e-06       8.18e-06       8.69e-06       9.20e-06       9.71e-06       1.02e-05       1.07e-05       1.12e-05       1.18e-05       1.23e-05       1.28e-05       1.33e-05       1.38e-05       1.43e-05       1.48e-05       1.53e-05       1.58e-05       1.63e-05       1.69e-05       1.74e-05       1.79e-05       1.84e-05       1.89e-05       1.94e-05       1.99e-05       2.04e-05       2.09e-05       2.15e-05       2.20e-05       2.25e-05       2.30e-05       2.35e-05       2.40e-05
  9.4
  -10.4200   -9.3090   -8.8430   -8.6680   -8.5740   -8.5050   -8.4450   -8.3920   -8.3350   -8.2800   -8.2280   -8.1730   -8.1320   -8.0900   -8.0480   -8.0040   -7.9600   -7.9150   -7.8690   -7.8220   -7.7740   -7.7250   -7.6760   -7.6240   -7.5660   -7.5090   -7.4490   -7.3890   -7.3280   -7.2670   -7.2050   -7.1440   -7.0810   -7.0040   -6.9260   -6.8480   -6.7690   -6.6910   -6.6100   -6.2440   -6.1600   -6.0870   -6.0140   -5.9410   -5.8680   -5.7950   -5.7220   -5.6490   -5.5760   -5.5030
       4.86e-07       9.62e-07       1.44e-06       1.91e-06       2.39e-06       2.87e-06       3.34e-06       3.82e-06       4.30e-06       4.77e-06       5.25e-06       5.73e-06       6.20e-06       6.68e-06       7.16e-06       7.63e-06       8.11e-06       8.58e-06       9.06e-06       9.54e-06       1.00e-05       1.05e-05       1.10e-05       1.14e-05       1.19e-05       1.24e-05       1.29e-05       1.34e-05       1.38e-05       1.43e-05       1.48e-05       1.53e-05       1.57e-05       1.62e-05       1.67e-05       1.72e-05       1.76e-05       1.81e-05       1.86e-05       1.91e-05       1.95e-05       2.00e-05       2.05e-05       2.10e-05       2.15e-05       2.19e-05       2.24e-05       2.29e-05       2.34e-05       2.57e-05
 9.65
  -10.1370   -8.7960   -8.5320   -8.4050   -8.3230   -8.2580   -8.2000   -8.1490   -8.0970   -8.0430   -8.0020   -7.9650   -7.9280   -7.8900   -7.8530   -7.8140   -7.7750   -7.7360   -7.6960   -7.6560   -7.6160   -7.5750   -7.5350   -7.4940   -7.4480   -7.4020   -7.3550   -7.3090   -7.2610   -7.2140   -7.1540   -7.0790   -7.0020   -6.9270   -6.8500   -6.7730   -6.6960   -6.6190   -6.5400   -6.4620   -6.3830   -6.3040   -5.9370   -5.8540   -5.7810   -5.7090   -5.6360   -5.5640   -5.4910   -5.4180   -5.0850
       2.85e-07       5.60e-07       8.34e-07       1.11e-06       1.38e-06       1.66e-06       1.93e-06       2.21e-06       2.48e-06       2.76e-06       3.03e-06       3.30e-06       3.58e-06       3.85e-06       4.13e-06       4.40e-06       4.68e-06       4.95e-06       5.23e-06       5.50e-06       5.78e-06       6.05e-06       6.32e-06       6.60e-06       6.87e-06       7.15e-06       7.42e-06       7.70e-06       7.97e-06       8.25e-06       8.52e-06       8.80e-06       9.07e-06       9.34e-06       9.62e-06       9.89e-06       1.02e-05       1.04e-05       1.07e-05       1.10e-05       1.13e-05       1.15e-05       1.18e-05       1.21e-05       1.24e-05       1.26e-05       1.29e-05       1.32e-05       1.35e-05       1.50e-05       1.82e-05
  9.7
   -9.5720   -8.7150   -8.4730   -8.3520   -8.2710   -8.2060   -8.1500   -8.0990   -8.0470   -7.9940   -7.9580   -7.9210   -7.8840   -7.8470   -7.8090   -7.7710   -7.7330   -7.6940   -7.6550   -7.6160   -7.5760   -7.5360   -7.4960   -7.4560   -7.4110   -7.3660   -7.3210   -7.2760   -7.2300   -7.1760   -7.1030   -7.0300   -6.9550   -6.8810   -6.8070   -6.7320   -6.6560   -6.5800   -6.5040   -6.4280   -6.3510   -6.2740   -5.9110   -5.8250   -5.7540   -5.6830   -5.6120   -5.5410   -5.4710   -5.4000   -5.0700
       2.55e-07       5.00e-07       7.45e-07       9.89e-07       1.23e-06       1.48e-06       1.72e-06       1.97e-06       2.21e-06       2.46e-06       2.70e-06       2.95e-06       3.19e-06       3.44e-06       3.68e-06       3.93e-06       4.17e-06       4.42e-06       4.66e-06       4.91e-06       5.15e-06       5.40e-06       5.64e-06       5.89e-06       6.13e-06       6.38e-06       6.62e-06       6.86e-06       7.11e-06       7.35e-06       7.60e-06       7.84e-06       8.09e-06       8.33e-06       8.58e-06       8.82e-06       9.07e-06       9.31e-06       9.56e-06       9.80e-06       1.00e-05       1.03e-05       1.05e-05       1.08e-05       1.10e-05       1.13e-05       1.15e-05       1.18e-05       1.20e-05       1.34e-05       1.64e-05
  9.9
   -8.4440   -8.2320   -8.1170   -8.0380   -7.9730   -7.9130   -7.8600   -7.8110   -7.7700   -7.7310   -7.6910   -7.6510   -7.6110   -7.5700   -7.5290   -7.4870   -7.4450   -7.4030   -7.3610   -7.3180   -7.2760   -7.2290   -7.1810   -7.1330   -7.0840   -7.0360   -6.9880   -6.9320   -6.8700   -6.8080   -6.7460   -6.6840   -6.6220   -6.5590   -6.4960   -6.4320   -6.3690   -6.3050   -6.2400   -6.1750   -6.1110   -5.7630   -5.6860   -5.6260   -5.5670   -5.5080   -5.4490   -5.3890   -5.3300   -5.2700   -4.9620
       2.01e-07       4.03e-07       6.06e-07       8.07e-07       1.01e-06       1.21e-06       1.41e-06       1.61e-06       1.82e-06       2.02e-06       2.22e-06       2.42e-06       2.62e-06       2.83e-06       3.03e-06       3.23e-06       3.43e-06       3.63e-06       3.84e-06       4.04e-06       4.24e-06       4.44e-06       4.64e-06       4.84e-06       5.05e-06       5.25e-06       5.45e-06       5.65e-06       5.85e-06       6.06e-06       6.26e-06       6.46e-06       6.66e-06       6.86e-06       7.07e-06       7.27e-06       7.47e-06       7.67e-06       7.87e-06       8.07e-06       8.28e-06       8.48e-06       8.68e-06       8.88e-06       9.08e-06       9.29e-06       9.49e-06       9.69e-06       9.89e-06       1.10e-05       1.32e-05
 9.95
   -8.2650   -8.1230   -8.0290   -7.9580   -7.8970   -7.8410   -7.7950   -7.7500   -7.7110   -7.6720   -7.6330   -7.5930   -7.5530   -7.5120   -7.4720   -7.4310   -7.3900   -7.3490   -7.3070   -7.2650   -7.2220   -7.1750   -7.1280   -7.0810   -7.0330   -6.9850   -6.9380   -6.8880   -6.8260   -6.7640   -6.7020   -6.6400   -6.5770   -6.5150   -6.4520   -6.3890   -6.3260   -6.2620   -6.1980   -6.1330   -6.0680   -5.7180   -5.6450   -5.5860   -5.5270   -5.4690   -5.4090   -5.3500   -5.2910   -5.2320
       1.92e-07       3.81e-07       5.68e-07       7.56e-07       9.45e-07       1.13e-06       1.32e-06       1.51e-06       1.70e-06       1.89e-06       2.07e-06       2.26e-06       2.45e-06       2.64e-06       2.83e-06       3.02e-06       3.20e-06       3.39e-06       3.58e-06       3.77e-06       3.96e-06       4.15e-06       4.33e-06       4.52e-06       4.71e-06       4.90e-06       5.09e-06       5.28e-06       5.46e-06       5.65e-06       5.84e-06       6.03e-06       6.22e-06       6.40e-06       6.59e-06       6.78e-06       6.97e-06       7.16e-06       7.35e-06       7.54e-06       7.72e-06       7.91e-06       8.10e-06       8.29e-06       8.48e-06       8.66e-06       8.85e-06       9.04e-06       9.23e-06       1.03e-05
 10.0
   -8.1050   -8.0090   -7.9360   -7.8740   -7.8170   -7.7760   -7.7340   -7.6910   -7.6530   -7.6150   -7.5760   -7.5370   -7.4980   -7.4580   -7.4180   -7.3780   -7.3380   -7.2970   -7.2570   -7.2160   -7.1700   -7.1240   -7.0780   -7.0310   -6.9850   -6.9380   -6.8920   -6.8450   -6.7830   -6.7210   -6.6590   -6.5960   -6.5340   -6.4710   -6.4060   -6.3440   -6.2790   -6.2150   -6.1500
       1.78e-07       3.53e-07       5.30e-07       7.07e-07       8.82e-07       1.06e-06       1.23e-06       1.41e-06       1.59e-06       1.76e-06       1.94e-06       2.11e-06       2.29e-06       2.46e-06       2.64e-06       2.82e-06       2.99e-06       3.17e-06       3.34e-06       3.52e-06       3.70e-06       3.87e-06       4.05e-06       4.22e-06       4.40e-06       4.58e-06       4.75e-06       4.93e-06       5.10e-06       5.28e-06       5.45e-06       5.63e-06       5.81e-06       5.98e-06       6.16e-06       6.33e-06       6.51e-06       6.69e-06       6.86e-06
10.15
   -7.6960   -7.6640   -7.6280   -7.5920   -7.5600   -7.5260   -7.4920   -7.4570   -7.4220   -7.3870   -7.3520   -7.3160   -7.2770
       1.61e-07       3.15e-07       4.67e-07       6.19e-07       7.73e-07       9.27e-07       1.08e-06       1.23e-06       1.39e-06       1.54e-06       1.70e-06       1.85e-06       2.00e-06
