  7.6
   -8.2930   -8.2900   -8.2860   -8.2830   -8.2800   -8.2760   -8.2730   -8.2710   -8.2670   -8.2640   -8.2610   -8.2570   -8.2540   -8.2510   -8.2470   -8.2450   -8.2420   -8.2390   -8.2350   -8.2320   -8.2290   -8.2260   -8.2230   -8.2200   -8.2170   -8.2130   -8.2100   -8.2070   -8.2030   -8.2010   -8.1980   -8.1950   -8.1920   -8.1880   -8.1850   -8.1820   -8.1800   -8.1760   -8.1730   -8.1700   -8.1670   -8.1640   -8.1610   -8.1590   -8.1550   -8.1530   -8.1500   -8.1460   -8.1430   -8.1400
       3.61e-08       1.08e-07       1.81e-07       2.53e-07       3.25e-07       3.97e-07       4.70e-07       5.42e-07       6.14e-07       6.87e-07       7.59e-07       8.31e-07       9.03e-07       9.76e-07       1.05e-06       1.12e-06       1.19e-06       1.26e-06       1.34e-06       1.41e-06       1.48e-06       1.55e-06       1.63e-06       1.70e-06       1.77e-06       1.84e-06       1.92e-06       1.99e-06       2.06e-06       2.13e-06       2.20e-06       2.28e-06       2.35e-06       2.42e-06       2.49e-06       2.57e-06       2.64e-06       2.71e-06       2.78e-06       2.86e-06       2.93e-06       3.00e-06       3.07e-06       3.14e-06       3.22e-06       3.29e-06       3.36e-06       3.43e-06       3.51e-06       4.11e-06
  7.7
  -12.1140  -12.1000  -12.0960  -12.0880  -12.0850  -12.0810  -12.0790  -12.0730  -12.0670  -12.0550  -12.0540  -12.0500  -12.0380  -12.0270  -12.0240  -12.0220  -12.0210  -12.0150  -12.0070  -12.0030  -11.9940  -11.9820  -11.9640  -11.9620  -11.9450  -11.9310  -11.9270  -11.9250  -10.4120  -10.3990  -10.3840  -10.3630  -10.3540  -10.3380  -10.3010  -10.2510  -10.1930  -10.1300  -10.0620   -9.9890   -9.9060   -9.8180   -9.7230   -9.6220   -9.5150   -9.4010   -9.2540   -9.0950   -8.9340   -8.4700
       3.49e-07       6.98e-07       1.05e-06       1.40e-06       1.74e-06       2.09e-06       2.27e-06       2.62e-06       2.97e-06       3.32e-06       3.67e-06       4.01e-06       4.36e-06       4.71e-06       5.06e-06       5.41e-06       5.76e-06       6.11e-06       6.46e-06       6.81e-06       7.16e-06       7.51e-06       7.86e-06       8.20e-06       8.55e-06       8.90e-06       9.25e-06       9.60e-06       9.95e-06       1.03e-05       1.06e-05       1.10e-05       1.13e-05       1.17e-05       1.20e-05       1.24e-05       1.27e-05       1.31e-05       1.34e-05       1.38e-05       1.41e-05       1.45e-05       1.48e-05       1.52e-05       1.55e-05       1.59e-05       1.62e-05       1.66e-05       1.69e-05       1.81e-05
 7.85
  -12.0790  -12.0750  -12.0720  -12.0630  -12.0520  -12.0420  -12.0300  -12.0280  -12.0220  -12.0190  -12.0090  -12.0080  -12.0060  -12.0060  -12.0060  -11.9980  -11.9980  -11.9690  -11.9630  -11.9610  -11.9410  -11.9290  -11.9250  -11.9010  -11.9010  -11.8770  -11.8690  -10.3920  -10.3720  -10.3470  -10.3180  -10.2840  -10.2450  -10.2020  -10.1560  -10.1160  -10.0690  -10.0180   -9.9600   -9.8950   -9.8220   -9.7400   -9.6470   -9.5380   -9.4170   -9.2810   -9.1320   -8.9690   -8.8020
       6.87e-07       1.37e-06       2.06e-06       2.75e-06       3.44e-06       4.12e-06       4.81e-06       5.50e-06       6.19e-06       6.87e-06       7.56e-06       8.25e-06       1.03e-05       1.03e-05       1.03e-05       1.17e-05       1.17e-05       1.24e-05       1.31e-05       1.37e-05       1.44e-05       1.51e-05       1.55e-05       1.68e-05       1.68e-05       1.75e-05       1.82e-05       1.89e-05       1.96e-05       2.03e-05       2.10e-05       2.17e-05       2.23e-05       2.30e-05       2.37e-05       2.44e-05       2.51e-05       2.58e-05       2.65e-05       2.72e-05       2.78e-05       2.85e-05       2.92e-05       2.99e-05       3.06e-05       3.13e-05       3.20e-05       3.27e-05       3.34e-05
  7.9
  -11.9880  -11.9880  -11.9800  -11.9660  -11.9570  -11.9520  -11.9480  -11.9460  -11.9390  -11.9390  -11.9290  -11.9260  -11.9240  -11.9210  -11.9180  -11.9010  -11.8920  -11.8810  -11.8590  -11.8250  -11.8180  -10.3190  -10.3090  -10.2960  -10.2820  -10.2670  -10.2510  -10.2330  -10.2130  -10.1920  -10.1680  -10.1410  -10.1120  -10.0780  -10.0410  -10.0080   -9.9730   -9.9330   -9.8870   -9.8340   -9.7740   -9.7060   -9.6270   -9.5380   -9.4300   -9.3060   -9.1660   -9.0100   -8.8060   -8.5830
       1.59e-06       1.59e-06       2.38e-06       3.18e-06       3.97e-06       4.77e-06       5.56e-06       6.35e-06       7.94e-06       7.94e-06       8.74e-06       9.53e-06       1.03e-05       1.11e-05       1.19e-05       1.27e-05       1.31e-05       1.39e-05       1.47e-05       1.55e-05       1.63e-05       1.71e-05       1.79e-05       1.87e-05       1.95e-05       2.03e-05       2.11e-05       2.18e-05       2.26e-05       2.34e-05       2.42e-05       2.50e-05       2.58e-05       2.66e-05       2.74e-05       2.82e-05       2.90e-05       2.98e-05       3.06e-05       3.14e-05       3.22e-05       3.30e-05       3.38e-05       3.46e-05       3.54e-05       3.62e-05       3.70e-05       3.78e-05       3.86e-05       4.05e-05
 7.95
  -11.9660  -11.9560  -11.9450  -11.9440  -11.9270  -11.9160  -11.9080  -11.8910  -11.8910  -11.8890  -11.8820  -11.8750  -11.8590  -11.8380  -11.8110  -11.7940  -10.2690  -10.2560  -10.2440  -10.2310  -10.2180  -10.2040  -10.1890  -10.1750  -10.1600  -10.1450  -10.1280  -10.1110  -10.0920  -10.0720  -10.0510  -10.0290  -10.0040   -9.9770   -9.9460   -9.9200   -9.8910   -9.8590   -9.8220   -9.7800   -9.7310   -9.6760   -9.6120   -9.5370   -9.4500   -9.3440   -9.2220   -9.0820   -8.9230   -8.5770
       8.82e-07       1.76e-06       2.65e-06       3.53e-06       4.41e-06       5.29e-06       6.18e-06       7.94e-06       7.94e-06       8.82e-06       9.26e-06       1.01e-05       1.10e-05       1.19e-05       1.28e-05       1.37e-05       1.46e-05       1.54e-05       1.63e-05       1.72e-05       1.81e-05       1.90e-05       1.99e-05       2.07e-05       2.16e-05       2.25e-05       2.34e-05       2.43e-05       2.52e-05       2.60e-05       2.69e-05       2.78e-05       2.87e-05       2.96e-05       3.05e-05       3.13e-05       3.22e-05       3.31e-05       3.40e-05       3.49e-05       3.58e-05       3.67e-05       3.75e-05       3.84e-05       3.93e-05       4.02e-05       4.11e-05       4.20e-05       4.28e-05       4.50e-05
  8.0
  -11.9510  -11.9180  -11.9080  -11.9010  -11.9000  -11.8770  -11.8700  -11.8580  -11.8430  -11.8400  -11.8390  -11.8220  -11.7870  -11.7640  -10.2210  -10.2070  -10.1930  -10.1790  -10.1640  -10.1490  -10.1350  -10.1200  -10.1040  -10.0880  -10.0720  -10.0560  -10.0380  -10.0210  -10.0020   -9.9830   -9.9620   -9.9400   -9.9150   -9.8900   -9.8620   -9.8380   -9.8110   -9.7810   -9.7450   -9.7060   -9.6600   -9.6070   -9.5440   -9.4730   -9.3900   -9.2880   -9.1700   -9.0340   -8.8800   -8.5320
       8.95e-07       1.79e-06       2.68e-06       3.58e-06       4.47e-06       5.37e-06       5.82e-06       6.71e-06       7.61e-06       8.50e-06       9.40e-06       1.03e-05       1.12e-05       1.21e-05       1.30e-05       1.39e-05       1.48e-05       1.57e-05       1.66e-05       1.75e-05       1.84e-05       1.92e-05       2.01e-05       2.10e-05       2.19e-05       2.28e-05       2.37e-05       2.46e-05       2.55e-05       2.64e-05       2.73e-05       2.82e-05       2.91e-05       3.00e-05       3.09e-05       3.18e-05       3.27e-05       3.36e-05       3.45e-05       3.54e-05       3.63e-05       3.72e-05       3.81e-05       3.90e-05       3.99e-05       4.08e-05       4.17e-05       4.26e-05       4.35e-05       4.57e-05
  8.3
  -11.7520  -11.7130  -11.6840  -11.6490  -11.6040  -11.6030  -11.5740  -11.5720  -11.5330  -10.0050   -9.9620   -9.9270   -9.8960   -9.8660   -9.8370   -9.8180   -9.7990   -9.7830   -9.7680   -9.7510   -9.7350   -9.7180   -9.7020   -9.6840   -9.6670   -9.6480   -9.6300   -9.6110   -9.5900   -9.5680   -9.5440   -9.5200   -9.4930   -9.4640   -9.4390   -9.4130   -9.3850   -9.3540   -9.3190   -9.2800   -9.2370   -9.1880   -9.1330   -9.0710   -9.0030   -8.9220   -8.8320   -8.7180   -8.4710
       7.31e-07       1.80e-06       2.53e-06       3.27e-06       4.00e-06       4.73e-06       5.46e-06       6.19e-06       6.92e-06       7.65e-06       8.39e-06       9.12e-06       9.85e-06       1.06e-05       1.13e-05       1.20e-05       1.28e-05       1.35e-05       1.42e-05       1.50e-05       1.57e-05       1.64e-05       1.72e-05       1.79e-05       1.86e-05       1.94e-05       2.01e-05       2.08e-05       2.16e-05       2.23e-05       2.30e-05       2.38e-05       2.45e-05       2.52e-05       2.59e-05       2.67e-05       2.74e-05       2.81e-05       2.89e-05       2.96e-05       3.03e-05       3.11e-05       3.18e-05       3.25e-05       3.33e-05       3.40e-05       3.47e-05       3.55e-05       3.62e-05
  8.4
  -11.6280  -11.6180  -11.5300  -11.5010  -11.4930  -11.4370  -11.4300   -9.9930   -9.9160   -9.8660   -9.8250   -9.7890   -9.7580   -9.7270   -9.6950   -9.6640   -9.6410   -9.6220   -9.6040   -9.5840   -9.5650   -9.5450   -9.5250   -9.5040   -9.4830   -9.4600   -9.4370   -9.4120   -9.3860   -9.3580   -9.3290   -9.2970   -9.2650   -9.2370   -9.2070   -9.1740   -9.1380   -9.0970   -9.0530   -9.0040   -8.9500   -8.8890   -8.8220   -8.7450   -8.6590   -8.5640   -8.4320   -8.2810
       8.07e-07       1.77e-06       2.58e-06       3.39e-06       4.19e-06       5.00e-06       5.81e-06       6.62e-06       7.42e-06       8.23e-06       9.04e-06       9.85e-06       1.07e-05       1.15e-05       1.23e-05       1.31e-05       1.39e-05       1.47e-05       1.55e-05       1.63e-05       1.71e-05       1.79e-05       1.87e-05       1.95e-05       2.03e-05       2.12e-05       2.20e-05       2.28e-05       2.36e-05       2.44e-05       2.52e-05       2.60e-05       2.68e-05       2.76e-05       2.84e-05       2.92e-05       3.00e-05       3.08e-05       3.17e-05       3.25e-05       3.33e-05       3.41e-05       3.49e-05       3.57e-05       3.65e-05       3.73e-05       3.81e-05       3.89e-05
  8.6
  -11.3380  -11.2450  -11.1090  -10.0090   -9.7840   -9.7020   -9.6560   -9.6240   -9.5810   -9.5360   -9.4920   -9.4470   -9.4030   -9.3600   -9.3170   -9.2740   -9.2290   -9.1840   -9.1350   -9.1000   -9.0640   -9.0270   -8.9900   -8.9500   -8.9070   -8.8630   -8.8160   -8.7660   -8.7210   -8.6790   -8.6340   -8.5870   -8.5360   -8.4820   -8.4230   -8.3600   -8.2910   -8.2140   -8.1290   -8.0380   -7.9390   -7.8340   -7.7230   -7.6050
       1.25e-06       2.47e-06       3.68e-06       4.89e-06       6.11e-06       7.32e-06       8.54e-06       9.75e-06       1.10e-05       1.22e-05       1.34e-05       1.46e-05       1.58e-05       1.70e-05       1.82e-05       1.95e-05       2.07e-05       2.19e-05       2.31e-05       2.43e-05       2.55e-05       2.68e-05       2.80e-05       2.92e-05       3.04e-05       3.16e-05       3.28e-05       3.40e-05       3.53e-05       3.65e-05       3.77e-05       3.89e-05       4.01e-05       4.13e-05       4.25e-05       4.38e-05       4.50e-05       4.62e-05       4.74e-05       4.86e-05       4.98e-05       5.11e-05       5.23e-05       5.35e-05
 8.65
  -11.2710  -11.1690  -11.0430   -9.8920   -9.6960   -9.6170   -9.5710   -9.5360   -9.5070   -9.4580   -9.4060   -9.3550   -9.3040   -9.2530   -9.2010   -9.1450   -9.0880   -9.0290   -8.9850   -8.9410   -8.8940   -8.8460   -8.7950   -8.7410   -8.6840   -8.6280   -8.5810   -8.5320   -8.4810   -8.4260   -8.3690   -8.3080   -8.2430   -8.1740   -8.0960   -8.0120   -7.9240   -7.8290   -7.7290   -7.6240   -7.5130   -7.3960   -7.2760   -7.1540   -6.7330   -6.6240   -6.5160
       1.30e-06       2.58e-06       3.87e-06       5.15e-06       6.44e-06       7.72e-06       9.00e-06       1.03e-05       1.16e-05       1.29e-05       1.41e-05       1.54e-05       1.67e-05       1.80e-05       1.93e-05       2.06e-05       2.19e-05       2.31e-05       2.44e-05       2.57e-05       2.70e-05       2.83e-05       2.96e-05       3.09e-05       3.21e-05       3.34e-05       3.47e-05       3.60e-05       3.73e-05       3.86e-05       3.99e-05       4.11e-05       4.24e-05       4.37e-05       4.50e-05       4.63e-05       4.76e-05       4.89e-05       5.01e-05       5.14e-05       5.27e-05       5.40e-05       5.53e-05       5.66e-05       5.79e-05       5.92e-05       6.04e-05
  8.7
  -11.2090  -11.0940  -10.9740   -9.7270   -9.6130   -9.5360   -9.4870   -9.4500   -9.4190   -9.3780   -9.3190   -9.2600   -9.2020   -9.1400   -9.0770   -9.0090   -8.9380   -8.8830   -8.8290   -8.7740   -8.7150   -8.6530   -8.5890   -8.5250   -8.4720   -8.4180   -8.3600   -8.2990   -8.2360   -8.1690   -8.0990   -8.0240   -7.9420   -7.8540   -7.7640   -7.6690   -7.5690   -7.4640   -7.3570   -7.2410   -7.1220   -6.7020   -6.5890
       1.25e-06       2.49e-06       3.73e-06       4.97e-06       6.21e-06       7.45e-06       8.69e-06       9.93e-06       1.12e-05       1.24e-05       1.37e-05       1.49e-05       1.61e-05       1.74e-05       1.86e-05       1.99e-05       2.11e-05       2.23e-05       2.36e-05       2.48e-05       2.61e-05       2.73e-05       2.85e-05       2.98e-05       3.10e-05       3.23e-05       3.35e-05       3.48e-05       3.60e-05       3.72e-05       3.85e-05       3.97e-05       4.10e-05       4.22e-05       4.34e-05       4.47e-05       4.59e-05       4.72e-05       4.84e-05       4.97e-05       5.09e-05       5.21e-05       5.34e-05
 8.85
  -10.9210   -9.9410   -9.3900   -9.2490   -9.1530   -9.0750   -9.0240   -8.9750   -8.9260   -8.8750   -8.8040   -8.6940   -8.5790   -8.4560   -8.3400   -8.2480   -8.1520   -8.0530   -7.9580   -7.8790   -7.7990   -7.7160   -7.6310   -7.5440   -7.4520   -7.3540   -7.2520   -7.1480   -7.0400   -6.9280   -6.8130   -6.6950   -6.2800   -6.1630   -6.0590   -5.9550
       2.18e-06       4.47e-06       6.76e-06       9.05e-06       1.13e-05       1.36e-05       1.59e-05       1.82e-05       2.05e-05       2.28e-05       2.51e-05       2.74e-05       2.97e-05       3.20e-05       3.42e-05       3.65e-05       3.88e-05       4.11e-05       4.34e-05       4.57e-05       4.80e-05       5.03e-05       5.26e-05       5.49e-05       5.72e-05       5.95e-05       6.17e-05       6.40e-05       6.63e-05       6.86e-05       7.09e-05       7.32e-05       7.55e-05       7.78e-05       8.01e-05       8.24e-05
  8.9
  -10.9310  -10.7360   -9.4790   -9.2600   -9.1780   -9.1250   -9.0810   -9.0380   -8.9980   -8.9470   -8.8670   -8.7820   -8.6940   -8.6010   -8.5030   -8.4320   -8.3590   -8.2840   -8.2060   -8.1250   -8.0620   -7.9990   -7.9340   -7.8680   -7.7990   -7.7300   -7.6580   -7.5800   -7.4990   -7.4160   -7.3310   -7.2450   -7.1550   -7.0640   -6.9730   -6.8790   -6.7760   -6.3760   -6.2610   -6.1640   -6.0660   -5.9690   -5.8710   -5.7730   -5.6750   -5.5780   -5.4790   -5.3810   -5.2840   -5.1870   -4.8370   -4.5570   -4.3800   -4.2320   -4.0880
       2.16e-06       4.29e-06       6.42e-06       8.55e-06       1.07e-05       1.28e-05       1.49e-05       1.71e-05       1.92e-05       2.13e-05       2.35e-05       2.56e-05       2.77e-05       2.99e-05       3.20e-05       3.41e-05       3.63e-05       3.84e-05       4.05e-05       4.27e-05       4.48e-05       4.69e-05       4.90e-05       5.12e-05       5.33e-05       5.54e-05       5.76e-05       5.97e-05       6.18e-05       6.40e-05       6.61e-05       6.82e-05       7.04e-05       7.25e-05       7.46e-05       7.68e-05       7.89e-05       8.10e-05       8.32e-05       8.53e-05       8.75e-05       8.96e-05       9.17e-05       9.39e-05       9.60e-05       9.81e-05       1.00e-04       1.02e-04       1.05e-04       1.13e-04       1.29e-04       1.47e-04       1.65e-04       1.83e-04       2.01e-04
 8.95
  -10.9000  -10.7060   -9.5290   -9.2710   -9.1770   -9.1190   -9.0740   -9.0350   -8.9960   -8.9250   -8.8500   -8.7730   -8.6910   -8.6060   -8.5190   -8.4550   -8.3880   -8.3190   -8.2480   -8.1740   -8.1090   -8.0510   -7.9910   -7.9300   -7.8670   -7.8020   -7.7360   -7.6680   -7.5930   -7.5180   -7.4400   -7.3600   -7.2800   -7.1980   -7.1160   -7.0210   -6.9230   -6.8250   -6.7240   -6.6240   -6.2270   -6.1290   -6.0380   -5.9480   -5.8580   -5.7670   -5.6760   -5.5860   -5.4940   -5.4040
       1.38e-06       2.73e-06       4.09e-06       5.45e-06       6.80e-06       8.16e-06       9.51e-06       1.09e-05       1.22e-05       1.36e-05       1.49e-05       1.63e-05       1.77e-05       1.90e-05       2.04e-05       2.17e-05       2.31e-05       2.44e-05       2.58e-05       2.71e-05       2.85e-05       2.99e-05       3.12e-05       3.26e-05       3.39e-05       3.53e-05       3.66e-05       3.80e-05       3.94e-05       4.07e-05       4.21e-05       4.34e-05       4.48e-05       4.61e-05       4.75e-05       4.89e-05       5.02e-05       5.16e-05       5.29e-05       5.43e-05       5.57e-05       5.70e-05       5.84e-05       5.97e-05       6.11e-05       6.24e-05       6.38e-05       6.52e-05       6.65e-05       7.24e-05
  9.0
  -10.8550  -10.6740   -9.5610   -9.2630   -9.1590   -9.0970   -9.0500   -9.0120   -8.9650   -8.8900   -8.8180   -8.7430   -8.6640   -8.5820   -8.5020   -8.4410   -8.3770   -8.3100   -8.2420   -8.1710   -8.1060   -8.0510   -7.9940   -7.9350   -7.8750   -7.8130   -7.7500   -7.6860   -7.6170   -7.5460   -7.4730   -7.3990   -7.3230   -7.2470   -7.1640   -7.0720   -6.9780   -6.8840   -6.7890   -6.6940   -6.5970   -6.2120   -6.1050   -6.0190   -5.9320   -5.8460   -5.7590   -5.6720   -5.5850   -5.4980
       1.05e-06       2.10e-06       3.14e-06       4.18e-06       5.23e-06       6.27e-06       7.31e-06       8.35e-06       9.40e-06       1.04e-05       1.15e-05       1.25e-05       1.36e-05       1.46e-05       1.57e-05       1.67e-05       1.77e-05       1.88e-05       1.98e-05       2.09e-05       2.19e-05       2.30e-05       2.40e-05       2.51e-05       2.61e-05       2.71e-05       2.82e-05       2.92e-05       3.03e-05       3.13e-05       3.24e-05       3.34e-05       3.44e-05       3.55e-05       3.65e-05       3.76e-05       3.86e-05       3.97e-05       4.07e-05       4.18e-05       4.28e-05       4.38e-05       4.49e-05       4.59e-05       4.70e-05       4.80e-05       4.91e-05       5.01e-05       5.12e-05       5.59e-05
  9.1
  -10.7520  -10.5810   -9.4960   -9.1970   -9.0890   -9.0260   -8.9790   -8.9300   -8.8580   -8.7830   -8.7090   -8.6330   -8.5540   -8.4730   -8.4130   -8.3530   -8.2890   -8.2240   -8.1570   -8.0890   -8.0360   -7.9820   -7.9270   -7.8710   -7.8130   -7.7540   -7.6940   -7.6340   -7.5680   -7.5010   -7.4330   -7.3640   -7.2950   -7.2160   -7.1320   -7.0470   -6.9610   -6.8760   -6.7890   -6.7030   -6.6160
       8.13e-07       1.61e-06       2.40e-06       3.19e-06       3.98e-06       4.77e-06       5.57e-06       6.36e-06       7.15e-06       7.94e-06       8.73e-06       9.53e-06       1.03e-05       1.11e-05       1.19e-05       1.27e-05       1.35e-05       1.43e-05       1.51e-05       1.59e-05       1.67e-05       1.75e-05       1.82e-05       1.90e-05       1.98e-05       2.06e-05       2.14e-05       2.22e-05       2.30e-05       2.38e-05       2.46e-05       2.54e-05       2.62e-05       2.70e-05       2.78e-05       2.85e-05       2.93e-05       3.01e-05       3.09e-05       3.17e-05       3.25e-05
  9.3
  -10.4940  -10.3760   -9.1840   -8.9750   -8.8840   -8.8250   -8.7780   -8.7040   -8.6290   -8.5530   -8.4800   -8.4030   -8.3230   -8.2620   -8.2030   -8.1430   -8.0810   -8.0180   -7.9530   -7.8960   -7.8460   -7.7950   -7.7430   -7.6900   -7.6370   -7.5840   -7.5290   -7.4750   -7.4160   -7.3570   -7.2970   -7.2370   -7.1630   -7.0880   -7.0100   -6.9330   -6.8550   -6.7770   -6.6980   -6.6200   -6.5410   -6.4610   -6.3810
       5.48e-07       1.08e-06       1.61e-06       2.14e-06       2.67e-06       3.20e-06       3.72e-06       4.25e-06       4.78e-06       5.31e-06       5.84e-06       6.37e-06       6.90e-06       7.43e-06       7.96e-06       8.49e-06       9.02e-06       9.55e-06       1.01e-05       1.06e-05       1.11e-05       1.17e-05       1.22e-05       1.27e-05       1.33e-05       1.38e-05       1.43e-05       1.48e-05       1.54e-05       1.59e-05       1.64e-05       1.70e-05       1.75e-05       1.80e-05       1.85e-05       1.91e-05       1.96e-05       2.01e-05       2.07e-05       2.12e-05       2.17e-05       2.23e-05       2.28e-05
 9.35
  -10.4400  -10.3410   -9.1400   -8.9310   -8.8400   -8.7810   -8.7280   -8.6540   -8.5790   -8.5030   -8.4300   -8.3550   -8.2750   -8.2160   -8.1590   -8.1000   -8.0390   -7.9780   -7.9140   -7.8570   -7.8090   -7.7590   -7.7090   -7.6590   -7.6080   -7.5560   -7.5040   -7.4510   -7.3980   -7.3420   -7.2850   -7.2140   -7.1390   -7.0640   -6.9890   -6.9120   -6.8360   -6.7600   -6.6830   -6.6060   -6.5280   -6.4480   -6.3700   -6.2910   -6.2110   -6.1310   -5.7580   -5.6720
       4.95e-07       9.74e-07       1.45e-06       1.93e-06       2.41e-06       2.89e-06       3.36e-06       3.84e-06       4.32e-06       4.80e-06       5.28e-06       5.75e-06       6.23e-06       6.71e-06       7.19e-06       7.67e-06       8.15e-06       8.62e-06       9.10e-06       9.58e-06       1.01e-05       1.05e-05       1.10e-05       1.15e-05       1.20e-05       1.24e-05       1.29e-05       1.34e-05       1.39e-05       1.44e-05       1.48e-05       1.53e-05       1.58e-05       1.63e-05       1.68e-05       1.72e-05       1.77e-05       1.82e-05       1.87e-05       1.91e-05       1.96e-05       2.01e-05       2.06e-05       2.11e-05       2.15e-05       2.20e-05       2.25e-05       2.30e-05
  9.4
  -10.3850   -9.8930   -9.0760   -8.8830   -8.7940   -8.7370   -8.6760   -8.6020   -8.5280   -8.4520   -8.3780   -8.3030   -8.2240   -8.1680   -8.1110   -8.0510   -7.9920   -7.9310   -7.8670   -7.8130   -7.7650   -7.7160   -7.6670   -7.6170   -7.5680   -7.5170   -7.4670   -7.4160   -7.3640   -7.3100   -7.2440   -7.1710   -7.0980   -7.0250   -6.9520   -6.8780   -6.8040   -6.7290   -6.6550   -6.5790   -6.5040   -6.4270   -6.3510   -6.2740   -6.1960   -6.1180   -6.0400   -5.6630   -5.5890   -5.5190
       4.35e-07       8.58e-07       1.28e-06       1.70e-06       2.13e-06       2.55e-06       2.97e-06       3.39e-06       3.82e-06       4.24e-06       4.66e-06       5.08e-06       5.51e-06       5.93e-06       6.35e-06       6.77e-06       7.20e-06       7.62e-06       8.04e-06       8.46e-06       8.89e-06       9.31e-06       9.73e-06       1.02e-05       1.06e-05       1.10e-05       1.14e-05       1.18e-05       1.23e-05       1.27e-05       1.31e-05       1.35e-05       1.40e-05       1.44e-05       1.48e-05       1.52e-05       1.56e-05       1.61e-05       1.65e-05       1.69e-05       1.73e-05       1.78e-05       1.82e-05       1.86e-05       1.90e-05       1.94e-05       1.99e-05       2.03e-05       2.07e-05       2.30e-05
 9.65
  -10.1350   -9.0020   -8.7200   -8.6080   -8.5060   -8.4210   -8.3390   -8.2620   -8.1810   -8.1040   -8.0400   -7.9840   -7.9280   -7.8700   -7.8120   -7.7520   -7.6920   -7.6440   -7.5990   -7.5520   -7.5060   -7.4600   -7.4130   -7.3670   -7.3210   -7.2750   -7.2170   -7.1580   -7.0980   -7.0360   -6.9750   -6.9140   -6.8520   -6.7910   -6.7290   -6.6660   -6.6030   -6.5410   -6.4780   -6.4150   -6.3510   -6.2870   -6.2240   -6.1590   -6.0930   -6.0290   -5.9630   -5.8970   -5.8310   -5.4760
       2.83e-07       5.59e-07       8.34e-07       1.11e-06       1.39e-06       1.66e-06       1.94e-06       2.21e-06       2.49e-06       2.76e-06       3.04e-06       3.31e-06       3.59e-06       3.86e-06       4.14e-06       4.41e-06       4.69e-06       4.97e-06       5.24e-06       5.52e-06       5.79e-06       6.07e-06       6.34e-06       6.62e-06       6.89e-06       7.17e-06       7.44e-06       7.72e-06       7.99e-06       8.27e-06       8.55e-06       8.82e-06       9.10e-06       9.37e-06       9.65e-06       9.92e-06       1.02e-05       1.05e-05       1.07e-05       1.10e-05       1.13e-05       1.16e-05       1.19e-05       1.21e-05       1.24e-05       1.27e-05       1.30e-05       1.32e-05       1.35e-05       1.51e-05
  9.7
  -10.1100   -8.9130   -8.6670   -8.5550   -8.4540   -8.3660   -8.2890   -8.2120   -8.1330   -8.0570   -7.9970   -7.9440   -7.8880   -7.8320   -7.7750   -7.7170   -7.6580   -7.6110   -7.5660   -7.5220   -7.4770   -7.4320   -7.3870   -7.3420   -7.2970   -7.2530   -7.1970   -7.1400   -7.0800   -7.0190   -6.9580   -6.8970   -6.8350   -6.7730   -6.7120   -6.6500   -6.5880   -6.5250   -6.4620   -6.3990   -6.3350   -6.2720   -6.2080   -6.1440   -6.0790   -6.0140   -5.9490   -5.8830   -5.8170   -5.7510   -5.0930
       2.62e-07       5.17e-07       7.71e-07       1.02e-06       1.28e-06       1.53e-06       1.79e-06       2.04e-06       2.30e-06       2.55e-06       2.80e-06       3.06e-06       3.31e-06       3.57e-06       3.82e-06       4.08e-06       4.33e-06       4.58e-06       4.84e-06       5.09e-06       5.35e-06       5.60e-06       5.86e-06       6.11e-06       6.36e-06       6.62e-06       6.87e-06       7.13e-06       7.38e-06       7.64e-06       7.89e-06       8.14e-06       8.40e-06       8.65e-06       8.91e-06       9.16e-06       9.42e-06       9.67e-06       9.92e-06       1.02e-05       1.04e-05       1.07e-05       1.09e-05       1.12e-05       1.14e-05       1.17e-05       1.20e-05       1.22e-05       1.25e-05       1.40e-05       1.70e-05
  9.9
   -8.9310   -8.5630   -8.3890   -8.2770   -8.1900   -8.1130   -8.0410   -7.9750   -7.9090   -7.8600   -7.8130   -7.7670   -7.7200   -7.6730   -7.6250   -7.5770   -7.5270   -7.4880   -7.4520   -7.4150   -7.3780   -7.3420   -7.3050   -7.2690   -7.2320   -7.1790   -7.1210   -7.0630   -7.0040   -6.9460   -6.8860   -6.8250   -6.7630   -6.7020   -6.6390   -6.5770   -6.5150   -6.4510   -6.3890   -6.3260   -6.2610   -6.1980   -6.1340   -6.0680   -6.0040   -5.9390   -5.8730   -5.8070   -5.7410   -5.6750   -5.0230
       1.67e-07       3.27e-07       4.88e-07       6.48e-07       8.09e-07       9.71e-07       1.13e-06       1.29e-06       1.45e-06       1.61e-06       1.77e-06       1.93e-06       2.09e-06       2.25e-06       2.41e-06       2.57e-06       2.73e-06       2.89e-06       3.05e-06       3.21e-06       3.38e-06       3.54e-06       3.70e-06       3.86e-06       4.02e-06       4.18e-06       4.34e-06       4.50e-06       4.66e-06       4.82e-06       4.98e-06       5.14e-06       5.30e-06       5.46e-06       5.62e-06       5.78e-06       5.94e-06       6.10e-06       6.26e-06       6.42e-06       6.58e-06       6.74e-06       6.90e-06       7.06e-06       7.22e-06       7.39e-06       7.55e-06       7.71e-06       7.87e-06       8.90e-06       1.10e-05
 9.95
   -8.6060   -8.3760   -8.2480   -8.1530   -8.0730   -8.0000   -7.9310   -7.8700   -7.8190   -7.7720   -7.7240   -7.6770   -7.6300   -7.5810   -7.5330   -7.4820   -7.4430   -7.4060   -7.3680   -7.3310   -7.2940   -7.2560   -7.2190   -7.1820   -7.1450   -7.1060   -7.0490   -6.9930   -6.9350   -6.8770   -6.8170   -6.7580   -6.6980   -6.6370   -6.5760   -6.5160   -6.4550   -6.3930   -6.3320   -6.2700   -6.2080   -6.1450   -6.0830   -6.0200   -5.9560   -5.8920   -5.8290   -5.7650   -5.7000   -5.6340
       1.60e-07       3.16e-07       4.72e-07       6.27e-07       7.83e-07       9.37e-07       1.09e-06       1.25e-06       1.40e-06       1.56e-06       1.71e-06       1.87e-06       2.02e-06       2.18e-06       2.33e-06       2.49e-06       2.65e-06       2.80e-06       2.96e-06       3.11e-06       3.27e-06       3.42e-06       3.58e-06       3.73e-06       3.89e-06       4.04e-06       4.20e-06       4.35e-06       4.51e-06       4.66e-06       4.82e-06       4.97e-06       5.13e-06       5.28e-06       5.44e-06       5.59e-06       5.75e-06       5.90e-06       6.06e-06       6.21e-06       6.37e-06       6.53e-06       6.68e-06       6.84e-06       6.99e-06       7.15e-06       7.30e-06       7.46e-06       7.61e-06       8.59e-06
 10.0
   -8.3750   -8.2310   -8.1290   -8.0460   -7.9730   -7.9030   -7.8410   -7.7910   -7.7400   -7.6940   -7.6470   -7.5990   -7.5510   -7.5020   -7.4520   -7.4100   -7.3730   -7.3350   -7.2970   -7.2590   -7.2210   -7.1840   -7.1450   -7.1080   -7.0700   -7.0330   -6.9880   -6.9320   -6.8760   -6.8180   -6.7590   -6.7000   -6.6410   -6.5820   -6.5230   -6.4630   -6.4030   -6.3430   -6.2830   -6.2220   -6.1610   -6.1000   -6.0390   -5.9760   -5.9140   -5.8520   -5.7900   -5.7260   -5.6630
       1.55e-07       3.04e-07       4.55e-07       6.04e-07       7.53e-07       9.04e-07       1.05e-06       1.20e-06       1.35e-06       1.50e-06       1.65e-06       1.80e-06       1.95e-06       2.10e-06       2.25e-06       2.40e-06       2.55e-06       2.70e-06       2.85e-06       3.00e-06       3.15e-06       3.30e-06       3.45e-06       3.60e-06       3.75e-06       3.90e-06       4.05e-06       4.20e-06       4.35e-06       4.50e-06       4.65e-06       4.80e-06       4.95e-06       5.10e-06       5.25e-06       5.40e-06       5.55e-06       5.70e-06       5.85e-06       6.00e-06       6.15e-06       6.30e-06       6.45e-06       6.60e-06       6.75e-06       6.90e-06       7.05e-06       7.20e-06       7.35e-06
