  7.6
   -8.2680   -8.2650   -8.2610   -8.2580   -8.2550   -8.2510   -8.2480   -8.2460   -8.2420   -8.2390   -8.2360   -8.2320   -8.2290   -8.2260   -8.2220   -8.2200   -8.2170   -8.2140   -8.2100   -8.2070   -8.2040   -8.2010   -8.1980   -8.1950   -8.1910   -8.1880   -8.1850   -8.1820   -8.1780   -8.1760   -8.1730   -8.1700   -8.1660   -8.1630   -8.1600   -8.1570   -8.1540   -8.1510   -8.1480   -8.1450   -8.1420   -8.1390   -8.1360   -8.1330   -8.1300   -8.1270   -8.1240   -8.1210   -8.1180   -8.1150
       3.61e-08       1.08e-07       1.81e-07       2.53e-07       3.25e-07       3.97e-07       4.70e-07       5.42e-07       6.14e-07       6.87e-07       7.59e-07       8.31e-07       9.03e-07       9.76e-07       1.05e-06       1.12e-06       1.19e-06       1.26e-06       1.34e-06       1.41e-06       1.48e-06       1.55e-06       1.63e-06       1.70e-06       1.77e-06       1.84e-06       1.92e-06       1.99e-06       2.06e-06       2.13e-06       2.20e-06       2.28e-06       2.35e-06       2.42e-06       2.49e-06       2.57e-06       2.64e-06       2.71e-06       2.78e-06       2.86e-06       2.93e-06       3.00e-06       3.07e-06       3.14e-06       3.22e-06       3.29e-06       3.36e-06       3.43e-06       3.51e-06       4.11e-06
  7.7
   -9.9900   -9.9900   -9.9860   -9.9830   -9.9800   -9.9680   -9.9290   -9.8790   -9.8210   -9.7580   -9.6890   -9.6160   -9.5420   -9.4650   -9.3830   -9.3530   -9.3380   -9.3190   -9.2990   -9.2960   -9.2720   -9.2440   -9.2360   -9.2260   -9.2170   -9.2160   -9.2120   -9.2100   -9.2090   -9.2080   -9.2080   -9.2080   -9.2050   -9.1990   -9.1920   -9.1900   -9.1860   -9.1810   -9.1780   -9.1710   -9.1650   -9.1640   -9.1600   -9.1560   -9.1540   -9.1080   -8.9790   -8.8380   -8.6970   -8.4440
       6.99e-07       6.99e-07       1.05e-06       1.40e-06       1.75e-06       2.10e-06       2.45e-06       2.79e-06       3.14e-06       3.49e-06       3.84e-06       4.19e-06       4.54e-06       4.89e-06       5.24e-06       5.42e-06       5.76e-06       6.11e-06       6.46e-06       6.81e-06       7.16e-06       7.51e-06       7.86e-06       8.21e-06       8.56e-06       8.91e-06       9.26e-06       9.61e-06       9.95e-06       1.10e-05       1.10e-05       1.10e-05       1.14e-05       1.17e-05       1.21e-05       1.24e-05       1.27e-05       1.31e-05       1.34e-05       1.38e-05       1.41e-05       1.45e-05       1.48e-05       1.52e-05       1.55e-05       1.59e-05       1.62e-05       1.66e-05       1.69e-05       1.81e-05
 7.85
   -9.9500   -9.9380   -9.9220   -9.9020   -9.8780   -9.8510   -9.8210   -9.7860   -9.7450   -9.6980   -9.6470   -9.5890   -9.5230   -9.4500   -9.3670   -9.3290   -9.3100   -9.2770   -9.2730   -9.2360   -9.2200   -9.2180   -9.2170   -9.2140   -9.2130   -9.2130   -9.2130   -9.2130   -9.2120   -9.2120   -9.2100   -9.2060   -9.2020   -9.1980   -9.1820   -9.1710   -9.1580   -9.1450   -9.1250   -9.1160   -9.1060   -9.0890   -9.0790   -9.0770   -9.0760   -8.9620   -8.8360   -8.6940   -8.5470
       6.88e-07       1.38e-06       2.06e-06       2.75e-06       3.44e-06       4.13e-06       4.82e-06       5.50e-06       6.19e-06       6.88e-06       7.57e-06       8.26e-06       8.95e-06       9.63e-06       1.03e-05       1.07e-05       1.14e-05       1.20e-05       1.27e-05       1.34e-05       1.41e-05       1.48e-05       1.55e-05       1.62e-05       1.89e-05       1.89e-05       1.89e-05       1.89e-05       2.03e-05       2.03e-05       2.10e-05       2.17e-05       2.24e-05       2.30e-05       2.37e-05       2.44e-05       2.51e-05       2.58e-05       2.65e-05       2.72e-05       2.79e-05       2.85e-05       2.92e-05       2.99e-05       3.06e-05       3.13e-05       3.20e-05       3.27e-05       3.34e-05
  7.9
   -9.8590   -9.8530   -9.8460   -9.8370   -9.8270   -9.8160   -9.8040   -9.7900   -9.7750   -9.7580   -9.7400   -9.7190   -9.6950   -9.6690   -9.6380   -9.6020   -9.5620   -9.5160   -9.4630   -9.4020   -9.3340   -9.2860   -9.2550   -9.2460   -9.1990   -9.1650   -9.1550   -9.1220   -9.1210   -9.1210   -9.1200   -9.1200   -9.1160   -9.1150   -9.1040   -9.0980   -9.0980   -9.0950   -9.0810   -9.0710   -9.0670   -9.0510   -9.0450   -9.0320   -9.0210   -8.9650   -8.8460   -8.7140   -8.5360   -8.3420
       7.95e-07       1.59e-06       2.38e-06       3.18e-06       3.98e-06       4.77e-06       5.57e-06       6.36e-06       7.16e-06       7.95e-06       8.75e-06       9.54e-06       1.03e-05       1.11e-05       1.19e-05       1.27e-05       1.35e-05       1.43e-05       1.51e-05       1.59e-05       1.67e-05       1.71e-05       1.79e-05       1.87e-05       1.95e-05       2.03e-05       2.11e-05       2.19e-05       2.35e-05       2.35e-05       2.50e-05       2.50e-05       2.58e-05       2.66e-05       2.74e-05       2.90e-05       2.90e-05       2.98e-05       3.06e-05       3.14e-05       3.22e-05       3.30e-05       3.38e-05       3.46e-05       3.54e-05       3.62e-05       3.70e-05       3.78e-05       3.86e-05       4.05e-05
 7.95
   -9.7930   -9.7860   -9.7790   -9.7720   -9.7630   -9.7550   -9.7450   -9.7350   -9.7250   -9.7140   -9.7020   -9.6900   -9.6770   -9.6630   -9.6480   -9.6320   -9.6150   -9.5950   -9.5740   -9.5490   -9.5200   -9.4880   -9.4510   -9.4090   -9.3600   -9.3040   -9.2640   -9.2390   -9.2120   -9.1640   -9.1580   -9.0960   -9.0770   -9.0670   -9.0650   -9.0640   -9.0590   -9.0540   -9.0490   -9.0420   -9.0410   -9.0310   -9.0250   -9.0090   -8.9980   -8.9850   -8.8800   -8.7600   -8.6270   -8.3240
       8.83e-07       1.77e-06       2.65e-06       3.53e-06       4.42e-06       5.30e-06       6.18e-06       7.07e-06       7.95e-06       8.83e-06       9.72e-06       1.06e-05       1.15e-05       1.24e-05       1.33e-05       1.41e-05       1.50e-05       1.59e-05       1.68e-05       1.77e-05       1.86e-05       1.94e-05       2.03e-05       2.12e-05       2.21e-05       2.30e-05       2.34e-05       2.43e-05       2.52e-05       2.61e-05       2.70e-05       2.78e-05       2.87e-05       2.96e-05       3.05e-05       3.14e-05       3.23e-05       3.31e-05       3.40e-05       3.49e-05       3.58e-05       3.67e-05       3.75e-05       3.84e-05       3.93e-05       4.02e-05       4.11e-05       4.20e-05       4.28e-05       4.50e-05
  8.0
   -9.7400   -9.7320   -9.7240   -9.7150   -9.7050   -9.6950   -9.6860   -9.6750   -9.6640   -9.6530   -9.6420   -9.6300   -9.6180   -9.6060   -9.5920   -9.5790   -9.5640   -9.5480   -9.5310   -9.5130   -9.4920   -9.4670   -9.4400   -9.4100   -9.3740   -9.3350   -9.2880   -9.2350   -9.2350   -9.1770   -9.1720   -9.1180   -9.1010   -9.0450   -9.0170   -9.0150   -9.0140   -9.0130   -9.0070   -8.9990   -8.9990   -8.9900   -8.9890   -8.9760   -8.9750   -8.9270   -8.8250   -8.7100   -8.5800   -8.2740
       8.95e-07       1.79e-06       2.69e-06       3.58e-06       4.48e-06       5.37e-06       6.27e-06       7.16e-06       8.06e-06       8.96e-06       9.85e-06       1.07e-05       1.16e-05       1.25e-05       1.34e-05       1.43e-05       1.52e-05       1.61e-05       1.70e-05       1.79e-05       1.88e-05       1.97e-05       2.06e-05       2.15e-05       2.24e-05       2.33e-05       2.42e-05       2.55e-05       2.55e-05       2.64e-05       2.73e-05       2.82e-05       2.91e-05       3.00e-05       3.09e-05       3.18e-05       3.27e-05       3.36e-05       3.45e-05       3.63e-05       3.63e-05       3.72e-05       3.81e-05       3.90e-05       3.99e-05       4.08e-05       4.17e-05       4.26e-05       4.35e-05       4.57e-05
  8.3
   -9.4180   -9.4050   -9.3910   -9.3770   -9.3630   -9.3490   -9.3390   -9.3270   -9.3160   -9.3050   -9.2940   -9.2820   -9.2700   -9.2580   -9.2460   -9.2330   -9.2200   -9.2070   -9.1930   -9.1790   -9.1630   -9.1470   -9.1300   -9.1110   -9.0910   -9.0690   -9.0420   -9.0140   -8.9830   -8.9530   -8.9480   -8.9080   -8.8860   -8.8650   -8.8160   -8.7940   -8.7600   -8.7190   -8.7130   -8.7040   -8.6990   -8.6960   -8.6690   -8.6490   -8.6300   -8.5570   -8.4800   -8.3810   -8.1570
       7.31e-07       1.46e-06       2.19e-06       2.93e-06       3.66e-06       4.39e-06       5.12e-06       5.85e-06       6.58e-06       7.32e-06       8.05e-06       8.78e-06       9.51e-06       1.02e-05       1.10e-05       1.17e-05       1.24e-05       1.32e-05       1.39e-05       1.46e-05       1.54e-05       1.61e-05       1.68e-05       1.76e-05       1.83e-05       1.90e-05       1.98e-05       2.05e-05       2.12e-05       2.23e-05       2.30e-05       2.38e-05       2.45e-05       2.52e-05       2.60e-05       2.67e-05       2.74e-05       2.81e-05       2.89e-05       2.96e-05       3.03e-05       3.11e-05       3.18e-05       3.25e-05       3.33e-05       3.40e-05       3.47e-05       3.55e-05       3.62e-05
  8.4
   -9.2990   -9.2860   -9.2710   -9.2560   -9.2400   -9.2240   -9.2090   -9.1920   -9.1770   -9.1630   -9.1500   -9.1360   -9.1230   -9.1080   -9.0940   -9.0800   -9.0650   -9.0500   -9.0340   -9.0170   -8.9990   -8.9810   -8.9610   -8.9410   -8.9190   -8.8940   -8.8660   -8.8360   -8.8210   -8.8030   -8.7670   -8.7310   -8.7260   -8.6810   -8.6320   -8.6170   -8.5860   -8.5780   -8.5740   -8.5560   -8.5350   -8.5170   -8.4490   -8.3800   -8.3060   -8.2250   -8.1070   -7.9700
       8.07e-07       1.61e-06       2.42e-06       3.23e-06       4.04e-06       4.84e-06       5.65e-06       6.46e-06       7.27e-06       8.07e-06       8.88e-06       9.69e-06       1.05e-05       1.13e-05       1.21e-05       1.29e-05       1.37e-05       1.45e-05       1.53e-05       1.62e-05       1.70e-05       1.78e-05       1.86e-05       1.94e-05       2.02e-05       2.10e-05       2.18e-05       2.26e-05       2.36e-05       2.44e-05       2.52e-05       2.60e-05       2.68e-05       2.76e-05       2.84e-05       2.92e-05       3.00e-05       3.09e-05       3.17e-05       3.25e-05       3.33e-05       3.41e-05       3.49e-05       3.57e-05       3.65e-05       3.73e-05       3.81e-05       3.89e-05
  8.6
   -8.9810   -8.9740   -8.9590   -8.9470   -8.9410   -8.9180   -8.8930   -8.8680   -8.8420   -8.8160   -8.7900   -8.7640   -8.7370   -8.7090   -8.6810   -8.6530   -8.6270   -8.6010   -8.5740   -8.5470   -8.5180   -8.4880   -8.4700   -8.4560   -8.4240   -8.3890   -8.3500   -8.3080   -8.2860   -8.2630   -8.2300   -8.2150   -8.1640   -8.1100   -8.0510   -7.9870   -7.9180   -7.8490   -7.7760   -7.6980   -7.6150   -7.5260   -7.4340   -7.3330
       1.21e-06       2.43e-06       3.64e-06       4.86e-06       6.07e-06       7.28e-06       8.50e-06       9.71e-06       1.09e-05       1.21e-05       1.34e-05       1.46e-05       1.58e-05       1.70e-05       1.82e-05       1.94e-05       2.06e-05       2.19e-05       2.31e-05       2.43e-05       2.55e-05       2.67e-05       2.80e-05       2.92e-05       3.04e-05       3.16e-05       3.28e-05       3.40e-05       3.53e-05       3.65e-05       3.77e-05       3.89e-05       4.01e-05       4.13e-05       4.25e-05       4.38e-05       4.50e-05       4.62e-05       4.74e-05       4.86e-05       4.98e-05       5.11e-05       5.23e-05       5.35e-05
 8.65
   -8.9070   -8.8960   -8.8840   -8.8780   -8.8580   -8.8350   -8.8070   -8.7770   -8.7460   -8.7150   -8.6830   -8.6510   -8.6170   -8.5820   -8.5470   -8.5150   -8.4830   -8.4490   -8.4140   -8.3990   -8.3780   -8.3400   -8.3000   -8.2580   -8.2110   -8.1980   -8.1620   -8.1480   -8.1100   -8.0550   -7.9970   -7.9350   -7.8700   -7.8010   -7.7320   -7.6600   -7.5850   -7.5050   -7.4210   -7.3330   -7.2420   -7.1390   -7.0330   -6.9260   -6.7060   -6.5970   -6.4880
       1.28e-06       2.57e-06       3.85e-06       5.14e-06       6.42e-06       7.71e-06       8.99e-06       1.03e-05       1.16e-05       1.28e-05       1.41e-05       1.54e-05       1.67e-05       1.80e-05       1.93e-05       2.06e-05       2.18e-05       2.31e-05       2.44e-05       2.57e-05       2.70e-05       2.83e-05       2.96e-05       3.09e-05       3.21e-05       3.34e-05       3.47e-05       3.60e-05       3.73e-05       3.86e-05       3.99e-05       4.11e-05       4.24e-05       4.37e-05       4.50e-05       4.63e-05       4.76e-05       4.89e-05       5.01e-05       5.14e-05       5.27e-05       5.40e-05       5.53e-05       5.66e-05       5.79e-05       5.92e-05       6.04e-05
  8.7
   -8.8390   -8.8360   -8.8220   -8.8010   -8.7760   -8.7510   -8.7210   -8.6860   -8.6500   -8.6140   -8.5740   -8.5350   -8.4940   -8.4510   -8.4130   -8.3740   -8.3340   -8.3310   -8.2920   -8.2480   -8.2030   -8.1550   -8.1120   -8.1020   -8.0720   -8.0470   -7.9880   -7.9270   -7.8640   -7.7970   -7.7260   -7.6560   -7.5850   -7.5110   -7.4340   -7.3530   -7.2700   -7.1830   -7.0950   -6.9960   -6.8900   -6.6700   -6.5620
       1.24e-06       2.48e-06       3.72e-06       4.96e-06       6.20e-06       7.44e-06       8.68e-06       9.92e-06       1.12e-05       1.24e-05       1.36e-05       1.49e-05       1.61e-05       1.74e-05       1.86e-05       1.99e-05       2.11e-05       2.23e-05       2.36e-05       2.48e-05       2.61e-05       2.73e-05       2.85e-05       2.98e-05       3.10e-05       3.23e-05       3.35e-05       3.48e-05       3.60e-05       3.72e-05       3.85e-05       3.97e-05       4.10e-05       4.22e-05       4.34e-05       4.47e-05       4.59e-05       4.72e-05       4.84e-05       4.97e-05       5.09e-05       5.21e-05       5.34e-05
 8.85
   -8.5510   -8.5230   -8.4820   -8.4360   -8.4300   -8.3840   -8.3310   -8.2780   -8.2230   -8.1620   -8.0900   -8.0170   -7.9870   -7.9410   -7.8680   -7.8000   -7.7310   -7.6610   -7.5880   -7.5090   -7.4280   -7.3440   -7.2590   -7.1720   -7.0850   -7.0010   -6.9140   -6.8250   -6.7340   -6.6410   -6.5460   -6.4490   -6.2380   -6.1340   -6.0300   -5.9260
       2.29e-06       4.58e-06       6.87e-06       9.16e-06       1.14e-05       1.37e-05       1.60e-05       1.83e-05       2.06e-05       2.29e-05       2.52e-05       2.75e-05       2.97e-05       3.20e-05       3.42e-05       3.65e-05       3.88e-05       4.11e-05       4.34e-05       4.57e-05       4.80e-05       5.03e-05       5.26e-05       5.49e-05       5.72e-05       5.95e-05       6.17e-05       6.40e-05       6.63e-05       6.86e-05       7.09e-05       7.32e-05       7.55e-05       7.78e-05       8.01e-05       8.24e-05
  8.9
   -8.5210   -8.5090   -8.4940   -8.4600   -8.4230   -8.3840   -8.3440   -8.3000   -8.2480   -8.1930   -8.1380   -8.0810   -8.0220   -7.9710   -7.9500   -7.9180   -7.8640   -7.8090   -7.7530   -7.7390   -7.6910   -7.6280   -7.5630   -7.4960   -7.4270   -7.3570   -7.2850   -7.2160   -7.1460   -7.0750   -7.0030   -6.9300   -6.8550   -6.7800   -6.7040   -6.6280   -6.5390   -6.3310   -6.2330   -6.1350   -6.0380   -5.9400   -5.8420   -5.7440   -5.6460   -5.5480   -5.4490   -5.3510   -5.2530   -5.1560   -4.8030   -4.5220   -4.3440   -4.1940   -4.0490
       2.13e-06       4.26e-06       6.39e-06       8.52e-06       1.07e-05       1.28e-05       1.49e-05       1.70e-05       1.92e-05       2.13e-05       2.34e-05       2.56e-05       2.77e-05       2.98e-05       3.20e-05       3.41e-05       3.63e-05       3.84e-05       4.05e-05       4.27e-05       4.48e-05       4.69e-05       4.90e-05       5.12e-05       5.33e-05       5.54e-05       5.76e-05       5.97e-05       6.18e-05       6.40e-05       6.61e-05       6.82e-05       7.04e-05       7.25e-05       7.46e-05       7.68e-05       7.89e-05       8.10e-05       8.32e-05       8.53e-05       8.75e-05       8.96e-05       9.17e-05       9.39e-05       9.60e-05       9.81e-05       1.00e-04       1.02e-04       1.05e-04       1.13e-04       1.29e-04       1.47e-04       1.65e-04       1.83e-04       2.01e-04
 8.95
   -8.4870   -8.4680   -8.4550   -8.4400   -8.4070   -8.3730   -8.3370   -8.2920   -8.2440   -8.1950   -8.1440   -8.0920   -8.0400   -7.9930   -7.9450   -7.8960   -7.8910   -7.8460   -7.7940   -7.7380   -7.7110   -7.6800   -7.6200   -7.5580   -7.4950   -7.4300   -7.3630   -7.2960   -7.2310   -7.1660   -7.1000   -7.0320   -6.9640   -6.8960   -6.8270   -6.7450   -6.6570   -6.5700   -6.4810   -6.3930   -6.1910   -6.1010   -6.0100   -5.9190   -5.8290   -5.7370   -5.6470   -5.5560   -5.4650   -5.3740
       1.36e-06       2.71e-06       4.07e-06       5.42e-06       6.78e-06       8.14e-06       9.49e-06       1.08e-05       1.22e-05       1.36e-05       1.49e-05       1.63e-05       1.76e-05       1.90e-05       2.03e-05       2.17e-05       2.31e-05       2.44e-05       2.58e-05       2.71e-05       2.85e-05       2.99e-05       3.12e-05       3.26e-05       3.39e-05       3.53e-05       3.66e-05       3.80e-05       3.94e-05       4.07e-05       4.21e-05       4.34e-05       4.48e-05       4.61e-05       4.75e-05       4.89e-05       5.02e-05       5.16e-05       5.29e-05       5.43e-05       5.57e-05       5.70e-05       5.84e-05       5.97e-05       6.11e-05       6.24e-05       6.38e-05       6.52e-05       6.65e-05       7.24e-05
  9.0
   -8.4500   -8.4350   -8.4090   -8.4000   -8.3790   -8.3460   -8.3100   -8.2650   -8.2190   -8.1720   -8.1230   -8.0740   -8.0240   -7.9790   -7.9330   -7.8860   -7.8380   -7.8370   -7.7880   -7.7360   -7.6800   -7.6760   -7.6230   -7.5630   -7.5030   -7.4410   -7.3780   -7.3130   -7.2500   -7.1890   -7.1260   -7.0640   -6.9990   -6.9350   -6.8640   -6.7810   -6.6980   -6.6140   -6.5300   -6.4450   -6.3610   -6.1640   -6.0770   -5.9900   -5.9040   -5.8170   -5.7290   -5.6430   -5.5560   -5.4690
       1.04e-06       2.09e-06       3.13e-06       4.17e-06       5.22e-06       6.26e-06       7.30e-06       8.35e-06       9.39e-06       1.04e-05       1.15e-05       1.25e-05       1.36e-05       1.46e-05       1.57e-05       1.67e-05       1.77e-05       1.88e-05       1.98e-05       2.09e-05       2.19e-05       2.30e-05       2.40e-05       2.51e-05       2.61e-05       2.71e-05       2.82e-05       2.92e-05       3.03e-05       3.13e-05       3.24e-05       3.34e-05       3.44e-05       3.55e-05       3.65e-05       3.76e-05       3.86e-05       3.97e-05       4.07e-05       4.18e-05       4.28e-05       4.38e-05       4.49e-05       4.59e-05       4.70e-05       4.80e-05       4.91e-05       5.01e-05       5.12e-05       5.59e-05
  9.1
   -8.3710   -8.3570   -8.3320   -8.3230   -8.3020   -8.2670   -8.2250   -8.1800   -8.1350   -8.0890   -8.0410   -7.9920   -7.9490   -7.9050   -7.8600   -7.8140   -7.7670   -7.7180   -7.7160   -7.6650   -7.6110   -7.5950   -7.5560   -7.4990   -7.4410   -7.3820   -7.3220   -7.2610   -7.2030   -7.1450   -7.0870   -7.0280   -6.9700   -6.9000   -6.8240   -6.7470   -6.6700   -6.5940   -6.5160   -6.4390   -6.3620
       7.92e-07       1.58e-06       2.38e-06       3.17e-06       3.96e-06       4.75e-06       5.55e-06       6.34e-06       7.13e-06       7.92e-06       8.71e-06       9.51e-06       1.03e-05       1.11e-05       1.19e-05       1.27e-05       1.35e-05       1.43e-05       1.51e-05       1.59e-05       1.67e-05       1.75e-05       1.82e-05       1.90e-05       1.98e-05       2.06e-05       2.14e-05       2.22e-05       2.30e-05       2.38e-05       2.46e-05       2.54e-05       2.62e-05       2.70e-05       2.78e-05       2.85e-05       2.93e-05       3.01e-05       3.09e-05       3.17e-05       3.25e-05
  9.3
   -8.1810   -8.1660   -8.1620   -8.1350   -8.1040   -8.0620   -8.0180   -7.9740   -7.9290   -7.8820   -7.8340   -7.7920   -7.7490   -7.7070   -7.6630   -7.6180   -7.5730   -7.5260   -7.4750   -7.4280   -7.4240   -7.3800   -7.3720   -7.3190   -7.2650   -7.2110   -7.1570   -7.1020   -7.0480   -6.9970   -6.9460   -6.8940   -6.8280   -6.7590   -6.6890   -6.6190   -6.5490   -6.4790   -6.4090   -6.3380   -6.2680   -6.1970   -6.1260
       5.30e-07       1.06e-06       1.59e-06       2.12e-06       2.65e-06       3.18e-06       3.71e-06       4.24e-06       4.77e-06       5.29e-06       5.82e-06       6.35e-06       6.88e-06       7.41e-06       7.94e-06       8.47e-06       9.00e-06       9.53e-06       1.01e-05       1.06e-05       1.11e-05       1.17e-05       1.22e-05       1.27e-05       1.33e-05       1.38e-05       1.43e-05       1.48e-05       1.54e-05       1.59e-05       1.64e-05       1.70e-05       1.75e-05       1.80e-05       1.85e-05       1.91e-05       1.96e-05       2.01e-05       2.07e-05       2.12e-05       2.17e-05       2.23e-05       2.28e-05
 9.35
   -8.1360   -8.1210   -8.1170   -8.0900   -8.0570   -8.0160   -7.9720   -7.9280   -7.8830   -7.8370   -7.7900   -7.7480   -7.7070   -7.6640   -7.6220   -7.5780   -7.5340   -7.4870   -7.4380   -7.3880   -7.3780   -7.3380   -7.3300   -7.2870   -7.2360   -7.1830   -7.1310   -7.0780   -7.0260   -6.9780   -6.9290   -6.8650   -6.7970   -6.7290   -6.6610   -6.5920   -6.5230   -6.4550   -6.3860   -6.3170   -6.2480   -6.1770   -6.1080   -6.0380   -5.9680   -5.8990   -5.7160   -5.6440
       4.78e-07       9.56e-07       1.43e-06       1.91e-06       2.39e-06       2.87e-06       3.35e-06       3.82e-06       4.30e-06       4.78e-06       5.26e-06       5.74e-06       6.22e-06       6.69e-06       7.17e-06       7.65e-06       8.13e-06       8.61e-06       9.08e-06       9.56e-06       1.01e-05       1.05e-05       1.10e-05       1.15e-05       1.20e-05       1.24e-05       1.29e-05       1.34e-05       1.39e-05       1.44e-05       1.48e-05       1.53e-05       1.58e-05       1.63e-05       1.68e-05       1.72e-05       1.77e-05       1.82e-05       1.87e-05       1.91e-05       1.96e-05       2.01e-05       2.06e-05       2.11e-05       2.15e-05       2.20e-05       2.25e-05       2.30e-05
  9.4
   -8.0930   -8.0830   -8.0730   -8.0460   -8.0100   -7.9690   -7.9250   -7.8810   -7.8360   -7.7900   -7.7430   -7.7360   -7.7020   -7.6610   -7.6190   -7.5760   -7.5330   -7.4890   -7.4430   -7.3940   -7.3450   -7.3290   -7.2960   -7.2460   -7.1960   -7.1450   -7.0940   -7.0430   -6.9920   -6.9450   -6.8850   -6.8190   -6.7530   -6.6870   -6.6200   -6.5540   -6.4870   -6.4200   -6.3540   -6.2860   -6.2190   -6.1520   -6.0840   -6.0160   -5.9480   -5.8800   -5.8120   -5.6300   -5.5600   -5.4900
       4.22e-07       8.45e-07       1.27e-06       1.69e-06       2.11e-06       2.53e-06       2.96e-06       3.38e-06       3.80e-06       4.22e-06       4.65e-06       5.07e-06       5.49e-06       5.92e-06       6.34e-06       6.76e-06       7.18e-06       7.61e-06       8.03e-06       8.45e-06       8.87e-06       9.31e-06       9.73e-06       1.02e-05       1.06e-05       1.10e-05       1.14e-05       1.18e-05       1.23e-05       1.27e-05       1.31e-05       1.35e-05       1.40e-05       1.44e-05       1.48e-05       1.52e-05       1.56e-05       1.61e-05       1.65e-05       1.69e-05       1.73e-05       1.78e-05       1.82e-05       1.86e-05       1.90e-05       1.94e-05       1.99e-05       2.03e-05       2.07e-05       2.30e-05
 9.65
   -7.8810   -7.8640   -7.8460   -7.8280   -7.7880   -7.7440   -7.7000   -7.6540   -7.6090   -7.5670   -7.5260   -7.4860   -7.4440   -7.4030   -7.3610   -7.3190   -7.2740   -7.2280   -7.1810   -7.1350   -7.0880   -7.0680   -7.0420   -6.9950   -6.9480   -6.9020   -6.8440   -6.7850   -6.7300   -6.6740   -6.6180   -6.5630   -6.5060   -6.4510   -6.3940   -6.3380   -6.2810   -6.2250   -6.1690   -6.1120   -6.0550   -5.9980   -5.9420   -5.8850   -5.8270   -5.7700   -5.7130   -5.6550   -5.5980   -5.4270
       2.75e-07       5.51e-07       8.26e-07       1.10e-06       1.38e-06       1.65e-06       1.93e-06       2.20e-06       2.48e-06       2.75e-06       3.03e-06       3.31e-06       3.58e-06       3.86e-06       4.13e-06       4.41e-06       4.68e-06       4.96e-06       5.23e-06       5.51e-06       5.78e-06       6.07e-06       6.34e-06       6.62e-06       6.89e-06       7.17e-06       7.44e-06       7.72e-06       7.99e-06       8.27e-06       8.55e-06       8.82e-06       9.10e-06       9.37e-06       9.65e-06       9.92e-06       1.02e-05       1.05e-05       1.07e-05       1.10e-05       1.13e-05       1.16e-05       1.19e-05       1.21e-05       1.24e-05       1.27e-05       1.30e-05       1.32e-05       1.35e-05       1.51e-05
  9.7
   -7.8370   -7.8180   -7.8140   -7.7820   -7.7410   -7.6990   -7.6560   -7.6110   -7.5670   -7.5260   -7.4870   -7.4470   -7.4070   -7.3660   -7.3250   -7.2840   -7.2400   -7.1950   -7.1510   -7.1060   -7.0610   -7.0150   -7.0130   -6.9700   -6.9250   -6.8800   -6.8240   -6.7670   -6.7100   -6.6550   -6.5990   -6.5430   -6.4870   -6.4310   -6.3750   -6.3190   -6.2630   -6.2060   -6.1500   -6.0930   -6.0360   -5.9800   -5.9230   -5.8660   -5.8090   -5.7520   -5.6940   -5.6360   -5.5790   -5.5210   -5.0640
       2.54e-07       5.08e-07       7.63e-07       1.02e-06       1.27e-06       1.53e-06       1.78e-06       2.03e-06       2.29e-06       2.54e-06       2.80e-06       3.05e-06       3.31e-06       3.56e-06       3.81e-06       4.07e-06       4.32e-06       4.58e-06       4.83e-06       5.08e-06       5.34e-06       5.59e-06       5.86e-06       6.11e-06       6.36e-06       6.62e-06       6.87e-06       7.13e-06       7.38e-06       7.64e-06       7.89e-06       8.14e-06       8.40e-06       8.65e-06       8.91e-06       9.16e-06       9.42e-06       9.67e-06       9.92e-06       1.02e-05       1.04e-05       1.07e-05       1.09e-05       1.12e-05       1.14e-05       1.17e-05       1.20e-05       1.22e-05       1.25e-05       1.40e-05       1.70e-05
  9.9
   -7.6450   -7.6330   -7.6060   -7.5900   -7.5730   -7.5370   -7.5000   -7.4630   -7.4250   -7.3920   -7.3590   -7.3250   -7.2910   -7.2570   -7.2230   -7.1890   -7.1540   -7.1180   -7.0810   -7.0440   -7.0070   -6.9700   -6.9340   -6.8970   -6.8600   -6.8070   -6.7490   -6.6900   -6.6320   -6.5730   -6.5150   -6.4590   -6.4030   -6.3470   -6.2910   -6.2340   -6.1780   -6.1210   -6.0650   -6.0080   -5.9510   -5.8940   -5.8370   -5.7790   -5.7220   -5.6640   -5.6060   -5.5490   -5.4910   -5.4330   -4.9940
       1.60e-07       3.21e-07       4.81e-07       6.48e-07       8.09e-07       9.71e-07       1.13e-06       1.29e-06       1.45e-06       1.61e-06       1.77e-06       1.93e-06       2.09e-06       2.25e-06       2.41e-06       2.57e-06       2.73e-06       2.89e-06       3.05e-06       3.21e-06       3.38e-06       3.54e-06       3.70e-06       3.86e-06       4.02e-06       4.18e-06       4.34e-06       4.50e-06       4.66e-06       4.82e-06       4.98e-06       5.14e-06       5.30e-06       5.46e-06       5.62e-06       5.78e-06       5.94e-06       6.10e-06       6.26e-06       6.42e-06       6.58e-06       6.74e-06       6.90e-06       7.06e-06       7.22e-06       7.39e-06       7.55e-06       7.71e-06       7.87e-06       8.90e-06       1.10e-05
 9.95
   -7.5830   -7.5770   -7.5600   -7.5300   -7.4950   -7.4580   -7.4210   -7.3840   -7.3510   -7.3180   -7.2830   -7.2490   -7.2140   -7.1790   -7.1450   -7.1090   -7.0730   -7.0350   -6.9970   -6.9600   -6.9230   -6.8840   -6.8470   -6.8100   -6.7730   -6.7340   -6.6760   -6.6200   -6.5620   -6.5060   -6.4510   -6.3970   -6.3420   -6.2870   -6.2320   -6.1770   -6.1220   -6.0670   -6.0120   -5.9560   -5.9010   -5.8450   -5.7890   -5.7340   -5.6770   -5.6210   -5.5650   -5.5090   -5.4520   -5.3950
       1.56e-07       3.16e-07       4.72e-07       6.27e-07       7.83e-07       9.37e-07       1.09e-06       1.25e-06       1.40e-06       1.56e-06       1.71e-06       1.87e-06       2.02e-06       2.18e-06       2.33e-06       2.49e-06       2.65e-06       2.80e-06       2.96e-06       3.11e-06       3.27e-06       3.42e-06       3.58e-06       3.73e-06       3.89e-06       4.04e-06       4.20e-06       4.35e-06       4.51e-06       4.66e-06       4.82e-06       4.97e-06       5.13e-06       5.28e-06       5.44e-06       5.59e-06       5.75e-06       5.90e-06       6.06e-06       6.21e-06       6.37e-06       6.53e-06       6.68e-06       6.84e-06       6.99e-06       7.15e-06       7.30e-06       7.46e-06       7.61e-06       8.59e-06
 10.0
   -7.5330   -7.5190   -7.4930   -7.4600   -7.4250   -7.3890   -7.3520   -7.3190   -7.2850   -7.2510   -7.2160   -7.1820   -7.1470   -7.1120   -7.0760   -7.0400   -7.0020   -6.9640   -6.9260   -6.8880   -6.8500   -6.8120   -6.7730   -6.7360   -6.6980   -6.6600   -6.6160   -6.5590   -6.5030   -6.4500   -6.3970   -6.3430   -6.2890   -6.2360   -6.1820   -6.1280   -6.0740   -6.0200   -5.9660   -5.9110   -5.8570   -5.8020   -5.7480   -5.6930   -5.6380   -5.5830   -5.5290   -5.4730   -5.4180
       1.55e-07       3.04e-07       4.55e-07       6.04e-07       7.53e-07       9.04e-07       1.05e-06       1.20e-06       1.35e-06       1.50e-06       1.65e-06       1.80e-06       1.95e-06       2.10e-06       2.25e-06       2.40e-06       2.55e-06       2.70e-06       2.85e-06       3.00e-06       3.15e-06       3.30e-06       3.45e-06       3.60e-06       3.75e-06       3.90e-06       4.05e-06       4.20e-06       4.35e-06       4.50e-06       4.65e-06       4.80e-06       4.95e-06       5.10e-06       5.25e-06       5.40e-06       5.55e-06       5.70e-06       5.85e-06       6.00e-06       6.15e-06       6.30e-06       6.45e-06       6.60e-06       6.75e-06       6.90e-06       7.05e-06       7.20e-06       7.35e-06
