  7.6
   -9.6990   -9.6970   -9.6960   -9.6940   -9.6920   -9.6920   -9.6910   -9.6880   -9.6780   -9.6700   -9.6620   -9.6540   -9.6510   -9.6510   -9.6510   -9.6500   -9.6480   -9.6480   -9.6470   -9.6460   -9.6420   -9.6290   -9.6120   -9.5900   -9.5610   -9.5240   -9.4720   -9.4120   -9.3490   -9.2890   -9.2250   -9.1580   -9.0880   -9.0190   -9.0150   -9.0040   -8.9860   -8.9670   -8.9470   -8.9320   -8.9270   -8.9180   -8.9180   -8.9170   -8.9170   -8.9160   -8.8410   -8.7500   -8.6660   -8.6590   -8.5670
       2.64e-07       5.27e-07       7.91e-07       1.05e-06       1.58e-06       1.58e-06       1.85e-06       2.11e-06       2.37e-06       2.64e-06       2.90e-06       3.16e-06       3.96e-06       3.96e-06       3.96e-06       4.22e-06       4.75e-06       4.75e-06       5.01e-06       5.27e-06       5.54e-06       5.80e-06       6.07e-06       6.33e-06       6.59e-06       6.86e-06       7.12e-06       7.39e-06       7.65e-06       7.91e-06       8.18e-06       8.44e-06       8.70e-06       8.84e-06       9.10e-06       9.36e-06       9.63e-06       9.89e-06       1.02e-05       1.04e-05       1.07e-05       1.12e-05       1.12e-05       1.17e-05       1.17e-05       1.20e-05       1.23e-05       1.25e-05       1.44e-05       1.47e-05       1.57e-05
  7.7
  -10.0760   -9.9970   -9.9100   -9.8180   -9.7100   -9.6270   -9.6260   -9.6220   -9.6160   -9.6140   -9.6020   -9.6020   -9.5950   -9.5870   -9.5820   -9.5690   -9.5680   -9.5670   -9.5640   -9.5610   -9.5600   -9.5600   -9.5600   -9.5560   -9.5540   -9.5440   -9.5430   -9.5340   -9.5260   -9.5210   -9.5190   -9.5150   -9.5130   -9.5120   -9.5090   -9.5060   -9.5030   -9.5020   -9.5000   -9.4990   -9.4990   -9.4970   -9.4730   -9.4290   -9.3420   -9.2170   -9.0800   -8.9420   -8.8040   -8.6650
       4.46e-07       8.91e-07       1.34e-06       1.78e-06       2.23e-06       2.67e-06       3.12e-06       3.56e-06       4.01e-06       4.46e-06       5.35e-06       5.35e-06       5.79e-06       6.24e-06       6.68e-06       7.13e-06       7.57e-06       8.02e-06       8.46e-06       8.91e-06       1.00e-05       1.00e-05       1.00e-05       1.05e-05       1.09e-05       1.14e-05       1.18e-05       1.22e-05       1.27e-05       1.31e-05       1.36e-05       1.40e-05       1.45e-05       1.49e-05       1.54e-05       1.58e-05       1.63e-05       1.67e-05       1.71e-05       1.80e-05       1.80e-05       1.85e-05       1.89e-05       1.94e-05       1.98e-05       2.03e-05       2.07e-05       2.12e-05       2.16e-05       2.30e-05
 7.85
   -9.9440   -9.9130   -9.8760   -9.8350   -9.7890   -9.7390   -9.6910   -9.6420   -9.5880   -9.5270   -9.4610   -9.3840   -9.2970   -9.2450   -9.2440   -9.2370   -9.2350   -9.2300   -9.2290   -9.2280   -9.2220   -9.2220   -9.2150   -9.2030   -9.1990   -9.1960   -9.1780   -9.1780   -9.1600   -9.1590   -9.1420   -9.1400   -9.1290   -9.1220   -9.1110   -9.1060   -9.0990   -9.0950   -9.0910   -9.0810   -9.0780   -9.0720   -9.0660   -9.0640   -9.0570   -8.9880   -8.8810   -8.7540   -8.6110   -8.4690
       5.87e-07       1.17e-06       1.76e-06       2.35e-06       2.94e-06       3.52e-06       4.11e-06       4.70e-06       5.29e-06       5.87e-06       6.46e-06       7.05e-06       7.64e-06       8.22e-06       8.81e-06       9.40e-06       9.98e-06       1.03e-05       1.09e-05       1.14e-05       1.26e-05       1.26e-05       1.32e-05       1.38e-05       1.44e-05       1.50e-05       1.61e-05       1.61e-05       1.67e-05       1.73e-05       1.79e-05       1.85e-05       1.91e-05       1.97e-05       2.02e-05       2.08e-05       2.14e-05       2.20e-05       2.26e-05       2.32e-05       2.38e-05       2.44e-05       2.49e-05       2.55e-05       2.61e-05       2.67e-05       2.73e-05       2.79e-05       2.85e-05       3.03e-05
  7.9
   -9.8750   -9.8710   -9.8620   -9.8420   -9.8180   -9.7900   -9.7580   -9.7230   -9.6840   -9.6400   -9.5960   -9.5520   -9.5040   -9.4510   -9.3920   -9.3260   -9.2470   -9.1910   -9.1890   -9.1890   -9.1610   -9.1600   -9.1360   -9.1160   -9.1130   -9.1090   -9.1020   -9.0960   -9.0930   -9.0910   -9.0860   -9.0810   -9.0750   -9.0740   -9.0660   -9.0630   -9.0580   -9.0510   -9.0500   -9.0410   -9.0320   -9.0290   -9.0170   -9.0110   -9.0070   -8.9580   -8.8490   -8.7330   -8.5700   -8.4050
       6.50e-07       1.30e-06       1.95e-06       2.60e-06       3.25e-06       3.90e-06       4.55e-06       5.20e-06       5.85e-06       6.51e-06       7.16e-06       7.81e-06       8.46e-06       9.11e-06       9.76e-06       1.04e-05       1.11e-05       1.14e-05       1.27e-05       1.27e-05       1.33e-05       1.40e-05       1.46e-05       1.53e-05       1.59e-05       1.66e-05       1.72e-05       1.79e-05       1.85e-05       1.92e-05       1.98e-05       2.05e-05       2.11e-05       2.18e-05       2.24e-05       2.31e-05       2.37e-05       2.44e-05       2.50e-05       2.57e-05       2.63e-05       2.70e-05       2.76e-05       2.83e-05       2.89e-05       2.96e-05       3.02e-05       3.09e-05       3.15e-05       3.37e-05
 7.95
   -9.7880   -9.7840   -9.7800   -9.7740   -9.7630   -9.7470   -9.7270   -9.7050   -9.6800   -9.6520   -9.6210   -9.5870   -9.5490   -9.5080   -9.4700   -9.4280   -9.3800   -9.3270   -9.2680   -9.1970   -9.1550   -9.1540   -9.1400   -9.1170   -9.1080   -9.0790   -9.0540   -9.0400   -9.0400   -9.0380   -9.0380   -9.0360   -9.0330   -9.0310   -9.0300   -9.0300   -9.0270   -9.0260   -9.0180   -9.0020   -8.9930   -8.9780   -8.9670   -8.9580   -8.9470   -8.9280   -8.8190   -8.7120   -8.5390   -8.3490
       7.11e-07       1.42e-06       2.13e-06       2.85e-06       3.56e-06       4.27e-06       4.98e-06       5.69e-06       6.40e-06       7.12e-06       7.83e-06       8.54e-06       9.25e-06       9.96e-06       1.07e-05       1.14e-05       1.21e-05       1.28e-05       1.35e-05       1.42e-05       1.46e-05       1.53e-05       1.60e-05       1.67e-05       1.74e-05       1.81e-05       1.89e-05       2.03e-05       2.03e-05       2.17e-05       2.17e-05       2.24e-05       2.31e-05       2.38e-05       2.53e-05       2.53e-05       2.60e-05       2.67e-05       2.74e-05       2.81e-05       2.88e-05       2.95e-05       3.02e-05       3.09e-05       3.17e-05       3.24e-05       3.31e-05       3.38e-05       3.45e-05       3.69e-05
  8.0
   -9.7570   -9.7510   -9.7430   -9.7350   -9.7270   -9.7170   -9.7070   -9.6940   -9.6770   -9.6590   -9.6400   -9.6190   -9.5950   -9.5700   -9.5410   -9.5100   -9.4750   -9.4380   -9.4030   -9.3650   -9.3210   -9.2720   -9.2170   -9.1540   -9.1250   -9.1230   -9.0990   -9.0780   -9.0650   -9.0340   -9.0080   -9.0020   -9.0010   -9.0000   -8.9990   -8.9940   -8.9940   -8.9930   -8.9750   -8.9670   -8.9450   -8.9400   -8.9190   -8.9170   -8.9010   -8.9000   -8.7960   -8.6890   -8.5190   -8.3090
       6.97e-07       1.39e-06       2.09e-06       2.79e-06       3.49e-06       4.18e-06       4.88e-06       5.58e-06       6.28e-06       6.98e-06       7.67e-06       8.37e-06       9.07e-06       9.77e-06       1.05e-05       1.12e-05       1.19e-05       1.26e-05       1.33e-05       1.40e-05       1.47e-05       1.54e-05       1.60e-05       1.67e-05       1.71e-05       1.78e-05       1.85e-05       1.92e-05       1.99e-05       2.06e-05       2.13e-05       2.20e-05       2.27e-05       2.34e-05       2.41e-05       2.55e-05       2.55e-05       2.62e-05       2.69e-05       2.76e-05       2.82e-05       2.89e-05       2.96e-05       3.03e-05       3.10e-05       3.17e-05       3.24e-05       3.31e-05       3.38e-05       3.62e-05
  8.3
   -9.3890   -9.3820   -9.3720   -9.3620   -9.3510   -9.3400   -9.3280   -9.3160   -9.3030   -9.2890   -9.2760   -9.2610   -9.2460   -9.2270   -9.2050   -9.1820   -9.1580   -9.1320   -9.1050   -9.0750   -9.0430   -9.0090   -8.9750   -8.9440   -8.9090   -8.8840   -8.8720   -8.8420   -8.8320   -8.7910   -8.7870   -8.7470   -8.7400   -8.7020   -8.6840   -8.6580   -8.6220   -8.6180   -8.5930   -8.5880   -8.5840   -8.5840   -8.5550   -8.4820   -8.4030   -8.3190   -8.2020   -8.0610   -7.9180   -7.8170   -7.7760
       6.46e-07       1.29e-06       1.94e-06       2.58e-06       3.23e-06       3.88e-06       4.52e-06       5.17e-06       5.82e-06       6.46e-06       7.11e-06       7.76e-06       8.40e-06       9.05e-06       9.70e-06       1.03e-05       1.10e-05       1.16e-05       1.23e-05       1.29e-05       1.36e-05       1.42e-05       1.49e-05       1.55e-05       1.62e-05       1.70e-05       1.77e-05       1.83e-05       1.90e-05       1.96e-05       2.03e-05       2.09e-05       2.15e-05       2.22e-05       2.28e-05       2.35e-05       2.41e-05       2.48e-05       2.54e-05       2.61e-05       2.74e-05       2.74e-05       2.80e-05       2.87e-05       2.93e-05       3.00e-05       3.06e-05       3.12e-05       3.19e-05       3.85e-05       4.17e-05
  8.4
   -9.2060   -9.2050   -9.1970   -9.1850   -9.1700   -9.1540   -9.1380   -9.1210   -9.1040   -9.0860   -9.0670   -9.0490   -9.0290   -9.0080   -8.9830   -8.9520   -8.9210   -8.8890   -8.8540   -8.8170   -8.7770   -8.7410   -8.7380   -8.7020   -8.6730   -8.6640   -8.6240   -8.6050   -8.5790   -8.5390   -8.5320   -8.4920   -8.4810   -8.4500   -8.4210   -8.4140   -8.4050   -8.3990   -8.3550   -8.2850   -8.2090   -8.1270   -8.0410   -7.9600   -7.8610   -7.7460   -7.6310   -7.5150   -7.3990   -7.2830
       8.58e-07       1.72e-06       2.57e-06       3.43e-06       4.29e-06       5.15e-06       6.00e-06       6.86e-06       7.72e-06       8.58e-06       9.44e-06       1.03e-05       1.12e-05       1.20e-05       1.29e-05       1.37e-05       1.46e-05       1.54e-05       1.63e-05       1.72e-05       1.80e-05       1.90e-05       1.98e-05       2.07e-05       2.15e-05       2.24e-05       2.33e-05       2.41e-05       2.50e-05       2.58e-05       2.67e-05       2.76e-05       2.84e-05       2.93e-05       3.01e-05       3.10e-05       3.18e-05       3.27e-05       3.36e-05       3.44e-05       3.53e-05       3.61e-05       3.70e-05       3.79e-05       3.87e-05       3.96e-05       4.04e-05       4.13e-05       4.22e-05       4.60e-05
  8.6
   -8.9150   -8.9010   -8.8990   -8.8810   -8.8590   -8.8370   -8.8140   -8.7910   -8.7670   -8.7430   -8.7170   -8.6870   -8.6580   -8.6270   -8.5950   -8.5630   -8.5300   -8.4930   -8.4460   -8.4380   -8.3970   -8.3460   -8.3100   -8.2920   -8.2370   -8.1890   -8.1720   -8.1390   -8.0870   -8.0310   -7.9720   -7.9040   -7.8300   -7.7530   -7.6710   -7.5820   -7.4950   -7.4080   -7.3170   -7.2210   -7.1230   -7.0210
       1.40e-06       2.79e-06       4.19e-06       5.58e-06       6.98e-06       8.37e-06       9.77e-06       1.12e-05       1.26e-05       1.40e-05       1.54e-05       1.68e-05       1.81e-05       1.95e-05       2.09e-05       2.23e-05       2.37e-05       2.51e-05       2.65e-05       2.79e-05       2.93e-05       3.07e-05       3.21e-05       3.35e-05       3.49e-05       3.63e-05       3.77e-05       3.91e-05       4.05e-05       4.19e-05       4.33e-05       4.47e-05       4.61e-05       4.75e-05       4.89e-05       5.03e-05       5.17e-05       5.31e-05       5.45e-05       5.59e-05       5.73e-05       5.87e-05
 8.65
   -8.8340   -8.8260   -8.8030   -8.7760   -8.7480   -8.7180   -8.6890   -8.6580   -8.6270   -8.5930   -8.5560   -8.5180   -8.4800   -8.4400   -8.4000   -8.3530   -8.3480   -8.2920   -8.2330   -8.2070   -8.1710   -8.1120   -8.0670   -8.0590   -8.0040   -7.9460   -7.8860   -7.8180   -7.7450   -7.6680   -7.5860   -7.5000   -7.4110   -7.3260   -7.2370   -7.1440
       1.56e-06       3.11e-06       4.67e-06       6.23e-06       7.78e-06       9.34e-06       1.09e-05       1.25e-05       1.40e-05       1.56e-05       1.71e-05       1.87e-05       2.02e-05       2.18e-05       2.34e-05       2.49e-05       2.64e-05       2.80e-05       2.96e-05       3.11e-05       3.27e-05       3.42e-05       3.58e-05       3.73e-05       3.89e-05       4.05e-05       4.20e-05       4.36e-05       4.51e-05       4.67e-05       4.83e-05       4.98e-05       5.14e-05       5.29e-05       5.45e-05       5.61e-05
  8.7
   -8.7630   -8.7420   -8.7120   -8.6970   -8.6780   -8.6430   -8.6070   -8.5700   -8.5330   -8.4920   -8.4470   -8.4020   -8.3560   -8.3080   -8.2760   -8.2510   -8.1850   -8.1180   -8.1060   -8.0470   -7.9850   -7.9260   -7.8630   -7.7990   -7.7290   -7.6530   -7.5720   -7.4890   -7.4000   -7.3090   -7.2240   -7.1350
       1.71e-06       3.42e-06       5.14e-06       6.85e-06       8.56e-06       1.03e-05       1.20e-05       1.37e-05       1.54e-05       1.71e-05       1.88e-05       2.06e-05       2.23e-05       2.40e-05       2.56e-05       2.73e-05       2.91e-05       3.08e-05       3.25e-05       3.42e-05       3.59e-05       3.76e-05       3.93e-05       4.11e-05       4.28e-05       4.45e-05       4.62e-05       4.79e-05       4.96e-05       5.14e-05       5.31e-05       5.48e-05
 8.85
   -8.5590   -8.4960   -8.4250   -8.4220   -8.3680   -7.9910
       2.59e-06       5.17e-06       7.76e-06       1.03e-05       1.29e-05       1.54e-05
  8.9
   -8.4550   -8.1950   -7.9990   -7.9430   -7.8860   -7.8200   -7.7530   -7.6860   -7.6060   -7.5160   -7.4240   -7.3460   -7.2710   -7.1950   -7.1170   -7.0310
       8.65e-06       1.82e-05       2.77e-05       3.72e-05       4.67e-05       5.62e-05       6.57e-05       7.52e-05       8.47e-05       9.42e-05       1.04e-04       1.13e-04       1.23e-04       1.32e-04       1.42e-04       1.51e-04
 8.95
   -8.4110   -8.3870   -8.3840   -8.3560   -8.3210   -8.2840   -8.2460   -8.2080   -8.1680   -8.1260   -8.0780   -8.0290   -7.9790   -7.9290   -7.8780   -7.8640   -7.7930   -7.7210   -7.7190   -7.6510   -7.5910   -7.5300   -7.4670   -7.4040   -7.3320   -7.2590   -7.1850   -7.1090   -7.0310   -6.9530   -6.8830   -6.8120   -6.7410   -6.6690   -6.5920   -6.5070   -6.4220   -6.3360   -6.2510   -6.1650   -6.0780   -5.9920   -5.9090   -5.6970   -5.6100   -5.5230   -5.4350   -5.3480   -5.2610   -5.1730   -4.7960   -4.5070   -4.3240   -4.1690
       1.59e-06       3.18e-06       4.77e-06       6.36e-06       7.95e-06       9.54e-06       1.11e-05       1.27e-05       1.43e-05       1.59e-05       1.75e-05       1.91e-05       2.07e-05       2.23e-05       2.40e-05       2.56e-05       2.71e-05       2.87e-05       3.03e-05       3.19e-05       3.35e-05       3.51e-05       3.67e-05       3.83e-05       3.99e-05       4.15e-05       4.31e-05       4.47e-05       4.62e-05       4.78e-05       4.94e-05       5.10e-05       5.26e-05       5.42e-05       5.58e-05       5.74e-05       5.90e-05       6.06e-05       6.22e-05       6.38e-05       6.54e-05       6.70e-05       6.85e-05       7.01e-05       7.17e-05       7.33e-05       7.49e-05       7.65e-05       7.81e-05       8.49e-05       9.83e-05       1.13e-04       1.28e-04       1.42e-04
  9.0
   -8.3810   -8.3690   -8.3430   -8.3120   -8.3100   -8.2780   -8.2430   -8.2070   -8.1710   -8.1300   -8.0850   -8.0400   -7.9930   -7.9460   -7.8860   -7.8410   -7.8200   -7.7530   -7.6950   -7.6840   -7.6280   -7.5710   -7.5130   -7.4540   -7.3900   -7.3220   -7.2540   -7.1830   -7.1110   -7.0390   -6.9680   -6.9030   -6.8380   -6.7690   -6.6870   -6.6050   -6.5240   -6.4410   -6.3580   -6.2760   -6.1930   -6.1100   -6.0260   -5.9430   -5.8590   -5.6540   -5.5690   -5.4850
       1.19e-06       2.38e-06       3.57e-06       4.76e-06       5.95e-06       7.13e-06       8.32e-06       9.51e-06       1.07e-05       1.19e-05       1.31e-05       1.43e-05       1.55e-05       1.66e-05       1.78e-05       1.90e-05       2.02e-05       2.14e-05       2.26e-05       2.38e-05       2.50e-05       2.62e-05       2.74e-05       2.86e-05       2.97e-05       3.09e-05       3.21e-05       3.33e-05       3.45e-05       3.57e-05       3.69e-05       3.81e-05       3.93e-05       4.05e-05       4.16e-05       4.28e-05       4.40e-05       4.52e-05       4.64e-05       4.76e-05       4.88e-05       5.00e-05       5.12e-05       5.24e-05       5.35e-05       5.47e-05       5.59e-05       5.71e-05
  9.1
   -8.3050   -8.3030   -8.2810   -8.2530   -8.2220   -8.1900   -8.1560   -8.1550   -8.1210   -8.0790   -8.0380   -7.9950   -7.9510   -7.9050   -7.8440   -7.7820   -7.7510   -7.7190   -7.6560   -7.6160   -7.6030   -7.5500   -7.4960   -7.4410   -7.3820   -7.3200   -7.2570   -7.1920   -7.1260   -7.0600   -6.9950   -6.9330   -6.8610   -6.7870   -6.7140   -6.6410   -6.5680   -6.4940   -6.4200   -6.3470   -6.2730   -6.1980   -6.1230   -6.0490   -5.9740   -5.8990   -5.8240   -5.7480
       8.25e-07       1.65e-06       2.47e-06       3.30e-06       4.12e-06       4.95e-06       5.77e-06       6.60e-06       7.42e-06       8.25e-06       9.07e-06       9.90e-06       1.07e-05       1.15e-05       1.24e-05       1.32e-05       1.40e-05       1.49e-05       1.57e-05       1.65e-05       1.73e-05       1.82e-05       1.90e-05       1.98e-05       2.06e-05       2.15e-05       2.23e-05       2.31e-05       2.39e-05       2.48e-05       2.56e-05       2.64e-05       2.72e-05       2.81e-05       2.89e-05       2.97e-05       3.05e-05       3.14e-05       3.22e-05       3.30e-05       3.38e-05       3.47e-05       3.55e-05       3.63e-05       3.71e-05       3.80e-05       3.88e-05       3.96e-05
  9.3
   -8.1340   -8.1300   -8.1080   -8.0800   -8.0500   -8.0280   -8.0180   -7.9850   -7.9470   -7.9070   -7.8670   -7.8260   -7.7840   -7.7340   -7.6780   -7.6200   -7.5620   -7.5240   -7.5050   -7.4570   -7.4090   -7.3920   -7.3600   -7.3120   -7.2630   -7.2090   -7.1550   -7.1010   -7.0380   -6.9690   -6.8990   -6.8280   -6.7580   -6.6870   -6.6210   -6.5550   -6.4900
       4.88e-07       9.77e-07       1.46e-06       1.95e-06       2.44e-06       2.93e-06       3.42e-06       3.91e-06       4.39e-06       4.88e-06       5.37e-06       5.86e-06       6.35e-06       6.84e-06       7.32e-06       7.81e-06       8.30e-06       8.80e-06       9.29e-06       9.78e-06       1.03e-05       1.08e-05       1.12e-05       1.17e-05       1.22e-05       1.27e-05       1.32e-05       1.37e-05       1.42e-05       1.47e-05       1.51e-05       1.56e-05       1.61e-05       1.66e-05       1.71e-05       1.76e-05       1.81e-05
 9.35
   -8.0840   -8.0740   -8.0510   -8.0220   -8.0200   -7.9910   -7.9590   -7.9250   -7.8860   -7.8460   -7.8050   -7.7640   -7.7220   -7.6700   -7.6120   -7.5540   -7.4950   -7.4440   -7.4400   -7.3920   -7.3430   -7.3130   -7.2950   -7.2460   -7.1960   -7.1420   -7.0870
       4.59e-07       9.18e-07       1.38e-06       1.84e-06       2.29e-06       2.75e-06       3.21e-06       3.67e-06       4.13e-06       4.59e-06       5.05e-06       5.51e-06       5.97e-06       6.42e-06       6.88e-06       7.34e-06       7.80e-06       8.26e-06       8.72e-06       9.18e-06       9.64e-06       1.01e-05       1.06e-05       1.10e-05       1.15e-05       1.19e-05       1.24e-05
  9.4
   -8.0350   -8.0220   -7.9980   -7.9910   -7.9690   -7.9380   -7.9050   -7.8710   -7.8330   -7.7920   -7.7510   -7.7100   -7.6680   -7.6170   -7.5600   -7.5030   -7.4430   -7.3870   -7.3760   -7.3390   -7.2910   -7.2470   -7.2430   -7.1940   -7.1450   -7.0920   -7.0390   -6.9840   -6.9210   -6.8570   -6.7920   -6.7270   -6.6620   -6.5970   -6.5340   -6.4730   -6.4120   -6.3520   -6.2910   -6.2300   -6.1690   -6.1080   -6.0460   -5.9850   -5.9230   -5.8610   -5.7990   -5.7370   -5.6750   -5.6130
       4.29e-07       8.58e-07       1.29e-06       1.72e-06       2.15e-06       2.57e-06       3.00e-06       3.43e-06       3.86e-06       4.29e-06       4.72e-06       5.15e-06       5.58e-06       6.01e-06       6.44e-06       6.86e-06       7.29e-06       7.72e-06       8.17e-06       8.60e-06       9.03e-06       9.46e-06       9.88e-06       1.03e-05       1.07e-05       1.12e-05       1.16e-05       1.20e-05       1.25e-05       1.29e-05       1.33e-05       1.37e-05       1.42e-05       1.46e-05       1.50e-05       1.55e-05       1.59e-05       1.63e-05       1.68e-05       1.72e-05       1.76e-05       1.80e-05       1.85e-05       1.89e-05       1.93e-05       1.98e-05       2.02e-05       2.06e-05       2.10e-05       2.34e-05
 9.65
   -7.7990   -7.7990   -7.7780   -7.7510   -7.7210   -7.6890   -7.6590   -7.6560   -7.6190   -7.5800   -7.5400   -7.5000   -7.4600   -7.4140   -7.3600   -7.3050   -7.2500   -7.1950   -7.1480   -7.1040   -7.0590   -7.0220   -7.0140   -6.9690   -6.9240   -6.8760   -6.8260   -6.7700   -6.7130   -6.6570   -6.6000   -6.5430   -6.4860   -6.4280   -6.3710   -6.3130   -6.2590   -6.2060   -6.1520   -6.0990   -6.0450   -5.9920   -5.9380   -5.8850   -5.8300   -5.7760   -5.7220   -5.6680   -5.6140   -5.5590   -5.1960
       5.48e-07       5.48e-07       8.22e-07       1.10e-06       1.37e-06       1.64e-06       1.92e-06       2.19e-06       2.46e-06       2.74e-06       3.01e-06       3.29e-06       3.56e-06       3.83e-06       4.11e-06       4.38e-06       4.65e-06       4.93e-06       5.20e-06       5.48e-06       5.75e-06       6.03e-06       6.30e-06       6.58e-06       6.85e-06       7.13e-06       7.40e-06       7.67e-06       7.95e-06       8.22e-06       8.50e-06       8.77e-06       9.04e-06       9.32e-06       9.59e-06       9.87e-06       1.01e-05       1.04e-05       1.07e-05       1.10e-05       1.12e-05       1.15e-05       1.18e-05       1.21e-05       1.23e-05       1.26e-05       1.29e-05       1.32e-05       1.34e-05       1.50e-05       1.83e-05
  9.7
   -7.7650   -7.7590   -7.7370   -7.7090   -7.6790   -7.6780   -7.6470   -7.6110   -7.5740   -7.5350   -7.4960   -7.4560   -7.4170   -7.3640   -7.3110   -7.2570   -7.2030   -7.1490   -7.1060   -7.0610   -7.0170   -6.9730   -6.9570   -6.9290   -6.8840   -6.8360   -6.7830   -6.7280   -6.6730   -6.6180   -6.5620   -6.5070   -6.4510   -6.3950   -6.3400   -6.2830   -6.2290   -6.1780   -6.1260   -6.0730   -6.0210   -5.9690   -5.9160   -5.8640   -5.8110   -5.7590   -5.7060   -5.6530   -5.6000   -5.5470   -5.1870
       2.50e-07       5.00e-07       7.50e-07       9.99e-07       1.25e-06       1.50e-06       1.75e-06       2.00e-06       2.25e-06       2.50e-06       2.75e-06       3.00e-06       3.25e-06       3.50e-06       3.75e-06       4.00e-06       4.25e-06       4.50e-06       4.75e-06       5.00e-06       5.25e-06       5.50e-06       5.75e-06       6.00e-06       6.25e-06       6.50e-06       6.75e-06       7.00e-06       7.25e-06       7.50e-06       7.75e-06       8.00e-06       8.25e-06       8.50e-06       8.75e-06       9.00e-06       9.25e-06       9.50e-06       9.75e-06       1.00e-05       1.02e-05       1.05e-05       1.07e-05       1.10e-05       1.12e-05       1.15e-05       1.17e-05       1.20e-05       1.22e-05       1.37e-05       1.67e-05
  9.9
   -7.5790   -7.5750   -7.5610   -7.5340   -7.5050   -7.4710   -7.4350   -7.4120   -7.3980   -7.3610   -7.3230   -7.2840   -7.2400   -7.1890   -7.1390   -7.0870   -7.0360   -6.9890   -6.9480   -6.9070   -6.8660   -6.8250   -6.7850   -6.7400   -6.6940   -6.6440   -6.5960   -6.5470   -6.4970   -6.4480   -6.3980   -6.3490   -6.2990   -6.2500   -6.2000   -6.1500   -6.1000   -6.0500   -6.0030   -5.9570   -5.9110   -5.8640   -5.8170   -5.7710   -5.7240   -5.6770   -5.6300   -5.5830   -5.5360   -5.4890   -5.1370   -4.8420
       1.78e-07       3.55e-07       5.33e-07       7.11e-07       8.89e-07       1.07e-06       1.24e-06       1.42e-06       1.60e-06       1.78e-06       1.96e-06       2.14e-06       2.31e-06       2.49e-06       2.67e-06       2.85e-06       3.02e-06       3.20e-06       3.38e-06       3.56e-06       3.73e-06       3.91e-06       4.09e-06       4.27e-06       4.44e-06       4.62e-06       4.80e-06       4.98e-06       5.16e-06       5.33e-06       5.51e-06       5.69e-06       5.87e-06       6.04e-06       6.22e-06       6.40e-06       6.58e-06       6.76e-06       6.93e-06       7.11e-06       7.29e-06       7.47e-06       7.64e-06       7.82e-06       8.00e-06       8.18e-06       8.35e-06       8.53e-06       8.71e-06       9.79e-06       1.20e-05       1.44e-05
 9.95
   -7.5260   -7.5240   -7.5040   -7.4780   -7.4490   -7.4480   -7.4150   -7.3790   -7.3420   -7.3060   -7.2680   -7.2310   -7.1860   -7.1370   -7.0870   -7.0370   -6.9860   -6.9390   -6.8990   -6.8590   -6.8190   -6.7780   -6.7390   -6.6980   -6.6520   -6.6040   -6.5570   -6.5090   -6.4610   -6.4120   -6.3640   -6.3150   -6.2670   -6.2180   -6.1700   -6.1200   -6.0710   -6.0220   -5.9760   -5.9310   -5.8850   -5.8390   -5.7940   -5.7480   -5.7030   -5.6570   -5.6110   -5.5650   -5.5190   -5.4730
       1.63e-07       3.27e-07       4.90e-07       6.54e-07       8.17e-07       9.84e-07       1.15e-06       1.31e-06       1.48e-06       1.64e-06       1.80e-06       1.97e-06       2.13e-06       2.29e-06       2.46e-06       2.62e-06       2.79e-06       2.95e-06       3.11e-06       3.28e-06       3.44e-06       3.60e-06       3.77e-06       3.93e-06       4.09e-06       4.26e-06       4.42e-06       4.59e-06       4.75e-06       4.91e-06       5.08e-06       5.24e-06       5.40e-06       5.57e-06       5.73e-06       5.90e-06       6.06e-06       6.22e-06       6.39e-06       6.55e-06       6.71e-06       6.88e-06       7.04e-06       7.21e-06       7.37e-06       7.53e-06       7.70e-06       7.86e-06       8.02e-06       9.02e-06
 10.0
   -7.4970   -7.4850   -7.4720   -7.4630   -7.4360   -7.4040   -7.3700   -7.3350   -7.3000   -7.2650   -7.2290   -7.1880   -7.1410   -7.0930   -7.0460   -6.9980   -6.9500   -6.9110   -6.8730   -6.8340   -6.7960   -6.7580   -6.7200   -6.6790   -6.6320   -6.5840   -6.5360   -6.4870   -6.4380   -6.3900   -6.3410   -6.2920   -6.2430   -6.1940   -6.1440   -6.0940   -6.0450   -5.9950   -5.9490   -5.9040   -5.8580   -5.8120   -5.7650   -5.7190   -5.6730   -5.6270   -5.5800   -5.5340   -5.4880   -5.4410
       1.50e-07       3.01e-07       4.54e-07       6.04e-07       7.54e-07       9.04e-07       1.05e-06       1.20e-06       1.35e-06       1.51e-06       1.66e-06       1.81e-06       1.96e-06       2.11e-06       2.26e-06       2.41e-06       2.56e-06       2.71e-06       2.86e-06       3.01e-06       3.16e-06       3.31e-06       3.46e-06       3.61e-06       3.76e-06       3.91e-06       4.06e-06       4.21e-06       4.36e-06       4.51e-06       4.66e-06       4.81e-06       4.96e-06       5.11e-06       5.26e-06       5.41e-06       5.56e-06       5.71e-06       5.86e-06       6.01e-06       6.16e-06       6.31e-06       6.46e-06       6.61e-06       6.77e-06       6.92e-06       7.07e-06       7.22e-06       7.37e-06       8.30e-06
