  7.6
  -11.9020  -11.8910  -11.8770  -11.8610  -11.8450  -11.8290  -11.8110  -11.7980  -11.7960  -11.7940  -11.7920  -10.3630  -10.3440  -10.3410  -10.3390  -10.3380  -10.3360  -10.3340  -10.3320  -10.2950  -10.2580  -10.2190  -10.1810  -10.1410  -10.1200  -10.1090  -10.0980  -10.0860  -10.0710  -10.0550  -10.0350  -10.0130  -10.0000   -9.9830   -9.9610   -9.9330   -9.8960   -9.8440   -9.7850   -9.7210   -9.6530   -9.5790   -9.5020   -9.4220   -9.3360   -9.2420   -9.1400   -9.0380   -8.9410   -8.9350   -8.8300
       1.32e-07       3.95e-07       6.59e-07       9.22e-07       1.19e-06       1.45e-06       1.71e-06       1.98e-06       2.24e-06       2.50e-06       2.77e-06       3.03e-06       3.29e-06       3.56e-06       3.82e-06       4.09e-06       4.35e-06       4.61e-06       4.88e-06       5.14e-06       5.40e-06       5.67e-06       5.93e-06       6.20e-06       6.46e-06       6.72e-06       6.99e-06       7.25e-06       7.51e-06       7.78e-06       8.04e-06       8.31e-06       8.57e-06       8.83e-06       9.10e-06       9.36e-06       9.63e-06       9.89e-06       1.02e-05       1.04e-05       1.07e-05       1.09e-05       1.12e-05       1.15e-05       1.17e-05       1.20e-05       1.23e-05       1.25e-05       1.44e-05       1.47e-05       1.57e-05
  7.7
  -12.4370  -12.4320  -12.4210  -12.4080  -12.3970  -12.3970  -12.3940  -12.3920  -12.3870  -12.3750  -12.3590  -12.3540  -12.3490  -12.3410  -12.3340  -12.3280  -12.3240  -12.3200  -12.3180  -12.3180  -12.3170  -12.3160  -12.3020  -12.2780  -12.2540  -12.2520  -12.2300  -12.2070  -12.1840  -12.1610  -12.1420  -12.1280  -12.1140  -12.1010  -12.0890  -12.0790  -12.0720  -10.5490  -10.4390  -10.3190  -10.1880  -10.0810   -9.9670   -9.8450   -9.7150   -9.5740   -9.4230   -9.2710   -9.1170   -8.9610
       4.46e-07       8.91e-07       1.34e-06       1.78e-06       2.67e-06       2.67e-06       3.12e-06       3.56e-06       4.01e-06       4.45e-06       4.90e-06       5.35e-06       5.79e-06       6.24e-06       6.68e-06       7.13e-06       7.57e-06       8.02e-06       8.91e-06       8.91e-06       9.35e-06       9.80e-06       1.02e-05       1.07e-05       1.11e-05       1.16e-05       1.20e-05       1.25e-05       1.29e-05       1.34e-05       1.38e-05       1.42e-05       1.47e-05       1.51e-05       1.56e-05       1.60e-05       1.62e-05       1.67e-05       1.71e-05       1.76e-05       1.80e-05       1.85e-05       1.89e-05       1.94e-05       1.98e-05       2.03e-05       2.07e-05       2.12e-05       2.16e-05       2.30e-05
 7.85
  -12.1540  -12.1500  -12.1490  -12.1370  -12.1160  -12.0830  -12.0490  -12.0150  -11.9910  -11.9790  -11.9790  -11.9770  -11.9680  -11.9670  -11.9580  -11.9570  -11.9520  -11.9510  -11.9470  -11.9470  -11.9410  -11.9370  -11.9350  -11.9240  -11.8970  -11.8710  -11.8450  -11.8310  -11.8180  -11.8080  -10.5770  -10.5250  -10.4640  -10.3960  -10.3180  -10.2320  -10.1610  -10.0920  -10.0170   -9.9320   -9.8370   -9.7540   -9.6680   -9.5750   -9.4710   -9.3600   -9.2370   -9.0940   -8.9360   -8.7760
       5.87e-07       1.17e-06       1.76e-06       2.35e-06       2.94e-06       3.52e-06       4.11e-06       4.70e-06       5.28e-06       6.46e-06       6.46e-06       7.04e-06       7.63e-06       8.22e-06       8.80e-06       9.39e-06       9.98e-06       1.06e-05       1.17e-05       1.17e-05       1.23e-05       1.29e-05       1.35e-05       1.41e-05       1.47e-05       1.53e-05       1.58e-05       1.64e-05       1.70e-05       1.73e-05       1.79e-05       1.85e-05       1.91e-05       1.97e-05       2.02e-05       2.08e-05       2.14e-05       2.20e-05       2.26e-05       2.32e-05       2.38e-05       2.44e-05       2.49e-05       2.55e-05       2.61e-05       2.67e-05       2.73e-05       2.79e-05       2.85e-05       3.03e-05
  7.9
  -12.0300  -12.0120  -11.9940  -11.9750  -11.9570  -11.9420  -11.9390  -11.9270  -11.9220  -11.9210  -11.9190  -11.9170  -11.9150  -11.9130  -11.9090  -11.9050  -11.9030  -11.8970  -11.8950  -11.8930  -11.8900  -11.8600  -11.8300  -11.8060  -11.7900  -11.7780  -10.5270  -10.5240  -10.5170  -10.4820  -10.4410  -10.3930  -10.3410  -10.2820  -10.2160  -10.1390  -10.0700  -10.0100   -9.9430   -9.8690   -9.7840   -9.6960   -9.6180   -9.5310   -9.4350   -9.3310   -9.2160   -9.0840   -8.9020   -8.7180
       6.50e-07       1.30e-06       1.95e-06       2.60e-06       3.25e-06       3.90e-06       4.55e-06       5.20e-06       5.85e-06       6.50e-06       7.15e-06       7.80e-06       8.45e-06       9.10e-06       9.75e-06       1.04e-05       1.10e-05       1.17e-05       1.23e-05       1.30e-05       1.36e-05       1.43e-05       1.49e-05       1.56e-05       1.62e-05       1.66e-05       1.72e-05       1.79e-05       1.85e-05       1.92e-05       1.98e-05       2.05e-05       2.11e-05       2.18e-05       2.24e-05       2.31e-05       2.37e-05       2.44e-05       2.50e-05       2.57e-05       2.63e-05       2.70e-05       2.76e-05       2.83e-05       2.89e-05       2.96e-05       3.02e-05       3.09e-05       3.15e-05       3.37e-05
 7.95
  -11.9440  -11.9380  -11.9320  -11.9240  -11.9160  -11.9050  -11.9050  -11.8930  -11.8860  -11.8860  -11.8830  -11.8830  -11.8770  -11.8700  -11.8610  -11.8550  -11.8500  -11.8440  -11.8410  -11.8170  -11.7840  -11.7650  -11.7510  -10.4380  -10.4350  -10.4330  -10.4280  -10.4150  -10.3860  -10.3530  -10.3160  -10.2750  -10.2270  -10.1760  -10.1170  -10.0510   -9.9850   -9.9330   -9.8730   -9.8070   -9.7310   -9.6470   -9.5680   -9.4880   -9.3990   -9.3010   -9.1920   -9.0710   -8.8790   -8.6670
       7.11e-07       1.42e-06       2.13e-06       2.84e-06       3.56e-06       4.98e-06       4.98e-06       5.69e-06       7.11e-06       7.11e-06       8.53e-06       8.53e-06       9.24e-06       9.95e-06       1.07e-05       1.14e-05       1.21e-05       1.28e-05       1.35e-05       1.42e-05       1.49e-05       1.56e-05       1.60e-05       1.67e-05       1.74e-05       1.81e-05       1.88e-05       1.95e-05       2.03e-05       2.10e-05       2.17e-05       2.24e-05       2.31e-05       2.38e-05       2.45e-05       2.52e-05       2.60e-05       2.67e-05       2.74e-05       2.81e-05       2.88e-05       2.95e-05       3.02e-05       3.09e-05       3.17e-05       3.24e-05       3.31e-05       3.38e-05       3.45e-05       3.69e-05
  8.0
  -11.9080  -11.9040  -11.8980  -11.8880  -11.8740  -11.8720  -11.8610  -11.8480  -11.8400  -11.8370  -11.8300  -11.8210  -11.8140  -11.8040  -11.8030  -11.7980  -11.7680  -11.7440  -11.7280  -10.4040  -10.3990  -10.3930  -10.3860  -10.3790  -10.3710  -10.3610  -10.3440  -10.3160  -10.2870  -10.2560  -10.2220  -10.1830  -10.1400  -10.0930  -10.0400   -9.9800   -9.9170   -9.8680   -9.8150   -9.7540   -9.6840   -9.6060   -9.5240   -9.4490   -9.3660   -9.2730   -9.1690   -9.0560   -8.8670   -8.6320
       6.97e-07       1.39e-06       2.09e-06       2.79e-06       3.49e-06       4.18e-06       4.88e-06       5.58e-06       6.27e-06       6.97e-06       7.67e-06       8.36e-06       9.06e-06       9.76e-06       1.05e-05       1.12e-05       1.18e-05       1.25e-05       1.29e-05       1.36e-05       1.43e-05       1.50e-05       1.57e-05       1.64e-05       1.71e-05       1.78e-05       1.85e-05       1.92e-05       1.99e-05       2.06e-05       2.13e-05       2.20e-05       2.27e-05       2.34e-05       2.41e-05       2.48e-05       2.55e-05       2.61e-05       2.68e-05       2.75e-05       2.82e-05       2.89e-05       2.96e-05       3.03e-05       3.10e-05       3.17e-05       3.24e-05       3.31e-05       3.38e-05       3.62e-05
  8.3
  -11.6460  -11.6250  -11.6090  -11.5920  -11.5670  -11.5610  -11.5360  -11.5310  -11.5110  -11.5100  -11.5070  -10.0530  -10.0340  -10.0210  -10.0080   -9.9950   -9.9840   -9.9740   -9.9630   -9.9520   -9.9400   -9.9270   -9.9140   -9.9010   -9.8740   -9.8390   -9.8010   -9.7630   -9.7190   -9.6730   -9.6220   -9.5670   -9.5060   -9.4520   -9.4080   -9.3600   -9.3070   -9.2500   -9.1860   -9.1160   -9.0550   -8.9930   -8.9260   -8.8540   -8.7750   -8.6920   -8.5670   -8.4130   -8.2570   -8.1460   -8.1010
       6.46e-07       1.29e-06       1.94e-06       2.58e-06       3.23e-06       3.88e-06       4.73e-06       5.38e-06       6.03e-06       6.67e-06       7.32e-06       7.97e-06       8.61e-06       9.26e-06       9.90e-06       1.06e-05       1.12e-05       1.18e-05       1.25e-05       1.31e-05       1.38e-05       1.44e-05       1.51e-05       1.57e-05       1.64e-05       1.70e-05       1.77e-05       1.83e-05       1.90e-05       1.96e-05       2.02e-05       2.09e-05       2.15e-05       2.22e-05       2.28e-05       2.35e-05       2.41e-05       2.48e-05       2.54e-05       2.61e-05       2.67e-05       2.74e-05       2.80e-05       2.87e-05       2.93e-05       3.00e-05       3.06e-05       3.12e-05       3.19e-05       3.85e-05       4.17e-05
  8.4
  -11.5170  -11.4860  -11.4630  -11.4500  -11.4170  -11.4140  -11.3850  -11.3570  -11.3490   -9.9500   -9.8850   -9.8510   -9.8240   -9.8080   -9.7940   -9.7790   -9.7640   -9.7490   -9.7330   -9.7160   -9.6990   -9.6810   -9.6630   -9.6270   -9.5780   -9.5270   -9.4740   -9.4140   -9.3520   -9.2810   -9.2160   -9.1660   -9.1130   -9.0560   -8.9920   -8.9240   -8.8510   -8.7910   -8.7260   -8.6560   -8.5810   -8.5000   -8.4120   -8.3190   -8.2070   -8.0810   -7.9540   -7.8260   -7.6980   -7.5680
       8.57e-07       1.71e-06       2.57e-06       3.43e-06       4.29e-06       5.24e-06       6.10e-06       6.96e-06       7.81e-06       8.67e-06       9.53e-06       1.04e-05       1.12e-05       1.21e-05       1.30e-05       1.38e-05       1.47e-05       1.55e-05       1.64e-05       1.73e-05       1.81e-05       1.90e-05       1.98e-05       2.07e-05       2.15e-05       2.24e-05       2.33e-05       2.41e-05       2.50e-05       2.58e-05       2.67e-05       2.76e-05       2.84e-05       2.93e-05       3.01e-05       3.10e-05       3.18e-05       3.27e-05       3.36e-05       3.44e-05       3.53e-05       3.61e-05       3.70e-05       3.79e-05       3.87e-05       3.96e-05       4.04e-05       4.13e-05       4.22e-05       4.60e-05
  8.6
  -11.2460  -11.1750  -11.1580   -9.9410   -9.7630   -9.6900   -9.6360   -9.5930   -9.5490   -9.5070   -9.4680   -9.4290   -9.3890   -9.3520   -9.3250   -9.2980   -9.2700   -9.2420   -9.2130   -9.1820   -9.1420   -9.0680   -8.9880   -8.9020   -8.8090   -8.7150   -8.6490   -8.5790   -8.5040   -8.4240   -8.3420   -8.2740   -8.2020   -8.1250   -8.0430   -7.9550   -7.8600   -7.7590   -7.6520   -7.5390   -7.4220   -7.3090
       1.40e-06       2.79e-06       4.18e-06       5.58e-06       6.97e-06       8.37e-06       9.76e-06       1.12e-05       1.26e-05       1.40e-05       1.53e-05       1.67e-05       1.81e-05       1.95e-05       2.09e-05       2.23e-05       2.37e-05       2.51e-05       2.65e-05       2.79e-05       2.93e-05       3.07e-05       3.21e-05       3.35e-05       3.49e-05       3.63e-05       3.77e-05       3.91e-05       4.05e-05       4.19e-05       4.33e-05       4.47e-05       4.61e-05       4.75e-05       4.89e-05       5.03e-05       5.17e-05       5.31e-05       5.45e-05       5.59e-05       5.73e-05       5.87e-05
 8.65
  -11.1920  -11.0940  -11.0860   -9.7820   -9.6550   -9.5840   -9.5290   -9.4730   -9.4220   -9.3720   -9.3230   -9.2720   -9.2300   -9.1960   -9.1620   -9.1260   -9.0900   -9.0540   -8.9800   -8.8880   -8.7910   -8.6830   -8.5870   -8.5130   -8.4350   -8.3530   -8.2660   -8.1890   -8.1160   -8.0400   -7.9580   -7.8720   -7.7820   -7.6830   -7.5790   -7.4700
       1.56e-06       3.08e-06       4.64e-06       6.19e-06       7.75e-06       9.31e-06       1.09e-05       1.24e-05       1.40e-05       1.55e-05       1.71e-05       1.86e-05       2.02e-05       2.18e-05       2.33e-05       2.49e-05       2.64e-05       2.80e-05       2.96e-05       3.11e-05       3.27e-05       3.42e-05       3.58e-05       3.73e-05       3.89e-05       4.05e-05       4.20e-05       4.36e-05       4.51e-05       4.67e-05       4.83e-05       4.98e-05       5.14e-05       5.29e-05       5.45e-05       5.61e-05
  8.7
  -11.1100  -11.0420  -10.0950   -9.6710   -9.5610   -9.4880   -9.4240   -9.3610   -9.3020   -9.2430   -9.1820   -9.1290   -9.0880   -9.0470   -9.0040   -8.9610   -8.8860   -8.7790   -8.6660   -8.5430   -8.4500   -8.3670   -8.2790   -8.1860   -8.0990   -8.0240   -7.9440   -7.8610   -7.7730   -7.6810   -7.5830   -7.4780
       1.71e-06       3.37e-06       5.08e-06       6.79e-06       8.50e-06       1.02e-05       1.19e-05       1.36e-05       1.54e-05       1.71e-05       1.88e-05       2.05e-05       2.22e-05       2.39e-05       2.56e-05       2.73e-05       2.91e-05       3.08e-05       3.25e-05       3.42e-05       3.59e-05       3.76e-05       3.93e-05       4.11e-05       4.28e-05       4.45e-05       4.62e-05       4.79e-05       4.96e-05       5.14e-05       5.31e-05       5.48e-05
 8.85
  -10.8390  -10.1470   -9.4810   -9.3420   -9.2430   -9.1480
       2.44e-06       5.03e-06       7.61e-06       1.02e-05       1.28e-05       1.54e-05
  8.9
   -9.3720   -9.0030   -8.7000   -8.6100   -8.5210   -8.4610   -8.4000   -8.3390   -8.2270   -8.0810   -7.9240   -7.8070   -7.7020   -7.5940   -7.4870   -7.4020
       8.65e-06       1.82e-05       2.77e-05       3.72e-05       4.67e-05       5.62e-05       6.57e-05       7.52e-05       8.47e-05       9.42e-05       1.04e-04       1.13e-04       1.23e-04       1.32e-04       1.42e-04       1.51e-04
 8.95
  -10.7760  -10.7610   -9.6680   -9.3530   -9.2340   -9.1520   -9.0850   -9.0160   -8.9520   -8.8880   -8.8220   -8.7610   -8.7180   -8.6740   -8.6290   -8.5830   -8.4870   -8.3700   -8.2470   -8.1280   -8.0440   -7.9570   -7.8670   -7.7740   -7.7030   -7.6300   -7.5560   -7.4810   -7.4030   -7.3240   -7.2430   -7.1600   -7.0760   -6.9910   -6.9030   -6.8090   -6.7140   -6.6180   -6.5210   -6.4240   -6.3270   -6.2280   -6.1350   -5.7180   -5.6220   -5.5350   -5.4480   -5.3610   -5.2730   -5.1860   -4.8090   -4.5200   -4.3380   -4.1840
       1.59e-06       3.29e-06       4.88e-06       6.47e-06       8.06e-06       9.65e-06       1.12e-05       1.28e-05       1.44e-05       1.60e-05       1.76e-05       1.92e-05       2.08e-05       2.24e-05       2.40e-05       2.56e-05       2.71e-05       2.87e-05       3.03e-05       3.19e-05       3.35e-05       3.51e-05       3.67e-05       3.83e-05       3.99e-05       4.15e-05       4.31e-05       4.47e-05       4.62e-05       4.78e-05       4.94e-05       5.10e-05       5.26e-05       5.42e-05       5.58e-05       5.74e-05       5.90e-05       6.06e-05       6.22e-05       6.38e-05       6.54e-05       6.70e-05       6.85e-05       7.01e-05       7.17e-05       7.33e-05       7.49e-05       7.65e-05       7.81e-05       8.49e-05       9.83e-05       1.13e-04       1.28e-04       1.42e-04
  9.0
  -10.7560  -10.7560   -9.7560   -9.3520   -9.2190   -9.1350   -9.0650   -9.0030   -8.9380   -8.8780   -8.8170   -8.7660   -8.7260   -8.6850   -8.6430   -8.6000   -8.5120   -8.4020   -8.2900   -8.1660   -8.0880   -8.0070   -7.9240   -7.8380   -7.7610   -7.6930   -7.6250   -7.5550   -7.4840   -7.4120   -7.3380   -7.2630   -7.1860   -7.1070   -7.0170   -6.9260   -6.8360   -6.7440   -6.6510   -6.5590   -6.4650   -6.3720   -6.2770   -6.1820   -6.0860   -5.6830   -5.5820   -5.4970
       2.38e-06       2.38e-06       3.57e-06       4.76e-06       5.95e-06       7.14e-06       8.33e-06       9.52e-06       1.07e-05       1.19e-05       1.31e-05       1.43e-05       1.55e-05       1.67e-05       1.78e-05       1.90e-05       2.02e-05       2.14e-05       2.26e-05       2.38e-05       2.50e-05       2.62e-05       2.74e-05       2.86e-05       2.97e-05       3.09e-05       3.21e-05       3.33e-05       3.45e-05       3.57e-05       3.69e-05       3.81e-05       3.93e-05       4.05e-05       4.16e-05       4.28e-05       4.40e-05       4.52e-05       4.64e-05       4.76e-05       4.88e-05       5.00e-05       5.12e-05       5.24e-05       5.35e-05       5.47e-05       5.59e-05       5.71e-05
  9.1
  -10.7160  -10.6890   -9.8530   -9.3160   -9.1580   -9.0650   -8.9950   -8.9340   -8.8710   -8.8110   -8.7560   -8.7190   -8.6810   -8.6420   -8.6020   -8.5550   -8.4580   -8.3550   -8.2460   -8.1360   -8.0630   -7.9870   -7.9090   -7.8290   -7.7530   -7.6910   -7.6280   -7.5640   -7.4980   -7.4330   -7.3680   -7.3010   -7.2220   -7.1410   -7.0610   -6.9800   -6.9000   -6.8180   -6.7370   -6.6550   -6.5720   -6.4890   -6.4050   -6.3210   -6.2360   -6.1510   -6.0650   -5.9790
       8.32e-07       1.66e-06       2.48e-06       3.31e-06       4.13e-06       4.96e-06       5.78e-06       6.61e-06       7.43e-06       8.25e-06       9.08e-06       9.90e-06       1.07e-05       1.16e-05       1.24e-05       1.32e-05       1.40e-05       1.49e-05       1.57e-05       1.65e-05       1.73e-05       1.82e-05       1.90e-05       1.98e-05       2.06e-05       2.15e-05       2.23e-05       2.31e-05       2.39e-05       2.48e-05       2.56e-05       2.64e-05       2.72e-05       2.81e-05       2.89e-05       2.97e-05       3.05e-05       3.14e-05       3.22e-05       3.30e-05       3.38e-05       3.47e-05       3.55e-05       3.63e-05       3.71e-05       3.80e-05       3.88e-05       3.96e-05
  9.3
  -10.5950  -10.4990   -9.5500   -9.1160   -8.9670   -8.8760   -8.8050   -8.7440   -8.6840   -8.6230   -8.5850   -8.5490   -8.5130   -8.4750   -8.4380   -8.3700   -8.2790   -8.1810   -8.0810   -7.9830   -7.9160   -7.8470   -7.7780   -7.7080   -7.6370   -7.5800   -7.5260   -7.4730   -7.4100   -7.3410   -7.2710   -7.2010   -7.1310   -7.0600   -6.9890   -6.9160   -6.8440
       5.02e-07       9.90e-07       1.48e-06       1.97e-06       2.45e-06       2.94e-06       3.43e-06       3.92e-06       4.41e-06       4.90e-06       5.38e-06       5.87e-06       6.36e-06       6.85e-06       7.34e-06       7.83e-06       8.31e-06       8.80e-06       9.29e-06       9.78e-06       1.03e-05       1.08e-05       1.12e-05       1.17e-05       1.22e-05       1.27e-05       1.32e-05       1.37e-05       1.42e-05       1.47e-05       1.51e-05       1.56e-05       1.61e-05       1.66e-05       1.71e-05       1.76e-05       1.81e-05
 9.35
  -10.5320  -10.4320   -9.3710   -9.0320   -8.8970   -8.8110   -8.7430   -8.6820   -8.6200   -8.5610   -8.5250   -8.4880   -8.4510   -8.4140   -8.3760   -8.3000   -8.2060   -8.1070   -8.0060   -7.9150   -7.8470   -7.7780   -7.7090   -7.6370   -7.5670   -7.5130   -7.4580
       4.64e-07       9.22e-07       1.38e-06       1.84e-06       2.30e-06       2.76e-06       3.22e-06       3.68e-06       4.13e-06       4.59e-06       5.05e-06       5.51e-06       5.97e-06       6.43e-06       6.89e-06       7.35e-06       7.81e-06       8.26e-06       8.72e-06       9.18e-06       9.64e-06       1.01e-05       1.06e-05       1.10e-05       1.15e-05       1.19e-05       1.24e-05
  9.4
  -10.4750  -10.3760   -9.2540   -8.9640   -8.8410   -8.7580   -8.6900   -8.6300   -8.5680   -8.5090   -8.4710   -8.4340   -8.3970   -8.3600   -8.3220   -8.2520   -8.1580   -8.0620   -7.9590   -7.8640   -7.7970   -7.7290   -7.6600   -7.5890   -7.5170   -7.4620   -7.4100   -7.3560   -7.2930   -7.2290   -7.1640   -7.1000   -7.0350   -6.9700   -6.9050   -6.8370   -6.7710   -6.7040   -6.6370   -6.5690   -6.5010   -6.4330   -6.3640   -6.2950   -6.2250   -6.1560   -6.0860   -6.0150   -5.9450   -5.8730
       4.46e-07       8.75e-07       1.30e-06       1.73e-06       2.16e-06       2.59e-06       3.02e-06       3.45e-06       3.88e-06       4.31e-06       4.74e-06       5.17e-06       5.59e-06       6.02e-06       6.45e-06       6.88e-06       7.31e-06       7.74e-06       8.17e-06       8.60e-06       9.03e-06       9.46e-06       9.88e-06       1.03e-05       1.07e-05       1.12e-05       1.16e-05       1.20e-05       1.25e-05       1.29e-05       1.33e-05       1.37e-05       1.42e-05       1.46e-05       1.50e-05       1.55e-05       1.59e-05       1.63e-05       1.68e-05       1.72e-05       1.76e-05       1.80e-05       1.85e-05       1.89e-05       1.93e-05       1.98e-05       2.02e-05       2.06e-05       2.10e-05       2.34e-05
 9.65
  -10.1800   -9.3060   -8.8060   -8.6430   -8.5480   -8.4750   -8.4110   -8.3520   -8.2930   -8.2570   -8.2220   -8.1860   -8.1500   -8.1140   -8.0530   -7.9650   -7.8740   -7.7800   -7.6840   -7.6160   -7.5530   -7.4900   -7.4250   -7.3610   -7.2950   -7.2460   -7.1970   -7.1410   -7.0850   -7.0290   -6.9720   -6.9150   -6.8580   -6.8010   -6.7440   -6.6860   -6.6290   -6.5700   -6.5110   -6.4520   -6.3930   -6.3330   -6.2730   -6.2140   -6.1530   -6.0930   -6.0320   -5.9710   -5.9100   -5.8480   -5.4360
       2.80e-07       5.53e-07       8.27e-07       1.10e-06       1.37e-06       1.65e-06       1.92e-06       2.20e-06       2.47e-06       2.74e-06       3.02e-06       3.29e-06       3.57e-06       3.84e-06       4.11e-06       4.39e-06       4.66e-06       4.93e-06       5.21e-06       5.48e-06       5.76e-06       6.03e-06       6.30e-06       6.58e-06       6.85e-06       7.13e-06       7.40e-06       7.67e-06       7.95e-06       8.22e-06       8.50e-06       8.77e-06       9.04e-06       9.32e-06       9.59e-06       9.87e-06       1.01e-05       1.04e-05       1.07e-05       1.10e-05       1.12e-05       1.15e-05       1.18e-05       1.21e-05       1.23e-05       1.26e-05       1.29e-05       1.32e-05       1.34e-05       1.50e-05       1.83e-05
  9.7
  -10.1260   -9.1180   -8.7290   -8.5830   -8.4920   -8.4210   -8.3590   -8.2990   -8.2500   -8.2140   -8.1790   -8.1430   -8.1070   -8.0710   -7.9900   -7.9030   -7.8110   -7.7180   -7.6270   -7.5670   -7.5040   -7.4420   -7.3790   -7.3160   -7.2550   -7.2070   -7.1540   -7.0990   -7.0440   -6.9890   -6.9340   -6.8790   -6.8230   -6.7680   -6.7120   -6.6560   -6.6000   -6.5430   -6.4860   -6.4280   -6.3700   -6.3120   -6.2540   -6.1960   -6.1370   -6.0790   -6.0190   -5.9600   -5.9010   -5.8410   -5.4330
       2.55e-07       5.05e-07       7.55e-07       1.01e-06       1.26e-06       1.50e-06       1.75e-06       2.00e-06       2.25e-06       2.50e-06       2.75e-06       3.00e-06       3.25e-06       3.50e-06       3.75e-06       4.00e-06       4.25e-06       4.50e-06       4.75e-06       5.00e-06       5.25e-06       5.50e-06       5.75e-06       6.00e-06       6.25e-06       6.50e-06       6.75e-06       7.00e-06       7.25e-06       7.50e-06       7.75e-06       8.00e-06       8.25e-06       8.50e-06       8.75e-06       9.00e-06       9.25e-06       9.50e-06       9.75e-06       1.00e-05       1.02e-05       1.05e-05       1.07e-05       1.10e-05       1.12e-05       1.15e-05       1.17e-05       1.20e-05       1.22e-05       1.37e-05       1.67e-05
  9.9
   -9.1310   -8.5890   -8.4100   -8.3070   -8.2310   -8.1680   -8.1190   -8.0790   -8.0420   -8.0070   -7.9730   -7.9380   -7.8800   -7.7980   -7.7160   -7.6280   -7.5410   -7.4640   -7.4070   -7.3500   -7.2920   -7.2340   -7.1770   -7.1180   -7.0640   -7.0150   -6.9670   -6.9180   -6.8680   -6.8200   -6.7700   -6.7210   -6.6710   -6.6220   -6.5730   -6.5230   -6.4730   -6.4230   -6.3710   -6.3200   -6.2690   -6.2180   -6.1660   -6.1140   -6.0620   -6.0100   -5.9570   -5.9050   -5.8520   -5.7990   -5.4010   -5.0680
       1.81e-07       3.59e-07       5.36e-07       7.14e-07       8.92e-07       1.07e-06       1.25e-06       1.42e-06       1.60e-06       1.78e-06       1.96e-06       2.14e-06       2.31e-06       2.49e-06       2.67e-06       2.85e-06       3.02e-06       3.20e-06       3.38e-06       3.56e-06       3.73e-06       3.91e-06       4.09e-06       4.27e-06       4.44e-06       4.62e-06       4.80e-06       4.98e-06       5.16e-06       5.33e-06       5.51e-06       5.69e-06       5.87e-06       6.04e-06       6.22e-06       6.40e-06       6.58e-06       6.76e-06       6.93e-06       7.11e-06       7.29e-06       7.47e-06       7.64e-06       7.82e-06       8.00e-06       8.18e-06       8.35e-06       8.53e-06       8.71e-06       9.79e-06       1.20e-05       1.44e-05
 9.95
   -8.8580   -8.4930   -8.3370   -8.2410   -8.1680   -8.1050   -8.0630   -8.0240   -7.9870   -7.9530   -7.9190   -7.8850   -7.8230   -7.7440   -7.6620   -7.5780   -7.4900   -7.4150   -7.3600   -7.3030   -7.2470   -7.1900   -7.1330   -7.0750   -7.0220   -6.9750   -6.9270   -6.8800   -6.8320   -6.7830   -6.7350   -6.6870   -6.6390   -6.5910   -6.5420   -6.4930   -6.4440   -6.3950   -6.3450   -6.2960   -6.2460   -6.1950   -6.1440   -6.0940   -6.0430   -5.9920   -5.9410   -5.8890   -5.8370   -5.7860
       1.67e-07       3.30e-07       4.94e-07       6.57e-07       8.21e-07       9.84e-07       1.15e-06       1.31e-06       1.48e-06       1.64e-06       1.80e-06       1.97e-06       2.13e-06       2.29e-06       2.46e-06       2.62e-06       2.79e-06       2.95e-06       3.11e-06       3.28e-06       3.44e-06       3.60e-06       3.77e-06       3.93e-06       4.09e-06       4.26e-06       4.42e-06       4.59e-06       4.75e-06       4.91e-06       5.08e-06       5.24e-06       5.40e-06       5.57e-06       5.73e-06       5.90e-06       6.06e-06       6.22e-06       6.39e-06       6.55e-06       6.71e-06       6.88e-06       7.04e-06       7.21e-06       7.37e-06       7.53e-06       7.70e-06       7.86e-06       8.02e-06       9.02e-06
 10.0
   -8.5930   -8.3620   -8.2430   -8.1620   -8.0990   -8.0580   -8.0210   -7.9830   -7.9480   -7.9150   -7.8830   -7.8280   -7.7550   -7.6770   -7.5990   -7.5170   -7.4340   -7.3800   -7.3260   -7.2730   -7.2190   -7.1650   -7.1110   -7.0540   -7.0030   -6.9550   -6.9070   -6.8580   -6.8090   -6.7610   -6.7130   -6.6640   -6.6150   -6.5660   -6.5160   -6.4670   -6.4180   -6.3680   -6.3180   -6.2670   -6.2170   -6.1660   -6.1150   -6.0630   -6.0120   -5.9610   -5.9090   -5.8570   -5.8050   -5.7520
       1.53e-07       3.03e-07       4.54e-07       6.04e-07       7.54e-07       9.04e-07       1.05e-06       1.20e-06       1.35e-06       1.51e-06       1.66e-06       1.81e-06       1.96e-06       2.11e-06       2.26e-06       2.41e-06       2.56e-06       2.71e-06       2.86e-06       3.01e-06       3.16e-06       3.31e-06       3.46e-06       3.61e-06       3.76e-06       3.91e-06       4.06e-06       4.21e-06       4.36e-06       4.51e-06       4.66e-06       4.81e-06       4.96e-06       5.11e-06       5.26e-06       5.41e-06       5.56e-06       5.71e-06       5.86e-06       6.01e-06       6.16e-06       6.31e-06       6.46e-06       6.61e-06       6.77e-06       6.92e-06       7.07e-06       7.22e-06       7.37e-06       8.30e-06
