  5.5
    7.4440    8.1660    8.5070    8.9140    9.1970    9.5920   10.2290
       1.78e-01       3.48e-01       4.72e-01       5.85e-01       6.72e-01       7.72e-01       8.28e-01
 5.55
    7.4440    8.1660    8.5070    8.9140    9.1970    9.5920   10.2290
       1.78e-01       3.48e-01       4.72e-01       5.85e-01       6.72e-01       7.72e-01       8.28e-01
  5.6
    7.4440    8.1660    8.5070    8.9140    9.1970    9.5920   10.2290
       1.78e-01       3.48e-01       4.72e-01       5.85e-01       6.72e-01       7.72e-01       8.28e-01
 5.65
    7.4440    8.1660    8.5070    8.9140    9.1970    9.5920   10.2290
       1.78e-01       3.48e-01       4.72e-01       5.85e-01       6.72e-01       7.72e-01       8.28e-01
  5.7
    7.4440    8.1660    8.5070    8.9140    9.1970    9.5920   10.2290
       1.78e-01       3.48e-01       4.72e-01       5.85e-01       6.72e-01       7.72e-01       8.28e-01
 5.75
    7.4440    8.1660    8.5070    8.9140    9.1970    9.5920   10.2290
       1.78e-01       3.48e-01       4.72e-01       5.85e-01       6.72e-01       7.72e-01       8.28e-01
  5.8
    7.4440    8.1660    8.5070    8.9140    9.1970    9.5920   10.2290
       1.78e-01       3.48e-01       4.72e-01       5.85e-01       6.72e-01       7.72e-01       8.28e-01
 5.85
    7.4440    8.1660    8.5070    8.9140    9.1970    9.5920   10.2290
       1.78e-01       3.48e-01       4.72e-01       5.85e-01       6.72e-01       7.72e-01       8.28e-01
  5.9
    7.4440    8.1660    8.5070    8.9140    9.1970    9.5920   10.2290
       1.78e-01       3.48e-01       4.72e-01       5.85e-01       6.72e-01       7.72e-01       8.28e-01
 5.95
    7.4440    8.1660    8.5070    8.9140    9.1970    9.5920   10.2290
       1.78e-01       3.48e-01       4.72e-01       5.85e-01       6.72e-01       7.72e-01       8.28e-01
  6.0
    7.4440    8.1660    8.5070    8.9140    9.1970    9.5920   10.2290
       1.78e-01       3.48e-01       4.72e-01       5.85e-01       6.72e-01       7.72e-01       8.28e-01
 6.05
    7.4440    8.1660    8.5070    8.9140    9.1970    9.5920   10.2290
       1.78e-01       3.48e-01       4.72e-01       5.85e-01       6.72e-01       7.72e-01       8.28e-01
  6.1
    7.4440    8.1660    8.5070    8.9140    9.1970    9.5920   10.2290
       1.78e-01       3.48e-01       4.72e-01       5.85e-01       6.72e-01       7.72e-01       8.28e-01
 6.15
    7.4440    8.1660    8.5070    8.9140    9.1970    9.5920   10.2290
       1.78e-01       3.48e-01       4.72e-01       5.85e-01       6.72e-01       7.72e-01       8.28e-01
  6.2
    7.4440    8.1660    8.5070    8.9140    9.1970    9.5920   10.2290
       1.78e-01       3.48e-01       4.72e-01       5.85e-01       6.72e-01       7.72e-01       8.28e-01
 6.25
    7.4440    8.1660    8.5070    8.9140    9.1970    9.5920   10.2290
       1.78e-01       3.48e-01       4.72e-01       5.85e-01       6.72e-01       7.72e-01       8.28e-01
  6.3
    7.4440    8.1660    8.5070    8.9140    9.1970    9.5920   10.2290
       1.78e-01       3.48e-01       4.72e-01       5.85e-01       6.72e-01       7.72e-01       8.28e-01
 6.35
    7.4440    8.1660    8.5070    8.9140    9.1970    9.5920   10.2290
       1.78e-01       3.48e-01       4.72e-01       5.85e-01       6.72e-01       7.72e-01       8.28e-01
  6.4
    7.4440    8.1660    8.5070    8.9140    9.1970    9.5920   10.2290
       1.78e-01       3.48e-01       4.72e-01       5.85e-01       6.72e-01       7.72e-01       8.28e-01
 6.45
    7.4440    8.1660    8.5070    8.9140    9.1970    9.5920   10.2290
       1.78e-01       3.48e-01       4.72e-01       5.85e-01       6.72e-01       7.72e-01       8.28e-01
  6.5
    7.4440    8.1660    8.5070    8.9140    9.1970    9.5920   10.2290
       1.78e-01       3.48e-01       4.72e-01       5.85e-01       6.72e-01       7.72e-01       8.28e-01
 6.55
    7.4440    8.1660    8.5070    8.9140    9.1970    9.5920   10.2290
       1.78e-01       3.48e-01       4.72e-01       5.85e-01       6.72e-01       7.72e-01       8.28e-01
  6.6
    7.4440    8.1660    8.5070    8.9140    9.1970    9.5920   10.2290
       1.78e-01       3.48e-01       4.72e-01       5.85e-01       6.72e-01       7.72e-01       8.28e-01
 6.65
    7.4440    8.1660    8.5070    8.9140    9.1970    9.5920   10.2290
       1.78e-01       3.48e-01       4.72e-01       5.85e-01       6.72e-01       7.72e-01       8.28e-01
  6.7
    7.4440    8.1660    8.5070    8.9140    9.1970    9.5920   10.2290
       1.78e-01       3.48e-01       4.72e-01       5.85e-01       6.72e-01       7.72e-01       8.28e-01
 6.75
    7.4440    8.1660    8.5070    8.9140    9.1970    9.5920   10.2290
       1.78e-01       3.48e-01       4.72e-01       5.85e-01       6.72e-01       7.72e-01       8.28e-01
  6.8
    7.4440    8.1660    8.5070    8.9140    9.1970    9.5920   10.2290
       1.78e-01       3.48e-01       4.72e-01       5.85e-01       6.72e-01       7.72e-01       8.28e-01
 6.85
    7.4440    8.1660    8.5070    8.9140    9.1970    9.5920   10.2290
       1.78e-01       3.48e-01       4.72e-01       5.85e-01       6.72e-01       7.72e-01       8.28e-01
  6.9
    7.4440    8.1660    8.5070    8.9140    9.1970    9.5920   10.2290
       1.78e-01       3.48e-01       4.72e-01       5.85e-01       6.72e-01       7.72e-01       8.28e-01
 6.95
    7.4440    8.1660    8.5070    8.9140    9.1970    9.5920   10.2290
       1.78e-01       3.48e-01       4.72e-01       5.85e-01       6.72e-01       7.72e-01       8.28e-01
  7.0
    7.4440    8.1660    8.5070    8.9140    9.1970    9.5920   10.2290
       1.78e-01       3.48e-01       4.72e-01       5.85e-01       6.72e-01       7.72e-01       8.28e-01
 7.05
    7.4440    8.1660    8.5070    8.9140    9.1970    9.5920   10.2290
       1.78e-01       3.48e-01       4.72e-01       5.85e-01       6.72e-01       7.72e-01       8.28e-01
  7.1
    7.4440    8.1660    8.5070    8.9140    9.1970    9.5920   10.2290
       1.78e-01       3.48e-01       4.72e-01       5.85e-01       6.72e-01       7.72e-01       8.28e-01
 7.15
    7.4440    8.1660    8.5070    8.9140    9.1970    9.5920   10.2290
       1.78e-01       3.48e-01       4.72e-01       5.85e-01       6.72e-01       7.72e-01       8.28e-01
  7.2
    7.4440    8.1660    8.5070    8.9140    9.1970    9.5920   10.2290
       1.78e-01       3.48e-01       4.72e-01       5.85e-01       6.72e-01       7.72e-01       8.28e-01
 7.25
    7.4440    8.1660    8.5070    8.9140    9.1970    9.5920   10.2290
       1.78e-01       3.48e-01       4.72e-01       5.85e-01       6.72e-01       7.72e-01       8.28e-01
  7.3
    7.4440    8.1660    8.5070    8.9140    9.1970    9.5920   10.2290
       1.78e-01       3.48e-01       4.72e-01       5.85e-01       6.72e-01       7.72e-01       8.28e-01
 7.35
    7.4440    8.1660    8.5070    8.9140    9.1970    9.5920   10.2290
       1.78e-01       3.48e-01       4.72e-01       5.85e-01       6.72e-01       7.72e-01       8.28e-01
  7.4
    7.4440    8.1660    8.5070    8.9140    9.1970    9.5920   10.2290
       1.78e-01       3.48e-01       4.72e-01       5.85e-01       6.72e-01       7.72e-01       8.28e-01
 7.45
    7.4440    8.1660    8.5070    8.9140    9.1970    9.5920   10.2290
       1.78e-01       3.48e-01       4.72e-01       5.85e-01       6.72e-01       7.72e-01       8.28e-01
  7.5
    7.4440    8.1660    8.5070    8.9140    9.1970    9.5920   10.2290
       1.78e-01       3.48e-01       4.72e-01       5.85e-01       6.72e-01       7.72e-01       8.28e-01
  7.6
    7.4440    8.1660    8.5070    8.9140    9.1970    9.5920   10.2290
       1.78e-01       3.48e-01       4.72e-01       5.85e-01       6.72e-01       7.72e-01       8.28e-01
 7.65
    7.4440    8.1660    8.5070    8.9140    9.1970    9.5920   10.2290
       1.78e-01       3.48e-01       4.72e-01       5.85e-01       6.72e-01       7.72e-01       8.28e-01
  7.7
    7.4440    8.1660    8.5070    8.9140    9.1970    9.5920   10.2290
       1.78e-01       3.48e-01       4.72e-01       5.85e-01       6.72e-01       7.72e-01       8.28e-01
 7.75
    7.4440    8.1660    8.5070    8.9140    9.1970    9.5920   10.2290
       1.78e-01       3.48e-01       4.72e-01       5.85e-01       6.72e-01       7.72e-01       8.28e-01
 7.85
    7.4440    8.1660    8.5070    8.9140    9.1970    9.5920   10.2290
       1.78e-01       3.48e-01       4.72e-01       5.85e-01       6.72e-01       7.72e-01       8.28e-01
  7.9
    7.4440    8.1660    8.5070    8.9140    9.1970    9.5920   10.2290
       1.78e-01       3.48e-01       4.72e-01       5.85e-01       6.72e-01       7.72e-01       8.28e-01
 7.95
    7.4440    8.1660    8.5070    8.9140    9.1970    9.5920   10.2290
       1.78e-01       3.48e-01       4.72e-01       5.85e-01       6.72e-01       7.72e-01       8.28e-01
  8.0
    7.4440    8.1660    8.5070    8.9140    9.1970    9.5920   10.2290
       1.78e-01       3.48e-01       4.72e-01       5.85e-01       6.72e-01       7.72e-01       8.28e-01
 8.05
  -14.2750  -14.2620  -14.2550  -14.2400  -14.2000  -14.0710  -14.0090  -13.9180  -13.8000  -13.7620  -13.7530  -13.7420  -13.7310  -13.7180  -13.7050  -13.6910  -13.6770  -13.6630  -13.6480  -13.6320  -13.6170  -13.6010  -13.5850  -13.5700  -13.5540  -13.5380  -13.5220  -13.5060  -13.4900  -13.4720  -13.4560  -13.4390  -13.4230  -13.4070  -13.3900  -13.3800  -13.3730  -13.3570  -13.3400  -13.3230  -13.3060  -13.2880  -13.2830  -13.2700  -13.2510  -13.2310  -13.2110  -13.1910  -13.1690  -13.1590  -13.1460  -13.1220  -13.0950  -13.0660  -13.0340  -13.0000  -12.9830  -12.9400  -12.8970  -12.8750  -12.8490  -12.8470  -12.8210  -12.7890  -12.7570  -12.7290  -12.7250  -12.6020  -10.5720  -10.2620   -9.9750    7.4440    8.1660    8.5070    8.9140    9.1970    9.5920   10.2290
       1.61e-06       1.67e-06       1.72e-06       1.75e-06       1.93e-06       2.16e-06       6.44e-08       1.29e-07       1.78e-07       2.10e-07       2.43e-07       2.76e-07       3.09e-07       3.42e-07       3.76e-07       4.09e-07       4.43e-07       4.76e-07       5.10e-07       5.44e-07       5.78e-07       6.12e-07       6.46e-07       6.81e-07       7.15e-07       7.49e-07       7.84e-07       8.19e-07       8.54e-07       8.89e-07       9.24e-07       9.59e-07       9.94e-07       1.03e-06       1.07e-06       1.28e-06       1.10e-06       1.14e-06       1.17e-06       1.21e-06       1.24e-06       1.32e-06       1.51e-06       1.36e-06       1.39e-06       1.43e-06       1.47e-06       1.54e-06       1.58e-06       1.86e-06       1.65e-06       1.79e-06       1.82e-06       1.96e-06       2.00e-06       2.04e-06       2.08e-06       2.19e-06       2.23e-06       2.27e-06       2.31e-06       2.47e-06       2.35e-06       2.39e-06       2.43e-06       2.50e-06       2.54e-06       2.58e-06       2.68e-06       2.78e-06       2.86e-06       1.78e-01       3.48e-01       4.72e-01       5.85e-01       6.72e-01       7.72e-01       8.28e-01
  8.1
  -14.1720  -14.1550  -14.1510  -14.1190  -14.1030  -14.0940  -14.0370  -13.9980  -13.9580  -13.9150  -13.8970  -13.8870  -13.8760  -13.8630  -13.8510  -13.8370  -13.8220  -13.8070  -13.7920  -13.7760  -13.7600  -13.7440  -13.7280  -13.7110  -13.6940  -13.6770  -13.6600  -13.6430  -13.6270  -13.6100  -13.5920  -13.5750  -13.5580  -13.5410  -13.5240  -13.5070  -13.4890  -13.4730  -13.4560  -13.4390  -13.4230  -13.4050  -13.3880  -13.3710  -13.3530  -13.3340  -13.3170  -13.2990  -13.2890  -13.2810  -13.2610  -13.2420  -13.2220  -13.2120  -13.2000  -13.1880  -13.1790  -13.1570  -13.1240  -13.0860  -13.0430  -12.9950  -12.9690  -12.9420  -12.9390  -12.9270  -12.9170  -12.8920  -12.8840  -12.8650  -10.2210   -9.8810    7.4440    8.1660    8.5070    8.9140    9.1970    9.5920   10.2290
       2.37e-06       2.40e-06       2.43e-06       3.34e-08       2.70e-06       1.02e-07       1.87e-07       2.56e-07       3.25e-07       3.77e-07       4.12e-07       4.48e-07       4.83e-07       5.18e-07       5.54e-07       5.89e-07       6.25e-07       6.61e-07       6.97e-07       7.33e-07       7.70e-07       8.06e-07       8.42e-07       8.79e-07       9.16e-07       9.52e-07       9.90e-07       1.03e-06       1.06e-06       1.10e-06       1.14e-06       1.18e-06       1.21e-06       1.25e-06       1.29e-06       1.33e-06       1.37e-06       1.40e-06       1.44e-06       1.48e-06       1.52e-06       1.56e-06       1.60e-06       1.64e-06       1.67e-06       1.71e-06       1.75e-06       1.79e-06       1.99e-06       1.83e-06       1.87e-06       1.91e-06       1.95e-06       2.03e-06       2.07e-06       2.11e-06       2.15e-06       2.19e-06       2.23e-06       2.28e-06       2.47e-06       2.52e-06       2.79e-06       2.74e-06       2.83e-06       2.87e-06       2.96e-06       2.91e-06       3.00e-06       3.04e-06       3.23e-06       3.37e-06       1.78e-01       3.48e-01       4.72e-01       5.85e-01       6.72e-01       7.72e-01       8.28e-01
 8.15
  -14.0040  -14.0040  -13.9950  -13.9190  -13.8950  -13.8760  -13.8590  -13.8410  -13.8210  -13.7980  -13.7720  -13.7470  -13.7180  -13.6890  -13.6590  -13.6290  -13.5990  -13.5690  -13.5390  -13.5090  -13.4790  -13.4500  -13.4200  -13.3900  -13.3620  -13.3320  -13.3030  -13.2730  -13.2430  -13.2290  -13.2130  -13.1980  -13.1830  -13.1670  -13.1550  -13.1520  -13.1370  -13.1360  -13.1350  -13.1150  -13.0930  -13.0660  -13.0370  -13.0030  -12.9910  -12.9650  -12.9210  -12.8730  -12.8210  -12.7640  -12.7270  -12.6950  -12.6610  -12.6300  -12.6210  -10.2190   -9.7120    7.4430    8.1660    8.5070    8.9140    9.1970    9.5920   10.2290
       1.23e-07       3.81e-06       1.90e-07       2.79e-07       3.69e-07       4.59e-07       5.49e-07       6.40e-07       7.31e-07       8.23e-07       9.15e-07       1.01e-06       1.10e-06       1.19e-06       1.29e-06       1.38e-06       1.47e-06       1.57e-06       1.66e-06       1.76e-06       1.86e-06       1.95e-06       2.05e-06       2.14e-06       2.24e-06       2.34e-06       2.43e-06       2.53e-06       2.61e-06       2.66e-06       2.70e-06       2.75e-06       2.80e-06       2.85e-06       2.95e-06       2.90e-06       3.10e-06       3.05e-06       3.00e-06       3.15e-06       3.20e-06       3.25e-06       3.30e-06       3.35e-06       3.46e-06       3.40e-06       3.51e-06       3.86e-06       3.91e-06       3.97e-06       4.02e-06       4.07e-06       4.12e-06       4.17e-06       4.23e-06       4.60e-06       4.88e-06       1.78e-01       3.48e-01       4.72e-01       5.85e-01       6.72e-01       7.72e-01       8.28e-01
  8.2
  -13.8300  -13.7820  -13.7680  -13.7230  -13.6960  -13.6710  -13.6430  -13.6160  -13.5880  -13.5580  -13.5290  -13.5010  -13.4710  -13.4430  -13.4140  -13.3840  -13.3560  -13.3280  -13.3020  -13.2740  -13.2630  -13.2480  -13.2220  -13.1940  -13.1680  -13.1420  -13.1130  -13.0860  -13.0590  -13.0290  -13.0150  -12.9990  -12.9860  -12.9680  -12.9530  -12.9370  -12.9200  -12.9090  -12.9030  -12.8850  -12.8640  -12.8410  -12.8170  -12.7890  -12.7590  -12.7290  -12.7100  -12.6890  -12.6650  -12.6370  -12.6030  -12.6020  -12.5920  -12.5650  -12.5620  -12.5370  -10.2260   -9.8560   -9.1460    7.4430    8.1660    8.5070    8.9140    9.1970    9.5920   10.2290
       5.92e-06       1.74e-07       2.77e-07       4.13e-07       5.50e-07       6.88e-07       8.26e-07       9.65e-07       1.10e-06       1.24e-06       1.38e-06       1.53e-06       1.67e-06       1.81e-06       1.95e-06       2.10e-06       2.24e-06       2.39e-06       2.53e-06       2.68e-06       3.34e-06       2.82e-06       2.97e-06       3.12e-06       3.26e-06       3.49e-06       3.64e-06       3.79e-06       3.94e-06       4.05e-06       4.12e-06       4.20e-06       4.27e-06       4.35e-06       4.42e-06       4.50e-06       4.58e-06       4.65e-06       4.73e-06       4.81e-06       4.88e-06       4.96e-06       5.03e-06       5.11e-06       5.19e-06       5.27e-06       5.34e-06       5.42e-06       5.50e-06       6.00e-06       6.08e-06       6.24e-06       6.40e-06       6.32e-06       6.16e-06       6.48e-06       7.01e-06       7.40e-06       7.64e-06       1.78e-01       3.48e-01       4.72e-01       5.85e-01       6.72e-01       7.72e-01       8.28e-01
 8.25
  -13.6810  -13.6350  -13.5980  -13.4800  -13.3500  -13.2100  -13.0990  -13.0010  -12.9060  -12.8060  -12.7270  -12.6540  -12.6160  -12.6160  -12.4520  -10.3810  -10.1680   -9.8600   -9.5060    7.4430    8.1650    8.5070    8.9140    9.1970    9.5920   10.2290
       2.16e-07       3.25e-07       6.30e-07       1.14e-06       1.65e-06       2.18e-06       2.71e-06       3.24e-06       3.78e-06       4.32e-06       4.87e-06       5.22e-06       5.49e-06       5.96e-06       6.53e-06       6.96e-06       7.49e-06       7.92e-06       8.18e-06       1.78e-01       3.48e-01       4.72e-01       5.85e-01       6.72e-01       7.72e-01       8.28e-01
  8.3
  -13.6230  -13.5810  -13.5090  -13.4380  -13.3090  -13.1460  -12.9430  -12.8090  -12.7250  -12.7000  -12.6920  -12.6420  -12.5730  -12.5080  -12.4660  -12.4390  -10.1670   -9.8710   -9.5350    7.4430    8.1650    8.5070    8.9140    9.1970    9.5920   10.2290
       5.05e-06       2.27e-07       3.42e-07       5.70e-07       9.14e-07       1.27e-06       1.62e-06       1.99e-06       3.03e-06       2.35e-06       3.81e-06       2.71e-06       3.40e-06       4.18e-06       4.41e-06       4.60e-06       5.61e-06       6.06e-06       6.34e-06       1.78e-01       3.48e-01       4.72e-01       5.85e-01       6.72e-01       7.72e-01       8.28e-01
 8.35
  -13.5410  -13.4490  -13.3410  -13.2270  -13.0750  -13.0730  -12.9410  -12.8200  -12.6720  -12.5400  -12.5260  -12.4900  -12.4690  -12.4670  -12.4240  -12.3810  -10.2120   -9.8830   -9.5620   -8.8930    7.4430    8.1650    8.5070    8.9140    9.1970    9.5920   10.2290
       1.96e-06       2.20e-06       2.32e-06       2.44e-06       1.93e-07       2.58e-06       3.32e-07       4.58e-07       5.99e-07       7.40e-07       1.12e-06       8.83e-07       1.96e-06       1.27e-06       1.03e-06       1.41e-06       3.17e-06       3.63e-06       3.92e-06       4.12e-06       1.78e-01       3.48e-01       4.72e-01       5.85e-01       6.72e-01       7.72e-01       8.28e-01
  8.4
  -12.9940  -12.8930  -12.6420  -12.6230  -12.6210  -12.5920  -12.5910  -12.5870  -12.5840  -12.5680  -12.5480  -12.5430  -12.5260  -12.5020  -12.4500  -12.4340  -12.4140  -12.2490  -10.8090  -10.4700  -10.2950   -9.9320   -9.7290   -9.4350    7.4430    8.1650    8.5070    8.9140    9.1970    9.5920   10.2290
       2.39e-07       7.19e-07       1.28e-06       2.37e-06       2.46e-06       3.67e-06       1.64e-06       4.56e-06       3.75e-06       4.64e-06       4.72e-06       2.37e-06       4.80e-06       3.67e-06       3.67e-06       4.56e-06       4.92e-06       5.13e-06       5.42e-06       5.85e-06       6.27e-06       6.69e-06       7.11e-06       7.56e-06       1.78e-01       3.48e-01       4.72e-01       5.85e-01       6.72e-01       7.72e-01       8.28e-01
 8.45
  -12.8070  -12.7520  -12.6560  -12.6550  -12.6190  -12.5170  -12.5070  -12.4810  -12.4490  -12.4090  -12.3210  -12.3160  -12.3060  -12.3060  -12.2930  -12.2690  -12.2290  -12.2130  -12.1780  -12.0720  -10.3820  -10.1200  -10.0180   -9.9580   -9.5120   -9.2320    7.4420    8.1650    8.5070    8.9140    9.1970    9.5920   10.2290
       6.23e-07       4.61e-07       2.25e-06       1.55e-06       3.49e-06       4.88e-06       6.43e-06       8.52e-06       7.44e-06       6.04e-06       8.91e-06       9.06e-06       8.75e-06       9.22e-06       9.38e-06       9.54e-06       9.70e-06       1.00e-05       9.86e-06       1.02e-05       1.06e-05       1.11e-05       1.15e-05       1.20e-05       1.24e-05       1.29e-05       1.78e-01       3.48e-01       4.72e-01       5.85e-01       6.72e-01       7.72e-01       8.28e-01
  8.5
  -12.7040  -12.6990  -12.6930  -12.6910  -12.6850  -12.6810  -12.6780  -12.6660  -12.6500  -12.6290  -12.5990  -12.5930  -12.5640  -12.5160  -12.4990  -12.4840  -12.4420  -12.4310  -12.4180  -12.3900  -10.0520   -9.8350   -9.7670   -9.7200   -9.6370   -9.0300   -8.1820    7.4420    8.1650    8.5070    8.9140    9.1970    9.5920   10.2290
       1.11e-06       1.73e-06       4.07e-06       4.07e-06       4.32e-06       7.80e-06       4.57e-06       4.82e-06       5.07e-06       7.53e-06       8.05e-06       7.28e-06       1.02e-05       1.04e-05       1.27e-05       9.89e-06       1.59e-05       1.62e-05       1.45e-05       1.20e-05       1.67e-05       1.72e-05       1.77e-05       1.82e-05       1.86e-05       1.92e-05       2.10e-05       1.78e-01       3.48e-01       4.72e-01       5.85e-01       6.72e-01       7.72e-01       8.28e-01
 8.55
  -12.5050  -12.4770  -12.4360  -12.3930  -12.2890  -12.2210  -12.1870  -11.9420   -9.7480   -9.6820   -9.6400   -9.6120   -9.5750   -9.5600   -9.5510   -9.5450   -9.5310   -9.5010   -9.4460   -9.3550   -9.2750   -9.2180   -8.6350    7.4420    8.1650    8.5070    8.9140    9.1970    9.5920   10.2290
       1.48e-06       3.25e-06       4.09e-06       6.00e-06       8.05e-06       1.25e-05       1.02e-05       1.31e-05       1.44e-05       1.46e-05       1.49e-05       1.52e-05       1.56e-05       1.59e-05       1.63e-05       1.67e-05       1.74e-05       1.82e-05       1.91e-05       1.98e-05       2.01e-05       2.04e-05       2.08e-05       1.78e-01       3.48e-01       4.72e-01       5.85e-01       6.72e-01       7.72e-01       8.28e-01
  8.6
  -12.2830  -12.2560  -12.1910  -12.0940  -12.0360  -11.9940  -11.9780  -10.1680   -9.4670   -9.4120   -9.3830   -9.3640   -9.3320   -9.3260   -9.3250   -9.3250   -9.3180   -9.2950   -9.2520   -9.1900   -9.1300   -9.0830   -9.0270    7.4420    8.1640    8.5070    8.9140    9.1970    9.5920   10.2290
       1.24e-06       1.95e-06       3.44e-06       5.05e-06       9.07e-06       6.77e-06       8.61e-06       1.10e-05       1.22e-05       1.26e-05       1.31e-05       1.37e-05       1.43e-05       1.50e-05       1.64e-05       1.64e-05       1.75e-05       1.89e-05       2.05e-05       2.17e-05       2.24e-05       2.28e-05       2.36e-05       1.78e-01       3.48e-01       4.72e-01       5.85e-01       6.72e-01       7.72e-01       8.28e-01
 8.65
  -12.0760  -12.0610  -11.9030  -11.7920  -10.7480  -10.4670   -9.6100   -9.2600   -9.1570   -9.1380   -9.1290   -9.1210   -9.1050   -9.1050   -9.1000   -9.0980   -9.0950   -9.0890   -9.0590   -9.0260   -8.9840   -8.9470   -8.8980    7.4410    8.1640    8.5070    8.9140    9.1970    9.5920   10.2290
       5.32e-07       1.47e-06       2.59e-06       3.80e-06       4.15e-06       5.45e-06       6.84e-06       8.29e-06       9.36e-06       1.00e-05       1.07e-05       1.16e-05       1.45e-05       1.45e-05       1.56e-05       1.65e-05       1.74e-05       1.96e-05       2.20e-05       2.39e-05       2.49e-05       2.56e-05       2.67e-05       1.78e-01       3.48e-01       4.72e-01       5.85e-01       6.72e-01       7.72e-01       8.28e-01
  8.7
  -11.8920  -11.7800   -9.4940   -8.9200   -8.9030   -8.8990   -8.8980   -8.8960   -8.8930   -8.8920   -8.8890   -8.8830   -8.8820   -8.8740   -8.8730   -8.8690   -8.8600   -8.8320   -8.7670    7.4410    8.1640    8.5070    8.9140    9.1970    9.5920   10.2290
       5.30e-07       1.54e-06       2.96e-06       4.38e-06       7.27e-06       9.89e-06       8.80e-06       1.15e-05       5.88e-06       1.29e-05       1.53e-05       1.67e-05       1.78e-05       2.15e-05       2.02e-05       2.31e-05       2.47e-05       2.63e-05       2.81e-05       1.78e-01       3.48e-01       4.72e-01       5.85e-01       6.72e-01       7.72e-01       8.28e-01
 8.75
  -11.7680  -11.7510   -9.1780   -8.7950   -8.7890   -8.7870   -8.7860   -8.7850   -8.7840   -8.7830   -8.7810   -8.7780   -8.7740   -8.7700   -8.7580   -8.7440   -8.7210   -8.6780    7.4410    8.1640    8.5070    8.9140    9.1970    9.5920   10.2290
       1.07e-06       1.63e-06       3.16e-06       4.67e-06       7.82e-06       1.09e-05       9.43e-06       6.24e-06       1.24e-05       1.60e-05       1.60e-05       1.74e-05       1.86e-05       1.99e-05       2.23e-05       2.40e-05       2.56e-05       2.73e-05       1.78e-01       3.48e-01       4.72e-01       5.85e-01       6.72e-01       7.72e-01       8.28e-01
  8.8
  -11.7110  -11.6100   -8.9280   -8.6880   -8.6830   -8.6790   -8.6770   -8.6770   -8.6730   -8.6720   -8.6710   -8.6670   -8.6660   -8.6660   -8.6440   -8.6200   -8.5830   -8.5220    7.4400    8.1640    8.5070    8.9140    9.1970    9.5920   10.2290
       1.14e-06       1.74e-06       3.36e-06       6.61e-06       4.97e-06       8.23e-06       9.88e-06       1.14e-05       1.54e-05       1.40e-05       1.69e-05       1.83e-05       2.06e-05       2.06e-05       2.31e-05       2.48e-05       2.65e-05       2.82e-05       1.78e-01       3.48e-01       4.72e-01       5.85e-01       6.72e-01       7.72e-01       8.28e-01
 8.85
  -11.5040   -8.5910   -8.5830   -8.5720   -8.5720   -8.5670   -8.5650   -8.5610   -8.5430   -8.5070   -8.4430    7.4400    8.1630    8.5070    8.9140    9.1970    9.5920   10.2290
       1.97e-06       6.20e-06       4.01e-06       8.56e-06       1.09e-05       1.33e-05       1.56e-05       1.80e-05       2.03e-05       2.27e-05       2.50e-05       1.78e-01       3.48e-01       4.72e-01       5.85e-01       6.72e-01       7.72e-01       8.28e-01
  8.9
  -10.7840   -8.4950   -8.4910   -8.4890   -8.4840   -8.4740   -8.4730   -8.4520   -8.4140   -8.3610   -8.2800    7.4390    8.1630    8.5070    8.9140    9.1970    9.5920   10.2290
       2.07e-06       6.44e-06       8.76e-06       1.11e-05       1.34e-05       4.20e-06       1.58e-05       1.81e-05       2.05e-05       2.28e-05       2.51e-05       1.78e-01       3.48e-01       4.72e-01       5.85e-01       6.72e-01       7.72e-01       8.28e-01
 8.95
   -9.2030   -8.4210   -8.4110   -8.4000   -8.3950   -8.3750   -8.3700   -8.3390   -8.2850   -8.2150   -8.1160    7.4380    8.1620    8.5070    8.9140    9.1970    9.5920   10.2290
       2.16e-06       8.94e-06       1.12e-05       6.66e-06       1.35e-05       1.58e-05       4.40e-06       1.81e-05       2.04e-05       2.27e-05       2.49e-05       1.78e-01       3.48e-01       4.72e-01       5.85e-01       6.72e-01       7.72e-01       8.28e-01
  9.0
  -11.4420   -8.3440   -8.3270   -8.3040   -8.2980   -8.2750   -8.2340   -8.1750   -8.0990   -7.9970    7.4380    8.1620    8.5070    8.9140    9.1970    9.5920   10.2290
       1.58e-06       3.92e-06       8.81e-06       1.14e-05       6.31e-06       1.40e-05       1.66e-05       1.93e-05       2.19e-05       2.45e-05       1.78e-01       3.48e-01       4.72e-01       5.85e-01       6.72e-01       7.72e-01       8.28e-01
 9.05
  -11.2750  -11.2270   -8.2450   -8.2110   -8.2070   -8.1650   -8.1010   -8.0180   -7.9080    7.4370    8.1610    8.5070    8.9140    9.1970    9.5920   10.2290
       2.39e-06       3.50e-06       9.43e-06       1.22e-05       6.51e-06       1.51e-05       1.79e-05       2.08e-05       2.37e-05       1.78e-01       3.48e-01       4.72e-01       5.85e-01       6.72e-01       7.72e-01       8.28e-01
  9.1
  -11.2750   -8.9400   -8.1390   -8.1140   -8.0880   -8.0220   -7.9350   -7.8300   -7.6970    7.4360    8.1610    8.5070    8.9140    9.1970    9.5920   10.2290
       1.51e-06       4.40e-06       1.11e-05       7.69e-06       1.47e-05       1.83e-05       2.20e-05       2.56e-05       2.93e-05       1.78e-01       3.48e-01       4.72e-01       5.85e-01       6.72e-01       7.72e-01       8.28e-01
 9.15
  -11.2990   -9.3410   -8.1410   -8.1100   -8.0120   -7.8840   -7.7190    7.4350    8.1600    8.5070    8.9140    9.1970    9.5920   10.2290
       1.57e-06       4.73e-06       8.72e-06       1.30e-05       1.74e-05       2.18e-05       2.62e-05       1.78e-01       3.48e-01       4.72e-01       5.85e-01       6.72e-01       7.72e-01       8.28e-01
  9.2
  -11.2840   -8.9590   -8.1670   -8.1160   -8.0050   -7.8670   -6.7350    7.4340    8.1590    8.5070    8.9140    9.1970    9.5920   10.2290
       1.21e-06       3.41e-06       6.00e-06       8.83e-06       1.18e-05       1.48e-05       1.75e-05       1.78e-01       3.48e-01       4.72e-01       5.85e-01       6.72e-01       7.72e-01       8.28e-01
 9.25
  -11.2600  -11.0660   -8.1390   -8.0840   -7.9710   -7.8350    7.4320    8.1590    8.5070    8.9140    9.1970    9.5920   10.2290
       1.50e-06       2.00e-06       4.98e-06       7.78e-06       1.03e-05       1.28e-05       1.78e-01       3.48e-01       4.72e-01       5.85e-01       6.72e-01       7.72e-01       8.28e-01
  9.3
  -11.2570   -9.2760   -8.1090   -8.0670   -7.9470   -7.8010   -6.6590    7.4310    8.1580    8.5070    8.9140    9.1970    9.5920   10.2290
       1.18e-06       1.59e-06       3.93e-06       6.36e-06       8.80e-06       1.12e-05       1.34e-05       1.78e-01       3.48e-01       4.72e-01       5.85e-01       6.72e-01       7.72e-01       8.28e-01
 9.35
  -11.1550   -8.0970   -8.0290   -7.9000   -7.7480    7.4290    8.1570    8.5070    8.9140    9.1970    9.5920   10.2290
       1.47e-06       3.66e-06       5.92e-06       8.20e-06       1.04e-05       1.78e-01       3.48e-01       4.72e-01       5.85e-01       6.72e-01       7.72e-01       8.28e-01
  9.4
  -10.9980   -8.0830   -7.9890   -7.8300    7.4270    8.1560    8.5070    8.9140    9.1970    9.5920   10.2290
       1.44e-06       3.45e-06       5.72e-06       8.20e-06       1.78e-01       3.48e-01       4.72e-01       5.85e-01       6.72e-01       7.72e-01       8.28e-01
 9.45
  -10.9800   -8.0640   -7.9500   -7.8080   -7.6530    7.4250    8.1550    8.5070    8.9140    9.1970    9.5920   10.2290
       1.45e-06       3.47e-06       5.62e-06       7.82e-06       9.90e-06       1.78e-01       3.48e-01       4.72e-01       5.85e-01       6.72e-01       7.72e-01       8.28e-01
  9.5
   -8.0770   -8.0230   -7.8950   -7.7530   -7.6010    7.4230    8.1530    8.5070    8.9140    9.1970    9.5920   10.2290
       1.29e-06       3.25e-06       5.20e-06       7.10e-06       8.90e-06       1.78e-01       3.48e-01       4.72e-01       5.85e-01       6.72e-01       7.72e-01       8.28e-01
 9.55
   -8.2050   -7.9620   -7.8230   -7.6660   -7.4920    7.4200    8.1520    8.5070    8.9140    9.1970    9.5920   10.2290
       1.24e-06       3.14e-06       5.05e-06       6.93e-06       8.71e-06       1.78e-01       3.48e-01       4.72e-01       5.85e-01       6.72e-01       7.72e-01       8.28e-01
 9.65
   -9.4570   -7.9260   -7.8010   -7.6500   -7.4540    7.4140    8.1480    8.5070    8.9140    9.1970    9.5920   10.2290
       7.85e-07       2.14e-06       3.77e-06       5.62e-06       7.60e-06       1.78e-01       3.48e-01       4.72e-01       5.85e-01       6.72e-01       7.72e-01       8.28e-01
  9.7
   -9.9040   -9.0500   -8.1840   -8.0760   -8.0160   -7.9900   -7.8470   -7.7000   -7.5660    7.4110    8.1460    8.5070    8.9140    9.1970    9.5920   10.2290
       3.29e-07       5.04e-07       1.33e-06       1.44e-06       1.53e-06       1.63e-06       3.06e-06       4.57e-06       6.61e-06       1.78e-01       3.48e-01       4.72e-01       5.85e-01       6.72e-01       7.72e-01       8.28e-01
 9.75
   -9.1460   -8.9730   -8.4940   -8.4120   -8.4040   -8.1140   -7.8650   -7.6290   -7.4750    7.4060    8.1430    8.5070    8.9140    9.1970    9.5920   10.2290
       5.51e-07       8.35e-07       1.01e-06       2.53e-06       1.17e-06       4.90e-06       7.41e-06       9.97e-06       1.01e-05       1.78e-01       3.48e-01       4.72e-01       5.85e-01       6.72e-01       7.72e-01       8.28e-01
  9.8
   -9.0840   -9.0040   -8.9230   -8.6830   -8.3840   -8.0350   -7.6890    7.4020    8.1410    8.5070    8.9140    9.1970    9.5920   10.2290
       4.00e-07       1.17e-06       1.41e-06       3.31e-06       6.63e-06       1.01e-05       1.32e-05       1.78e-01       3.48e-01       4.72e-01       5.85e-01       6.72e-01       7.72e-01       8.28e-01
  9.9
   -8.5600   -8.4540   -8.2110   -7.7110   -7.3280    7.3910    8.1340    8.5070    8.9140    9.1970    9.5920   10.2290
       5.77e-07       1.58e-06       4.14e-06       7.19e-06       9.70e-06       1.78e-01       3.48e-01       4.72e-01       5.85e-01       6.72e-01       7.72e-01       8.28e-01
 9.95
   -8.4200   -8.3350   -8.1220   -7.6090   -7.2070    7.3840    8.1300    8.5070    8.9140    9.1970    9.5920   10.2290
       5.16e-07       1.41e-06       3.71e-06       6.44e-06       8.69e-06       1.78e-01       3.48e-01       4.72e-01       5.85e-01       6.72e-01       7.72e-01       8.28e-01
 10.0
   -8.1800   -8.1660   -8.0910   -7.6020   -6.9580   -6.3440    7.3770    8.1260    8.5070    8.9140    9.1970    9.5920   10.2290
       1.10e-06       1.10e-06       2.90e-06       5.93e-06       8.01e-06       9.26e-06       1.78e-01       3.48e-01       4.72e-01       5.85e-01       6.72e-01       7.72e-01       8.28e-01
10.05
   -8.0410   -8.0190   -7.9670   -7.5860   -6.9830    7.3690    8.1210    8.5070    8.9140    9.1970    9.5920   10.2290
       5.24e-07       2.18e-06       2.66e-06       5.43e-06       7.34e-06       1.78e-01       3.48e-01       4.72e-01       5.85e-01       6.72e-01       7.72e-01       8.28e-01
10.15
   -7.7060   -7.4900    7.3490    8.1090    8.5070    8.9140    9.1970    9.5920   10.2290
       1.13e-06       3.34e-06       1.78e-01       3.48e-01       4.72e-01       5.85e-01       6.72e-01       7.72e-01       8.28e-01
