 8.05
  -14.2720  -14.2570  -14.2500  -14.2370  -14.1990  -14.0720  -13.9790  -13.8890  -13.7760  -13.7410  -13.7330  -13.7230  -13.7120  -13.7010  -13.6890  -13.6750  -13.6620  -13.6480  -13.6340  -13.6190  -13.6040  -13.5890  -13.5740  -13.5590  -13.5440  -13.5290  -13.5130  -13.4980  -13.4820  -13.4650  -13.4490  -13.4340  -13.4180  -13.4020  -13.3860  -13.3700  -13.3540  -13.3430  -13.3380  -13.3220  -13.3060  -13.2880  -13.2710  -13.2530  -13.2520  -13.2350  -13.2160  -13.1970  -13.1770  -13.1550  -13.1370  -13.1320  -13.1070  -13.0810  -13.0510  -13.0200  -13.0030  -12.9640  -12.9250  -12.9040  -12.8800  -12.8600  -12.8540  -12.8230  -12.7920  -12.7650  -12.7580  -12.5540  -12.3400  -10.5710  -10.2610   -9.9740   -9.3680   -9.2240   -9.1310   -8.9250   -8.5130
       2.94e-07       5.09e-07       9.86e-07       1.28e-06       1.89e-06       2.65e-06       3.27e-06       3.89e-06       4.35e-06       4.66e-06       4.98e-06       5.29e-06       5.61e-06       5.93e-06       6.24e-06       6.56e-06       6.88e-06       7.20e-06       7.52e-06       7.85e-06       8.17e-06       8.50e-06       8.83e-06       9.15e-06       9.48e-06       9.81e-06       1.01e-05       1.05e-05       1.08e-05       1.11e-05       1.15e-05       1.18e-05       1.21e-05       1.25e-05       1.28e-05       1.32e-05       1.35e-05       1.39e-05       1.42e-05       1.46e-05       1.49e-05       1.53e-05       1.56e-05       1.60e-05       1.63e-05       1.67e-05       1.70e-05       1.74e-05       1.77e-05       1.81e-05       1.85e-05       1.88e-05       1.92e-05       1.95e-05       1.99e-05       2.02e-05       2.06e-05       2.09e-05       2.13e-05       2.17e-05       2.21e-05       2.24e-05       2.28e-05       2.32e-05       2.35e-05       2.39e-05       2.43e-05       2.47e-05       2.51e-05       2.60e-05       2.69e-05       2.77e-05       2.83e-05       2.86e-05       2.91e-05       2.94e-05       2.96e-05
  8.1
  -14.1690  -14.1550  -14.1490  -14.0970  -14.0870  -14.0640  -14.0100  -13.9730  -13.9350  -13.8940  -13.8780  -13.8680  -13.8570  -13.8450  -13.8330  -13.8200  -13.8050  -13.7910  -13.7760  -13.7610  -13.7450  -13.7290  -13.7130  -13.6970  -13.6800  -13.6640  -13.6470  -13.6300  -13.6140  -13.5970  -13.5800  -13.5630  -13.5470  -13.5300  -13.5140  -13.4970  -13.4800  -13.4640  -13.4480  -13.4310  -13.4150  -13.3980  -13.3810  -13.3640  -13.3470  -13.3290  -13.3130  -13.2960  -13.2770  -13.2590  -13.2560  -13.2410  -13.2210  -13.2090  -13.2010  -13.1850  -13.1800  -13.1560  -13.1250  -13.0900  -13.0510  -13.0060  -12.9640  -12.9570  -12.9440  -12.9310  -12.9200  -12.9110  -12.8980  -12.8850  -12.2310  -10.2210   -9.8810   -9.1850   -8.8330   -8.4800   -8.4770
       8.60e-07       1.16e-06       1.43e-06       3.14e-06       3.44e-06       4.06e-06       4.84e-06       5.47e-06       6.10e-06       6.58e-06       6.90e-06       7.22e-06       7.54e-06       7.86e-06       8.19e-06       8.51e-06       8.84e-06       9.17e-06       9.50e-06       9.82e-06       1.02e-05       1.05e-05       1.08e-05       1.12e-05       1.15e-05       1.18e-05       1.22e-05       1.25e-05       1.28e-05       1.32e-05       1.35e-05       1.39e-05       1.42e-05       1.46e-05       1.49e-05       1.52e-05       1.56e-05       1.59e-05       1.63e-05       1.66e-05       1.70e-05       1.73e-05       1.77e-05       1.81e-05       1.84e-05       1.88e-05       1.91e-05       1.95e-05       1.98e-05       2.02e-05       2.06e-05       2.09e-05       2.13e-05       2.17e-05       2.20e-05       2.24e-05       2.28e-05       2.31e-05       2.35e-05       2.39e-05       2.43e-05       2.46e-05       2.50e-05       2.54e-05       2.58e-05       2.62e-05       2.66e-05       2.70e-05       2.74e-05       2.77e-05       2.81e-05       2.98e-05       3.11e-05       3.22e-05       3.30e-05       3.36e-05       3.38e-05
 8.15
  -14.0010  -13.9750  -13.9670  -13.8930  -13.8710  -13.8550  -13.8400  -13.8230  -13.8050  -13.7820  -13.7580  -13.7330  -13.7050  -13.6770  -13.6480  -13.6180  -13.5880  -13.5590  -13.5290  -13.5000  -13.4710  -13.4420  -13.4130  -13.3850  -13.3570  -13.3280  -13.3000  -13.2710  -13.2410  -13.2280  -13.2130  -13.1980  -13.1830  -13.1680  -13.1530  -13.1530  -13.1380  -13.1370  -13.1350  -13.1150  -13.0930  -13.0690  -13.0410  -13.0100  -12.9750  -12.9740  -12.9340  -12.8900  -12.8430  -12.7900  -12.7560  -12.7260  -12.6940  -12.6630  -12.6510  -12.2640  -10.2190   -9.7120   -8.9510   -8.5120   -8.4790
       2.63e-06       3.70e-06       4.28e-06       5.06e-06       5.84e-06       6.62e-06       7.41e-06       8.20e-06       9.00e-06       9.79e-06       1.06e-05       1.14e-05       1.22e-05       1.30e-05       1.38e-05       1.47e-05       1.55e-05       1.63e-05       1.71e-05       1.80e-05       1.88e-05       1.96e-05       2.05e-05       2.13e-05       2.21e-05       2.30e-05       2.38e-05       2.47e-05       2.53e-05       2.58e-05       2.62e-05       2.66e-05       2.70e-05       2.75e-05       2.83e-05       2.83e-05       2.88e-05       2.92e-05       2.96e-05       3.01e-05       3.05e-05       3.10e-05       3.14e-05       3.18e-05       3.23e-05       3.28e-05       3.32e-05       3.36e-05       3.41e-05       3.45e-05       3.50e-05       3.54e-05       3.59e-05       3.64e-05       3.68e-05       3.73e-05       4.05e-05       4.30e-05       4.45e-05       4.56e-05       4.66e-05
  8.2
  -13.8310  -13.7590  -13.7460  -13.7030  -13.6790  -13.6560  -13.6290  -13.6040  -13.5780  -13.5490  -13.5210  -13.4940  -13.4650  -13.4370  -13.4100  -13.3810  -13.3530  -13.3260  -13.3020  -13.2750  -13.2500  -13.2250  -13.2200  -13.1980  -13.1730  -13.1480  -13.1200  -13.0940  -13.0680  -13.0400  -13.0260  -13.0120  -12.9980  -12.9820  -12.9680  -12.9520  -12.9360  -12.9250  -12.9190  -12.9010  -12.8820  -12.8610  -12.8380  -12.8120  -12.7840  -12.7570  -12.7390  -12.7200  -12.6980  -12.6710  -12.6450  -12.6390  -12.6360  -12.6050  -12.6000  -12.5580  -10.2260   -9.8550   -9.1450   -9.0970   -8.7710
       3.50e-06       4.96e-06       5.81e-06       6.94e-06       8.08e-06       9.23e-06       1.04e-05       1.15e-05       1.27e-05       1.39e-05       1.50e-05       1.62e-05       1.74e-05       1.86e-05       1.97e-05       2.09e-05       2.21e-05       2.33e-05       2.46e-05       2.58e-05       2.70e-05       2.82e-05       2.88e-05       3.01e-05       3.13e-05       3.25e-05       3.38e-05       3.50e-05       3.62e-05       3.72e-05       3.78e-05       3.84e-05       3.90e-05       3.97e-05       4.03e-05       4.09e-05       4.16e-05       4.22e-05       4.28e-05       4.35e-05       4.41e-05       4.47e-05       4.54e-05       4.60e-05       4.67e-05       4.73e-05       4.80e-05       4.86e-05       4.93e-05       4.99e-05       5.06e-05       5.12e-05       5.19e-05       5.26e-05       5.32e-05       5.39e-05       5.83e-05       6.15e-05       6.36e-05       6.46e-05       6.62e-05
 8.25
  -13.6570  -13.6130  -13.5780  -13.4670  -13.3410  -13.2100  -13.1060  -13.0140  -12.9250  -12.8310  -12.7570  -12.6860  -12.6490  -12.6420  -12.4880  -10.3800  -10.1680   -9.8590   -9.5060   -8.8460
       1.71e-06       2.58e-06       5.00e-06       9.02e-06       1.31e-05       1.73e-05       2.15e-05       2.58e-05       3.00e-05       3.43e-05       3.87e-05       4.14e-05       4.36e-05       4.74e-05       5.19e-05       5.53e-05       5.95e-05       6.29e-05       6.50e-05       6.64e-05
  8.3
  -13.6270  -13.5580  -13.4870  -13.4180  -13.2930  -13.1330  -12.9490  -12.8280  -12.7280  -12.7210  -12.6860  -12.6730  -12.6070  -12.5450  -12.5060  -12.4800  -10.1670   -9.8710   -9.5350   -8.8650
       3.42e-06       5.14e-06       6.01e-06       7.74e-06       1.04e-05       1.30e-05       1.57e-05       1.85e-05       2.12e-05       2.37e-05       2.67e-05       2.95e-05       3.23e-05       3.51e-05       3.69e-05       3.83e-05       4.26e-05       4.60e-05       4.81e-05       4.95e-05
 8.35
  -13.5480  -13.4590  -13.3530  -13.2400  -13.0880  -13.0330  -12.9250  -12.7940  -12.6860  -12.5750  -12.5700  -12.5240  -12.5200  -12.5120  -12.4610  -12.4210  -10.2100   -9.8830   -9.5620   -8.8930
       3.42e-06       5.14e-06       6.02e-06       6.94e-06       7.92e-06       9.32e-06       1.03e-05       1.12e-05       1.23e-05       1.29e-05       1.40e-05       1.50e-05       1.55e-05       1.66e-05       1.76e-05       1.87e-05       2.29e-05       2.63e-05       2.84e-05       2.99e-05
  8.4
  -12.9860  -12.8890  -12.6540  -12.6420  -12.6100  -12.6050  -12.5910  -12.5870  -12.5810  -12.5800  -12.5670  -12.5500  -12.5330  -12.5310  -12.4860  -12.4740  -12.4320  -12.2880  -12.0160  -10.7750  -10.4540  -10.2900   -9.9310   -9.7290   -9.4350   -9.0800
       1.66e-06       4.98e-06       8.86e-06       1.14e-05       1.20e-05       1.26e-05       1.70e-05       1.76e-05       1.82e-05       1.87e-05       1.93e-05       1.99e-05       2.35e-05       2.40e-05       2.82e-05       3.32e-05       3.41e-05       3.55e-05       3.60e-05       3.81e-05       4.10e-05       4.40e-05       4.69e-05       4.98e-05       5.29e-05       5.37e-05
 8.45
  -12.7730  -12.7570  -12.7080  -12.6690  -12.6680  -12.5610  -12.5540  -12.5100  -12.4840  -12.4480  -12.3580  -12.3530  -12.3450  -12.3430  -12.3290  -12.3060  -12.2660  -12.2560  -12.2170  -12.0250  -10.3630  -10.1130  -10.0160   -9.9560   -9.5120   -9.2320
       1.07e-06       4.11e-06       8.74e-06       1.69e-05       2.30e-05       3.23e-05       3.48e-05       4.20e-05       4.86e-05       5.63e-05       5.73e-05       5.83e-05       5.99e-05       6.09e-05       6.20e-05       6.30e-05       6.41e-05       6.52e-05       6.63e-05       6.75e-05       7.00e-05       7.31e-05       7.61e-05       7.91e-05       8.21e-05       8.53e-05
  8.5
  -12.7560  -12.7510  -12.7450  -12.7430  -12.7370  -12.7300  -12.7170  -12.7010  -12.6800  -12.6500  -12.6490  -12.6410  -12.6130  -12.5620  -12.5270  -12.5200  -12.4720  -12.4530  -12.4280  -12.4200  -10.0420   -9.8320   -9.7640   -9.7170   -9.6360   -9.0300
       7.00e-06       1.09e-05       2.33e-05       2.57e-05       2.72e-05       2.88e-05       3.04e-05       3.20e-05       3.36e-05       3.52e-05       3.68e-05       5.08e-05       5.24e-05       5.41e-05       6.57e-05       7.04e-05       7.96e-05       9.04e-05       1.00e-04       1.02e-04       1.05e-04       1.08e-04       1.11e-04       1.15e-04       1.18e-04       1.21e-04
 8.55
  -12.5570  -12.5290  -12.4860  -12.4410  -12.3330  -12.2550  -12.2250  -11.9830   -9.7430   -9.6780   -9.6370   -9.6090   -9.5740   -9.5590   -9.5490   -9.5420   -9.5280   -9.4980   -9.4440   -9.3540   -9.2750   -9.2180   -8.6340
       8.91e-06       1.96e-05       2.46e-05       3.61e-05       4.85e-05       6.23e-05       7.55e-05       7.87e-05       8.66e-05       8.81e-05       8.96e-05       9.16e-05       9.38e-05       9.57e-05       9.81e-05       1.01e-04       1.05e-04       1.09e-04       1.15e-04       1.19e-04       1.21e-04       1.23e-04       1.25e-04
  8.6
  -12.3350  -12.3060  -12.2400  -12.1390  -12.0410  -12.0350  -12.0150  -10.1620   -9.4630   -9.4100   -9.3810   -9.3620   -9.3310   -9.3240   -9.3230   -9.3230   -9.3160   -9.2930   -9.2490   -9.1880   -9.1290   -9.0820   -9.0270
       7.16e-06       1.12e-05       1.98e-05       2.90e-05       3.17e-05       4.16e-05       5.22e-05       6.33e-05       7.02e-05       7.28e-05       7.53e-05       7.87e-05       8.24e-05       8.64e-05       9.43e-05       9.43e-05       1.01e-04       1.09e-04       1.18e-04       1.25e-04       1.29e-04       1.31e-04       1.36e-04
 8.65
  -12.1260  -12.1140  -11.9490  -11.8340  -10.6760  -10.4730   -9.6060   -9.2570   -9.1550   -9.1380   -9.1270   -9.1200   -9.1030   -9.1030   -9.0990   -9.0970   -9.0930   -9.0870   -9.0570   -9.0230   -8.9820   -8.9460   -8.8970
       2.92e-06       8.07e-06       1.42e-05       2.09e-05       2.28e-05       3.00e-05       3.76e-05       4.55e-05       5.15e-05       5.51e-05       5.88e-05       6.38e-05       7.98e-05       7.98e-05       8.56e-05       9.09e-05       9.56e-05       1.08e-04       1.21e-04       1.31e-04       1.37e-04       1.41e-04       1.47e-04
  8.7
  -11.9440  -11.8310   -9.4910   -8.9170   -8.9020   -8.8980   -8.8970   -8.8940   -8.8920   -8.8900   -8.8870   -8.8820   -8.8810   -8.8730   -8.8710   -8.8670   -8.8580   -8.8300   -8.7660
       2.78e-06       8.06e-06       1.56e-05       2.30e-05       3.03e-05       3.60e-05       4.40e-05       5.22e-05       6.01e-05       6.79e-05       8.04e-05       8.77e-05       9.35e-05       1.00e-04       1.13e-04       1.21e-04       1.30e-04       1.38e-04       1.47e-04
 8.75
  -11.8210  -11.8030   -9.1740   -8.7920   -8.7880   -8.7860   -8.7850   -8.7840   -8.7830   -8.7820   -8.7790   -8.7770   -8.7730   -8.7690   -8.7560   -8.7410   -8.7190   -8.6780   -7.6270
       5.38e-06       8.18e-06       1.58e-05       2.34e-05       3.13e-05       3.85e-05       4.66e-05       5.44e-05       6.21e-05       6.77e-05       8.00e-05       8.73e-05       9.30e-05       9.96e-05       1.12e-04       1.20e-04       1.28e-04       1.37e-04       1.46e-04
  8.8
  -11.7640  -11.6620   -8.9240   -8.6870   -8.6810   -8.6780   -8.6760   -8.6750   -8.6720   -8.6700   -8.6700   -8.6660   -8.6650   -8.6650   -8.6410   -8.6170   -8.5820   -8.5220   -7.3490
       5.47e-06       8.32e-06       1.61e-05       2.39e-05       3.16e-05       3.94e-05       4.73e-05       5.48e-05       6.19e-05       8.10e-05       8.10e-05       8.74e-05       9.86e-05       9.86e-05       1.11e-04       1.19e-04       1.27e-04       1.35e-04       1.44e-04
 8.85
  -11.5540   -8.5900   -8.5800   -8.5710   -8.5710   -8.5660   -8.5630   -8.5600   -8.5400   -8.5040   -8.4420   -7.2800
       9.01e-06       1.90e-05       2.83e-05       4.99e-05       4.99e-05       6.07e-05       7.15e-05       8.22e-05       9.30e-05       1.04e-04       1.14e-04       1.27e-04
  8.9
  -10.8170   -8.4940   -8.4900   -8.4880   -8.4820   -8.4720   -8.4710   -8.4500   -8.4110   -8.3590   -8.2790   -7.0990
       9.02e-06       1.88e-05       2.89e-05       3.91e-05       4.93e-05       5.95e-05       6.89e-05       7.91e-05       8.93e-05       9.94e-05       1.09e-04       1.21e-04
 8.95
   -9.2070   -8.4200   -8.4100   -8.3980   -8.3940   -8.3730   -8.3660   -8.3360   -8.2820   -8.2130   -8.1160   -6.9180
       9.01e-06       1.85e-05       2.80e-05       3.74e-05       4.70e-05       5.65e-05       6.59e-05       7.54e-05       8.49e-05       9.44e-05       1.04e-04       1.15e-04
  9.0
  -11.4930   -8.3400   -8.3260   -8.3030   -8.2960   -8.2740   -8.2310   -8.1720   -8.0970   -7.9970   -6.7830   -6.4730
       6.30e-06       1.56e-05       2.56e-05       3.59e-05       4.54e-05       5.59e-05       6.63e-05       7.67e-05       8.71e-05       9.74e-05       1.07e-04       1.19e-04
 9.05
  -11.3280  -11.2790   -8.2450   -8.2100   -8.2040   -8.1630   -8.0990   -8.0150   -7.9070   -6.7400   -6.3880   -6.0840
       9.09e-06       1.33e-05       2.44e-05       3.50e-05       4.65e-05       5.73e-05       6.81e-05       7.91e-05       9.00e-05       1.01e-04       1.11e-04       1.22e-04
  9.1
  -11.3260   -8.9450   -8.1390   -8.1110   -8.0870   -8.0200   -7.9330   -7.8280   -7.6970   -6.4740   -6.1580
       5.50e-06       1.60e-05       2.85e-05       4.04e-05       5.34e-05       6.65e-05       7.98e-05       9.31e-05       1.06e-04       1.19e-04       1.39e-04
 9.15
  -11.3500   -9.3510   -8.1390   -8.1090   -8.0100   -7.8820   -7.7190   -6.3780   -6.0310   -5.5830
       5.44e-06       1.64e-05       3.03e-05       4.49e-05       6.03e-05       7.57e-05       9.08e-05       1.05e-04       1.20e-04       1.29e-04
  9.2
  -11.3350   -8.9620   -8.1660   -8.1150   -8.0030   -7.8650   -6.7360   -6.4090   -5.9990
       4.01e-06       1.13e-05       1.99e-05       2.92e-05       3.92e-05       4.90e-05       5.81e-05       6.85e-05       7.46e-05
 9.25
  -11.3130  -11.1120   -8.1370   -8.0830   -7.9690   -7.8340   -6.6980   -6.4010
       4.74e-06       6.32e-06       1.57e-05       2.46e-05       3.26e-05       4.05e-05       4.78e-05       5.64e-05
  9.3
  -11.3100   -9.2390   -8.1070   -8.0660   -7.9440   -7.8000   -6.6600   -6.3440
       3.57e-06       4.79e-06       1.19e-05       1.92e-05       2.66e-05       3.38e-05       4.06e-05       4.85e-05
 9.35
  -11.2070   -8.0960   -8.0270   -7.8970   -7.7480   -6.4880   -6.1760
       4.23e-06       1.06e-05       1.71e-05       2.36e-05       3.01e-05       3.60e-05       4.31e-05
  9.4
  -11.0450   -8.0820   -7.9870   -7.8280   -6.6560   -6.2500   -5.8060
       3.97e-06       9.50e-06       1.58e-05       2.26e-05       2.90e-05       3.67e-05       4.14e-05
 9.45
  -11.0270   -8.0630   -7.9480   -7.8060   -7.6530   -6.4070   -6.0530
       3.81e-06       9.13e-06       1.48e-05       2.06e-05       2.60e-05       3.26e-05       3.65e-05
  9.5
   -8.0760   -8.0220   -7.8930   -7.7510   -7.6010   -6.4010
       3.24e-06       8.16e-06       1.31e-05       1.78e-05       2.23e-05       2.78e-05
 9.55
   -8.1960   -7.9610   -7.8210   -7.6640   -7.4920   -6.2370
       2.98e-06       7.52e-06       1.21e-05       1.66e-05       2.09e-05       2.60e-05
 9.65
   -9.4640   -7.9250   -7.7990   -7.6480   -7.4540   -6.1770   -5.6890
       1.72e-06       4.69e-06       8.25e-06       1.23e-05       1.66e-05       2.19e-05       2.51e-05
  9.7
   -9.9280   -9.0480   -8.1810   -8.0710   -8.0150   -7.9870   -7.8460   -7.6980   -7.5640   -7.0330   -6.2640
       6.88e-07       1.05e-06       2.77e-06       3.00e-06       3.19e-06       3.40e-06       6.39e-06       9.55e-06       1.38e-05       1.39e-05       2.02e-05
 9.75
   -9.1280   -8.9480   -8.4840   -8.4050   -8.4010   -8.1120   -7.8630   -7.6290   -7.4760   -7.2990   -6.2660
       1.10e-06       1.67e-06       2.02e-06       4.74e-06       5.07e-06       9.81e-06       1.48e-05       1.99e-05       2.02e-05       2.04e-05       2.67e-05
  9.8
   -9.0580   -8.9810   -8.9070   -8.6770   -8.3820   -8.0340   -7.8680   -7.7090   -7.6900   -7.5720   -6.2700
       7.99e-07       2.34e-06       2.83e-06       6.63e-06       1.33e-05       2.03e-05       2.08e-05       2.12e-05       2.73e-05       2.75e-05       3.38e-05
  9.9
   -8.5540   -8.4500   -8.2100   -7.8720   -7.7110   -7.3280   -6.5000   -5.7460
       1.15e-06       3.16e-06       8.28e-06       9.36e-06       1.55e-05       2.05e-05       2.75e-05       3.19e-05
 9.95
   -8.4160   -8.3330   -8.1220   -7.7270   -7.6090   -7.2070   -6.3590   -5.7320
       1.03e-06       2.83e-06       7.42e-06       8.38e-06       1.38e-05       1.83e-05       2.39e-05       2.71e-05
 10.0
   -8.1770   -8.1650   -8.0900   -7.6020   -7.5950   -6.9580   -6.3430   -6.0290
       1.05e-06       2.19e-06       5.81e-06       1.19e-05       1.28e-05       1.70e-05       1.95e-05       2.25e-05
10.05
   -8.0400   -8.0180   -7.9670   -7.5860   -7.4410   -6.9830   -6.3850   -6.0070
       1.05e-06       4.36e-06       5.31e-06       1.09e-05       1.17e-05       1.56e-05       1.82e-05       2.16e-05
10.15
   -7.7060   -7.4890   -7.3390   -7.1330   -6.5690   -6.3350   -5.8880
       2.26e-06       6.68e-06       8.00e-06       9.23e-06       1.31e-05       1.61e-05       2.04e-05
