 8.05
  -10.3050  -10.2510  -10.1930  -10.1540  -10.1360  -10.1000   -9.6920   -9.6450   -9.6450   -9.6430   -9.6430   -9.6410   -9.6410   -9.6380   -9.6370   -9.6360   -9.6310   -9.6310   -9.6280   -9.6270   -9.6250   -9.6230   -9.6180   -9.6140   -9.6100   -9.6080   -9.6030   -9.5970   -9.5910   -9.5850   -9.5790   -9.5730   -9.5680   -9.5620   -9.5570   -9.5520   -9.5460   -9.5410   -9.5410   -9.5360   -9.5320   -9.5310   -9.5270   -9.5250   -9.5230   -9.5220   -9.5200   -9.5200   -9.5170   -9.5160   -9.5150   -9.5140   -9.5130   -9.5130   -9.5120   -9.5120   -9.5120   -9.4160   -9.3930   -9.3770   -9.3690   -9.3590   -9.2780   -9.2560   -8.9740   -8.8910   -8.8100   -8.6650   -8.4800   -6.9560   -6.9430   -6.6460   -6.3800   -6.1320   -5.9070   -5.7120   -5.4820
       3.70e-07       7.40e-07       1.11e-06       1.49e-06       1.86e-06       2.23e-06       2.85e-06       3.49e-06       3.49e-06       4.12e-06       4.12e-06       4.76e-06       4.76e-06       5.08e-06       5.40e-06       5.72e-06       6.36e-06       6.36e-06       6.98e-06       7.30e-06       7.61e-06       7.94e-06       8.27e-06       8.60e-06       9.06e-06       9.39e-06       9.72e-06       1.01e-05       1.04e-05       1.07e-05       1.11e-05       1.14e-05       1.17e-05       1.21e-05       1.24e-05       1.27e-05       1.31e-05       1.38e-05       1.38e-05       1.41e-05       1.45e-05       1.49e-05       1.52e-05       1.55e-05       1.59e-05       1.63e-05       1.70e-05       1.70e-05       1.73e-05       1.77e-05       1.80e-05       1.84e-05       1.91e-05       1.91e-05       2.01e-05       2.01e-05       2.01e-05       2.04e-05       2.07e-05       2.09e-05       2.15e-05       2.20e-05       2.28e-05       2.31e-05       2.35e-05       2.39e-05       2.43e-05       2.47e-05       2.51e-05       2.54e-05       2.64e-05       2.73e-05       2.80e-05       2.86e-05       2.91e-05       2.94e-05       2.96e-05
  8.1
   -9.8650   -9.8650   -9.8640   -9.8620   -9.8610   -9.8590   -9.8580   -9.8580   -9.8570   -9.8530   -9.8470   -9.8400   -9.8390   -9.8390   -9.8310   -9.8220   -9.8120   -9.8010   -9.7900   -9.7800   -9.7690   -9.7580   -9.7460   -9.7350   -9.7230   -9.7120   -9.7010   -9.6900   -9.6790   -9.6670   -9.6570   -9.6470   -9.6370   -9.6260   -9.6170   -9.6070   -9.5980   -9.5890   -9.5800   -9.5710   -9.5630   -9.5560   -9.5480   -9.5400   -9.5330   -9.5270   -9.5210   -9.5150   -9.5100   -9.5060   -9.4800   -9.4770   -9.4680   -9.4610   -9.4610   -9.4540   -9.4540   -9.4500   -9.4500   -9.4500   -9.4210   -9.4060   -9.4000   -9.3890   -9.3200   -9.2900   -9.2560   -9.2500   -9.1740   -8.9180   -8.4570   -6.6860   -6.3690   -6.0370   -5.7040   -5.4820   -5.3660
       6.42e-07       6.42e-07       9.60e-07       1.28e-06       1.91e-06       2.39e-06       3.49e-06       3.49e-06       4.12e-06       4.45e-06       4.77e-06       5.10e-06       6.03e-06       6.03e-06       6.36e-06       6.69e-06       7.02e-06       7.35e-06       7.68e-06       8.02e-06       8.35e-06       8.69e-06       9.03e-06       9.36e-06       9.70e-06       1.00e-05       1.04e-05       1.07e-05       1.11e-05       1.14e-05       1.18e-05       1.21e-05       1.25e-05       1.28e-05       1.32e-05       1.35e-05       1.39e-05       1.42e-05       1.46e-05       1.49e-05       1.53e-05       1.56e-05       1.60e-05       1.63e-05       1.67e-05       1.71e-05       1.74e-05       1.78e-05       1.81e-05       1.85e-05       1.89e-05       1.93e-05       1.96e-05       2.04e-05       2.04e-05       2.12e-05       2.12e-05       2.23e-05       2.23e-05       2.23e-05       2.26e-05       2.30e-05       2.38e-05       2.41e-05       2.45e-05       2.49e-05       2.53e-05       2.70e-05       2.74e-05       2.77e-05       2.81e-05       2.98e-05       3.11e-05       3.22e-05       3.30e-05       3.32e-05       3.38e-05
 8.15
  -10.3130  -10.2520  -10.2100   -9.9280   -9.9230   -9.9230   -9.9160   -9.9110   -9.9030   -9.8930   -9.8870   -9.8810   -9.8700   -9.8680   -9.8580   -9.8510   -9.8400   -9.8300   -9.8090   -9.7890   -9.7700   -9.7490   -9.7310   -9.7120   -9.6930   -9.6760   -9.6590   -9.6430   -9.6260   -9.6110   -9.5960   -9.5870   -9.5810   -9.5750   -9.5670   -9.5600   -9.5540   -9.5470   -9.5380   -9.5300   -9.5270   -9.5210   -9.5120   -9.5020   -9.4940   -9.4900   -9.4870   -9.4850   -9.4820   -9.4820   -9.4800   -9.4790   -9.4290   -9.3120   -9.0600   -8.5600   -6.7580   -6.2850   -5.8920   -5.6090   -5.4760
       4.53e-07       9.09e-07       1.37e-06       2.16e-06       3.75e-06       3.75e-06       4.55e-06       5.34e-06       6.14e-06       6.93e-06       7.74e-06       8.32e-06       9.13e-06       9.91e-06       1.10e-05       1.18e-05       1.26e-05       1.34e-05       1.42e-05       1.50e-05       1.59e-05       1.67e-05       1.75e-05       1.84e-05       1.92e-05       2.00e-05       2.09e-05       2.17e-05       2.26e-05       2.34e-05       2.41e-05       2.45e-05       2.49e-05       2.54e-05       2.58e-05       2.62e-05       2.67e-05       2.71e-05       2.75e-05       2.80e-05       2.84e-05       2.89e-05       2.93e-05       2.98e-05       3.02e-05       3.06e-05       3.11e-05       3.15e-05       3.24e-05       3.24e-05       3.28e-05       3.33e-05       3.37e-05       3.64e-05       3.68e-05       3.73e-05       4.05e-05       4.30e-05       4.45e-05       4.54e-05       4.66e-05
  8.2
  -10.3910  -10.3410  -10.2830  -10.2140  -10.1330  -10.0520   -9.9650   -9.9050   -9.8790   -9.8770   -9.8750   -9.8750   -9.8650   -9.8630   -9.8550   -9.8520   -9.8470   -9.8450   -9.8370   -9.8300   -9.8190   -9.8060   -9.7910   -9.7790   -9.7670   -9.7560   -9.7440   -9.7350   -9.7250   -9.7140   -9.7050   -9.6970   -9.6870   -9.6770   -9.6670   -9.6580   -9.6520   -9.6480   -9.6440   -9.6390   -9.6330   -9.6300   -9.6250   -9.6170   -9.6030   -9.6000   -9.5970   -9.5960   -9.5940   -9.5930   -9.5910   -9.5910   -9.5900   -9.2990   -9.2870   -8.7330   -6.9020   -6.8400   -6.4900   -6.1480   -5.7990
       6.48e-07       1.30e-06       1.95e-06       2.61e-06       3.27e-06       3.94e-06       4.61e-06       5.29e-06       6.44e-06       7.59e-06       9.89e-06       9.89e-06       1.11e-05       1.22e-05       1.34e-05       1.42e-05       1.54e-05       1.65e-05       1.80e-05       1.92e-05       2.03e-05       2.15e-05       2.27e-05       2.39e-05       2.51e-05       2.63e-05       2.75e-05       2.88e-05       3.00e-05       3.12e-05       3.24e-05       3.37e-05       3.49e-05       3.61e-05       3.74e-05       3.83e-05       3.89e-05       3.96e-05       4.02e-05       4.08e-05       4.14e-05       4.21e-05       4.27e-05       4.33e-05       4.40e-05       4.46e-05       4.53e-05       4.59e-05       4.65e-05       4.72e-05       4.85e-05       4.85e-05       4.91e-05       4.98e-05       5.33e-05       5.39e-05       5.50e-05       5.94e-05       6.26e-05       6.46e-05       6.62e-05
 8.25
  -10.4110  -10.3570  -10.1370   -9.7970   -9.7870   -9.7810   -9.7760   -9.7550   -9.7470   -9.7450   -9.7390   -9.7270   -9.7120   -9.7010   -9.5320   -7.0930   -6.8700   -6.5700   -6.2430   -5.9490
       2.76e-06       4.96e-06       9.47e-06       1.35e-05       1.59e-05       1.68e-05       1.85e-05       2.27e-05       2.69e-05       3.10e-05       3.52e-05       3.95e-05       4.38e-05       4.81e-05       5.19e-05       5.53e-05       5.95e-05       6.29e-05       6.50e-05       6.64e-05
  8.3
  -10.4930  -10.3780  -10.2560  -10.1350  -10.0420   -9.7810   -9.7430   -9.7270   -9.7080   -9.7040   -9.6650   -9.6500   -9.5450   -9.2870   -9.2570   -9.1830   -6.9530   -6.6590   -6.3460   -6.0460
       2.77e-06       5.56e-06       8.39e-06       1.02e-05       1.16e-05       1.33e-05       1.42e-05       1.70e-05       1.97e-05       2.14e-05       2.41e-05       2.68e-05       2.94e-05       3.28e-05       3.53e-05       3.83e-05       4.26e-05       4.60e-05       4.81e-05       4.95e-05
 8.35
  -10.3770  -10.2490  -10.1180   -9.9810   -9.8590   -9.7390   -9.6670   -9.5760   -9.3460   -9.3280   -9.3130   -9.2310   -9.1500   -9.0330   -9.0080   -8.8270   -7.0810   -6.7490   -6.4480   -6.1430
       1.03e-06       2.08e-06       3.13e-06       4.19e-06       4.86e-06       5.40e-06       6.43e-06       7.45e-06       8.46e-06       1.19e-05       1.36e-05       1.45e-05       1.54e-05       1.64e-05       1.73e-05       1.87e-05       2.29e-05       2.63e-05       2.84e-05       2.99e-05
  8.4
  -10.5160  -10.3700  -10.2150  -10.1180  -10.0160   -9.9210   -9.6250   -9.5990   -9.5860   -9.4440   -9.3570   -9.3320   -9.3060   -9.2800   -9.2540   -9.2290   -9.1590   -9.1020   -8.6870   -8.5670   -7.7070   -7.1620   -7.0330   -6.8670   -6.6730   -6.3970
       3.61e-06       7.78e-06       1.28e-05       1.42e-05       1.86e-05       2.12e-05       2.28e-05       2.67e-05       3.00e-05       3.09e-05       3.14e-05       3.20e-05       3.26e-05       3.31e-05       3.37e-05       3.43e-05       3.49e-05       3.55e-05       3.60e-05       3.81e-05       4.10e-05       4.40e-05       4.47e-05       4.77e-05       5.05e-05       5.37e-05
 8.45
  -10.4750  -10.3480  -10.3070  -10.3060  -10.3010  -10.2910  -10.2610  -10.2550  -10.2210  -10.2010  -10.1350  -10.0760  -10.0750  -10.0090   -9.9780   -9.7460   -9.7010   -9.6780   -8.9310   -8.7620   -8.1340   -7.2860   -6.9100   -6.7380   -6.5350   -6.2760
       6.64e-06       1.43e-05       1.53e-05       1.64e-05       1.74e-05       1.85e-05       1.95e-05       2.11e-05       3.03e-05       3.13e-05       3.24e-05       3.50e-05       4.32e-05       4.78e-05       4.89e-05       5.61e-05       6.22e-05       6.52e-05       6.63e-05       6.75e-05       7.00e-05       7.31e-05       7.61e-05       7.91e-05       8.21e-05       8.53e-05
  8.5
  -10.5310  -10.4290  -10.3290  -10.2240  -10.1410  -10.0970  -10.0800  -10.0730  -10.0600  -10.0410  -10.0120   -9.9760   -9.9170   -9.8210   -9.8200   -9.7400   -9.6690   -9.5890   -9.1450   -8.9830   -7.7810   -7.0190   -6.7500   -6.6100   -6.4190   -6.1550
       1.08e-05       2.09e-05       3.25e-05       4.65e-05       5.89e-05       6.59e-05       6.98e-05       7.21e-05       7.37e-05       7.53e-05       7.68e-05       7.84e-05       8.00e-05       8.16e-05       9.09e-05       9.55e-05       9.71e-05       9.88e-05       1.00e-04       1.02e-04       1.05e-04       1.08e-04       1.11e-04       1.15e-04       1.18e-04       1.21e-04
 8.55
  -10.4360  -10.3060  -10.1950  -10.0970  -10.0310   -9.9920   -9.9440   -9.6510   -7.4530   -7.2120   -7.0500   -6.9370   -6.7920   -6.7350   -6.6890   -6.6380   -6.5870   -6.4960   -6.3710   -6.2130   -6.0790   -5.9850   -5.8580
       1.38e-05       2.70e-05       3.94e-05       5.09e-05       6.16e-05       6.48e-05       7.37e-05       7.87e-05       8.66e-05       8.81e-05       8.96e-05       9.16e-05       9.38e-05       9.57e-05       9.81e-05       1.01e-04       1.05e-04       1.09e-04       1.15e-04       1.19e-04       1.21e-04       1.23e-04       1.25e-04
  8.6
  -10.2050  -10.1110  -10.0260   -9.9320   -9.8310   -9.5910   -9.4780   -9.1700   -7.1720   -6.9550   -6.8310   -6.7430   -6.6330   -6.5960   -6.5700   -6.5430   -6.5010   -6.4160   -6.3120   -6.1870   -6.0650   -5.9670   -5.8420
       1.06e-05       2.05e-05       2.98e-05       3.83e-05       4.55e-05       4.96e-05       6.07e-05       6.33e-05       7.02e-05       7.28e-05       7.53e-05       7.87e-05       8.24e-05       8.56e-05       8.96e-05       9.43e-05       1.01e-04       1.09e-04       1.18e-04       1.25e-04       1.29e-04       1.31e-04       1.36e-04
 8.65
   -9.9510   -9.8550   -9.7560   -9.7190   -9.5300   -8.7530   -8.2110   -8.0390   -6.7830   -6.6780   -6.6170   -6.5670   -6.4950   -6.4780   -6.4700   -6.4490   -6.4140   -6.3350   -6.2610   -6.1580   -6.0430   -5.9480   -5.8040
       6.65e-06       1.28e-05       2.00e-05       2.51e-05       2.80e-05       3.56e-05       3.76e-05       4.55e-05       5.15e-05       5.51e-05       5.88e-05       6.38e-05       6.92e-05       7.39e-05       7.96e-05       8.65e-05       9.56e-05       1.08e-04       1.21e-04       1.31e-04       1.37e-04       1.41e-04       1.47e-04
  8.7
   -9.6480   -9.4820   -8.7080   -7.5730   -6.5730   -6.4740   -6.4380   -6.4010   -6.3770   -6.3760   -6.3650   -6.3390   -6.2980   -6.2560   -6.2050   -6.1610   -6.1020   -5.9920   -5.7630
       5.28e-06       8.06e-06       1.56e-05       2.30e-05       3.09e-05       3.81e-05       4.39e-05       4.97e-05       5.64e-05       6.37e-05       7.15e-05       7.95e-05       8.77e-05       1.00e-04       1.13e-04       1.21e-04       1.30e-04       1.38e-04       1.47e-04
 8.75
   -9.6000   -9.4100   -8.3060   -7.4450   -6.4990   -6.4310   -6.4040   -6.3800   -6.3620   -6.3570   -6.3410   -6.3140   -6.2740   -6.2310   -6.1450   -6.0740   -5.9870   -5.8350   -5.5820
       5.38e-06       8.18e-06       1.58e-05       2.34e-05       3.13e-05       3.84e-05       4.41e-05       4.98e-05       5.64e-05       6.37e-05       7.13e-05       7.92e-05       8.73e-05       9.96e-05       1.12e-04       1.20e-04       1.28e-04       1.37e-04       1.46e-04
  8.8
   -9.5510   -9.3380   -7.9730   -7.3680   -6.4580   -6.3910   -6.3690   -6.3580   -6.3470   -6.3370   -6.3190   -6.2900   -6.2500   -6.2060   -6.0850   -5.9940   -5.8700   -5.6620   -5.4120
       5.47e-06       8.32e-06       1.61e-05       2.38e-05       3.16e-05       3.87e-05       4.42e-05       4.98e-05       5.63e-05       6.34e-05       7.09e-05       7.86e-05       8.65e-05       9.86e-05       1.11e-04       1.19e-04       1.27e-04       1.35e-04       1.44e-04
 8.85
   -9.6520   -7.3680   -6.4390   -6.3540   -6.3380   -6.3090   -6.2600   -6.1940   -6.0930   -5.9640   -5.7580   -5.4190
       9.01e-06       1.83e-05       2.83e-05       3.90e-05       4.98e-05       6.06e-05       7.14e-05       8.22e-05       9.30e-05       1.04e-04       1.14e-04       1.27e-04
  8.9
   -9.7760   -7.3310   -6.4740   -6.3850   -6.3460   -6.2920   -6.2190   -6.1300   -6.0040   -5.8570   -5.6290   -5.3250
       9.02e-06       1.83e-05       2.81e-05       3.82e-05       4.84e-05       5.86e-05       6.89e-05       7.91e-05       8.93e-05       9.94e-05       1.09e-04       1.21e-04
 8.95
   -8.3430   -7.3050   -7.2810   -6.4170   -6.3530   -6.2750   -6.1800   -6.0650   -5.9210   -5.7490   -5.5000   -5.2290
       9.01e-06       1.84e-05       2.78e-05       3.73e-05       4.68e-05       5.63e-05       6.59e-05       7.54e-05       8.49e-05       9.44e-05       1.04e-04       1.15e-04
  9.0
   -9.4650   -7.4390   -7.2760   -6.4120   -6.3110   -6.1900   -6.0590   -5.9010   -5.7210   -5.4700   -5.1820   -4.8950
       6.30e-06       1.56e-05       2.51e-05       3.51e-05       4.54e-05       5.59e-05       6.63e-05       7.67e-05       8.71e-05       9.74e-05       1.07e-04       1.19e-04
 9.05
   -9.6220   -9.3510   -7.2840   -6.4160   -6.2870   -6.1330   -5.9580   -5.7630   -5.5140   -5.2110   -4.8920   -4.5950
       9.09e-06       1.33e-05       2.48e-05       3.58e-05       4.65e-05       5.73e-05       6.81e-05       7.91e-05       9.00e-05       1.01e-04       1.11e-04       1.22e-04
  9.1
   -9.0450   -7.9350   -6.9380   -6.0580   -5.8960   -5.7060   -5.4980   -5.2770   -4.9970   -4.7030   -4.4120
       5.50e-06       1.60e-05       2.79e-05       4.04e-05       5.34e-05       6.65e-05       7.98e-05       9.31e-05       1.06e-04       1.19e-04       1.39e-04
 9.15
   -9.0620   -8.2090   -6.9350   -6.8670   -5.9040   -5.5810   -5.2250   -4.8450   -4.5150   -4.0620
       5.44e-06       1.64e-05       3.03e-05       4.49e-05       6.03e-05       7.57e-05       9.08e-05       1.05e-04       1.20e-04       1.29e-04
  9.2
   -9.2330   -7.7490   -6.9480   -6.8780   -6.7600   -5.7570   -5.3880   -5.0850   -4.6820
       4.01e-06       1.13e-05       1.99e-05       2.92e-05       3.92e-05       4.90e-05       5.81e-05       6.85e-05       7.46e-05
 9.25
   -9.3600   -9.2230   -6.9910   -6.8460   -6.7330   -6.5830   -5.6020   -5.3150
       4.74e-06       6.32e-06       1.57e-05       2.46e-05       3.26e-05       4.05e-05       4.78e-05       5.64e-05
  9.3
   -9.4380   -7.8840   -7.1810   -6.9060   -6.7090   -6.5570   -6.3740   -6.1920
       3.57e-06       4.79e-06       1.19e-05       1.92e-05       2.66e-05       3.38e-05       4.06e-05       4.85e-05
 9.35
   -9.4520   -7.3550   -7.0650   -6.7350   -6.5030   -6.3250   -6.1470
       4.23e-06       1.06e-05       1.71e-05       2.36e-05       3.01e-05       3.60e-05       4.31e-05
  9.4
   -9.4690   -7.4800   -7.2200   -6.7950   -6.4000   -6.2040   -5.7760
       3.97e-06       9.50e-06       1.58e-05       2.26e-05       2.90e-05       3.67e-05       4.14e-05
 9.45
   -9.4470   -7.4360   -7.1570   -6.7800   -6.4410   -6.2480   -5.9550
       3.81e-06       9.13e-06       1.48e-05       2.06e-05       2.60e-05       3.26e-05       3.65e-05
  9.5
   -7.3930   -7.0840   -7.0140   -6.7160   -6.3990   -6.2020
       4.92e-06       9.83e-06       1.31e-05       1.78e-05       2.23e-05       2.78e-05
 9.55
   -7.3620   -7.3210   -7.0010   -6.6020   -6.2720   -6.0700
       2.98e-06       7.52e-06       1.21e-05       1.66e-05       2.09e-05       2.60e-05
 9.65
   -8.7490   -7.3260   -7.0660   -6.7220   -6.2800   -6.0000   -5.6010
       1.72e-06       4.69e-06       8.25e-06       1.23e-05       1.66e-05       2.19e-05       2.51e-05
  9.7
   -9.1370   -8.3830   -7.6900   -7.3330   -7.1990   -7.0810   -6.8810   -6.8750   -6.7910   -6.5530   -6.0300
       6.88e-07       1.05e-06       2.77e-06       3.00e-06       6.00e-06       6.20e-06       6.39e-06       9.55e-06       9.68e-06       1.39e-05       2.02e-05
 9.75
   -8.3160   -8.0560   -7.6660   -7.5280   -7.2980   -7.2790   -7.1970   -7.1930   -6.8830   -6.4870   -6.0730
       1.10e-06       1.67e-06       4.39e-06       4.74e-06       9.48e-06       9.81e-06       9.98e-06       1.03e-05       1.53e-05       2.04e-05       2.67e-05
  9.8
   -7.9160   -7.8800   -7.6920   -7.6840   -7.6030   -7.5810   -7.5810   -7.3490   -6.8880   -6.4700   -6.1410
       1.54e-06       2.34e-06       2.83e-06       6.63e-06       6.87e-06       7.77e-06       7.77e-06       1.44e-05       2.14e-05       2.75e-05       3.38e-05
  9.9
   -7.9040   -7.9030   -7.7530   -7.6790   -7.2450   -6.8390   -6.3580   -5.6300
       2.00e-06       3.16e-06       8.28e-06       9.36e-06       1.55e-05       2.05e-05       2.75e-05       3.19e-05
 9.95
   -7.8310   -7.7820   -7.6340   -7.5590   -7.1510   -6.7260   -6.2150   -5.6050
       1.03e-06       2.83e-06       7.42e-06       8.38e-06       1.38e-05       1.83e-05       2.39e-05       2.71e-05
 10.0
   -7.6870   -7.6730   -7.6180   -7.4490   -7.1450   -6.4620   -6.1960   -5.8950
       1.14e-06       2.19e-06       5.81e-06       6.78e-06       1.28e-05       1.70e-05       1.95e-05       2.25e-05
10.05
   -7.5650   -7.5600   -7.4630   -7.3200   -7.1220   -6.4830   -6.2410   -5.8750
       1.05e-06       4.36e-06       5.31e-06       6.19e-06       1.17e-05       1.56e-05       1.82e-05       2.16e-05
10.15
   -7.2090   -7.1940   -7.0860   -6.9980   -6.4240   -6.1970   -5.7600
       2.26e-06       3.58e-06       4.81e-06       9.23e-06       1.31e-05       1.61e-05       2.04e-05
