 8.05
  -13.8470  -13.8350  -13.8300  -13.8100  -13.7700  -13.6410  -13.4560  -13.3670  -13.2520  -13.2160  -13.2080  -13.1980  -13.1870  -13.1750  -13.1630  -13.1490  -13.1360  -13.1220  -13.1080  -13.0930  -13.0790  -13.0630  -13.0480  -13.0330  -13.0180  -13.0030  -12.9880  -12.9720  -12.9570  -12.9400  -12.9240  -12.9090  -12.8930  -12.8780  -12.8610  -12.8450  -12.8390  -12.8300  -12.8130  -12.7970  -12.7810  -12.7640  -12.7470  -12.7440  -12.7290  -12.7110  -12.6920  -12.6730  -12.6520  -12.6300  -12.6240  -12.6070  -12.5820  -12.5550  -12.5250  -12.4940  -12.4770  -12.4370  -12.3980  -12.3760  -12.3500  -12.3380  -12.3230  -12.2910  -12.2590  -12.2320  -12.2280  -12.0620  -11.8480  -10.5710  -10.2610   -9.9740   -9.3680   -9.1310   -8.9750   -8.9250   -8.4940
       2.94e-07       5.09e-07       9.86e-07       1.28e-06       1.89e-06       2.65e-06       3.27e-06       3.89e-06       4.35e-06       4.66e-06       4.98e-06       5.29e-06       5.61e-06       5.93e-06       6.24e-06       6.56e-06       6.88e-06       7.20e-06       7.52e-06       7.85e-06       8.17e-06       8.50e-06       8.83e-06       9.15e-06       9.48e-06       9.81e-06       1.01e-05       1.05e-05       1.08e-05       1.11e-05       1.15e-05       1.18e-05       1.21e-05       1.25e-05       1.28e-05       1.32e-05       1.36e-05       1.39e-05       1.42e-05       1.46e-05       1.49e-05       1.53e-05       1.56e-05       1.60e-05       1.63e-05       1.67e-05       1.70e-05       1.74e-05       1.77e-05       1.81e-05       1.85e-05       1.88e-05       1.92e-05       1.95e-05       1.99e-05       2.02e-05       2.06e-05       2.09e-05       2.13e-05       2.17e-05       2.21e-05       2.24e-05       2.28e-05       2.32e-05       2.35e-05       2.39e-05       2.43e-05       2.47e-05       2.51e-05       2.60e-05       2.69e-05       2.77e-05       2.83e-05       2.87e-05       2.91e-05       2.94e-05       2.96e-05
  8.1
  -13.7440  -13.7250  -13.7230  -13.6840  -13.5640  -13.5400  -13.4840  -13.4460  -13.4070  -13.3660  -13.3490  -13.3390  -13.3290  -13.3170  -13.3050  -13.2910  -13.2770  -13.2630  -13.2490  -13.2330  -13.2180  -13.2020  -13.1860  -13.1700  -13.1540  -13.1370  -13.1210  -13.1040  -13.0880  -13.0720  -13.0540  -13.0380  -13.0210  -13.0050  -12.9890  -12.9720  -12.9550  -12.9400  -12.9230  -12.9070  -12.8910  -12.8740  -12.8580  -12.8410  -12.8230  -12.8060  -12.7900  -12.7720  -12.7540  -12.7500  -12.7360  -12.7180  -12.6980  -12.6870  -12.6780  -12.6640  -12.6570  -12.6340  -12.6030  -12.5680  -12.5280  -12.4830  -12.4470  -12.4340  -12.4240  -12.4120  -12.4010  -12.3870  -12.3760  -12.3610  -11.7390  -10.2210   -9.8810   -9.1850   -8.8330   -8.4800   -8.4660
       8.60e-07       1.16e-06       1.43e-06       3.14e-06       3.44e-06       4.06e-06       4.84e-06       5.47e-06       6.10e-06       6.58e-06       6.90e-06       7.22e-06       7.54e-06       7.86e-06       8.19e-06       8.51e-06       8.84e-06       9.17e-06       9.50e-06       9.82e-06       1.02e-05       1.05e-05       1.08e-05       1.12e-05       1.15e-05       1.18e-05       1.22e-05       1.25e-05       1.28e-05       1.32e-05       1.35e-05       1.39e-05       1.42e-05       1.46e-05       1.49e-05       1.52e-05       1.56e-05       1.59e-05       1.63e-05       1.66e-05       1.70e-05       1.73e-05       1.77e-05       1.81e-05       1.84e-05       1.88e-05       1.91e-05       1.95e-05       1.98e-05       2.02e-05       2.06e-05       2.09e-05       2.13e-05       2.17e-05       2.20e-05       2.24e-05       2.28e-05       2.31e-05       2.35e-05       2.39e-05       2.43e-05       2.46e-05       2.50e-05       2.54e-05       2.58e-05       2.62e-05       2.66e-05       2.70e-05       2.74e-05       2.77e-05       2.81e-05       2.98e-05       3.11e-05       3.22e-05       3.30e-05       3.36e-05       3.38e-05
 8.15
  -13.5800  -13.4520  -13.4430  -13.3690  -13.3450  -13.3280  -13.3120  -13.2950  -13.2770  -13.2540  -13.2300  -13.2050  -13.1770  -13.1490  -13.1210  -13.0920  -13.0620  -13.0330  -13.0040  -12.9750  -12.9460  -12.9180  -12.8890  -12.8610  -12.8330  -12.8040  -12.7760  -12.7470  -12.7180  -12.7050  -12.6900  -12.6750  -12.6610  -12.6450  -12.6320  -12.6310  -12.6150  -12.6150  -12.6140  -12.5930  -12.5720  -12.5470  -12.5190  -12.4880  -12.4620  -12.4530  -12.4120  -12.3670  -12.3190  -12.2660  -12.2300  -12.1990  -12.1660  -12.1350  -12.1270  -11.7740  -10.2190   -9.7120   -8.9510   -8.5120   -8.4580
       2.63e-06       3.70e-06       4.28e-06       5.06e-06       5.84e-06       6.62e-06       7.41e-06       8.20e-06       9.00e-06       9.79e-06       1.06e-05       1.14e-05       1.22e-05       1.30e-05       1.38e-05       1.47e-05       1.55e-05       1.63e-05       1.71e-05       1.80e-05       1.88e-05       1.96e-05       2.05e-05       2.13e-05       2.21e-05       2.30e-05       2.38e-05       2.47e-05       2.53e-05       2.58e-05       2.62e-05       2.66e-05       2.70e-05       2.75e-05       2.79e-05       2.83e-05       2.92e-05       2.92e-05       2.96e-05       3.01e-05       3.05e-05       3.10e-05       3.14e-05       3.18e-05       3.23e-05       3.28e-05       3.32e-05       3.36e-05       3.41e-05       3.45e-05       3.50e-05       3.54e-05       3.59e-05       3.64e-05       3.68e-05       3.73e-05       4.05e-05       4.30e-05       4.45e-05       4.56e-05       4.66e-05
  8.2
  -13.4050  -13.2350  -13.2210  -13.1780  -13.1530  -13.1300  -13.1030  -13.0780  -13.0520  -13.0230  -12.9950  -12.9680  -12.9400  -12.9120  -12.8850  -12.8560  -12.8290  -12.8020  -12.7770  -12.7500  -12.7270  -12.7260  -12.7010  -12.6740  -12.6490  -12.6240  -12.5970  -12.5710  -12.5450  -12.5160  -12.5030  -12.4880  -12.4750  -12.4590  -12.4440  -12.4290  -12.4120  -12.4010  -12.3960  -12.3780  -12.3580  -12.3370  -12.3140  -12.2880  -12.2600  -12.2320  -12.2140  -12.1930  -12.1700  -12.1420  -12.1100  -12.1080  -12.1010  -12.0720  -12.0680  -12.0380  -10.2260   -9.8550   -9.1450   -8.8460   -8.7710
       3.50e-06       4.96e-06       5.81e-06       6.94e-06       8.08e-06       9.23e-06       1.04e-05       1.15e-05       1.27e-05       1.39e-05       1.50e-05       1.62e-05       1.74e-05       1.86e-05       1.97e-05       2.09e-05       2.21e-05       2.33e-05       2.46e-05       2.58e-05       2.64e-05       2.76e-05       2.88e-05       3.01e-05       3.13e-05       3.25e-05       3.38e-05       3.50e-05       3.62e-05       3.72e-05       3.78e-05       3.84e-05       3.90e-05       3.97e-05       4.03e-05       4.09e-05       4.16e-05       4.22e-05       4.28e-05       4.35e-05       4.41e-05       4.47e-05       4.54e-05       4.60e-05       4.67e-05       4.73e-05       4.80e-05       4.86e-05       4.93e-05       4.99e-05       5.06e-05       5.12e-05       5.19e-05       5.26e-05       5.32e-05       5.39e-05       5.83e-05       6.15e-05       6.36e-05       6.46e-05       6.62e-05
 8.25
  -13.1360  -13.0910  -13.0560  -12.9440  -12.8190  -12.6870  -12.5830  -12.4900  -12.4010  -12.3070  -12.2300  -12.1580  -12.1210  -12.1200  -11.9590  -10.3490  -10.1680   -9.8590   -9.5060   -8.8460
       1.71e-06       2.58e-06       5.00e-06       9.02e-06       1.31e-05       1.73e-05       2.15e-05       2.58e-05       3.00e-05       3.43e-05       3.87e-05       4.14e-05       4.36e-05       4.74e-05       5.19e-05       5.53e-05       5.95e-05       6.29e-05       6.50e-05       6.64e-05
  8.3
  -13.1990  -13.0370  -12.9670  -12.8990  -12.7740  -12.6160  -12.4290  -12.3050  -12.2070  -12.2040  -12.1740  -12.1470  -12.0790  -12.0140  -11.9740  -11.9480  -10.1560   -9.8710   -9.5350   -8.8650
       3.42e-06       5.14e-06       6.01e-06       7.74e-06       1.04e-05       1.30e-05       1.57e-05       1.85e-05       2.09e-05       2.37e-05       2.67e-05       2.95e-05       3.23e-05       3.51e-05       3.69e-05       3.83e-05       4.26e-05       4.60e-05       4.81e-05       4.95e-05
 8.35
  -13.1150  -13.0180  -12.9110  -12.7970  -12.6440  -12.5410  -12.4120  -12.2900  -12.1670  -12.0460  -12.0410  -11.9970  -11.9860  -11.9800  -11.9320  -11.8900  -10.1720   -9.8830   -9.5620   -8.8930
       3.42e-06       5.14e-06       6.02e-06       6.94e-06       7.92e-06       9.32e-06       1.03e-05       1.12e-05       1.23e-05       1.33e-05       1.40e-05       1.50e-05       1.55e-05       1.66e-05       1.76e-05       1.87e-05       2.29e-05       2.63e-05       2.84e-05       2.99e-05
  8.4
  -12.4700  -12.3730  -12.1360  -12.1070  -12.1010  -12.0980  -12.0760  -12.0700  -12.0690  -12.0570  -12.0550  -12.0370  -12.0170  -12.0090  -11.9570  -11.9430  -11.9150  -11.7590  -11.5310  -10.4910  -10.3530  -10.2600   -9.9260   -9.7290   -9.4350   -8.7920
       1.66e-06       4.98e-06       8.86e-06       1.14e-05       1.20e-05       1.26e-05       1.31e-05       1.37e-05       1.43e-05       1.87e-05       1.93e-05       1.99e-05       2.04e-05       2.40e-05       2.82e-05       3.32e-05       3.41e-05       3.55e-05       3.60e-05       3.81e-05       4.10e-05       4.40e-05       4.69e-05       4.98e-05       5.29e-05       5.37e-05
 8.45
  -12.2760  -12.2400  -12.1730  -12.1500  -12.1340  -12.0280  -12.0200  -11.9890  -11.9560  -11.9170  -11.8300  -11.8260  -11.8160  -11.8160  -11.8030  -11.7790  -11.7390  -11.7270  -11.6890  -11.5410  -10.1740  -10.0630  -10.0010   -9.9560   -9.5120   -9.2320
       1.07e-06       4.11e-06       8.74e-06       1.48e-05       2.30e-05       3.23e-05       3.48e-05       4.20e-05       4.86e-05       5.63e-05       5.73e-05       5.83e-05       6.09e-05       6.09e-05       6.20e-05       6.30e-05       6.41e-05       6.52e-05       6.63e-05       6.75e-05       7.00e-05       7.31e-05       7.61e-05       7.91e-05       8.21e-05       8.53e-05
  8.5
  -12.2200  -12.2160  -12.2090  -12.2080  -12.2020  -12.1950  -12.1830  -12.1690  -12.1520  -12.1490  -12.1200  -12.1060  -12.0880  -12.0450  -12.0010  -11.9940  -11.9490  -11.9260  -11.9140  -11.8980   -9.9250   -9.8080   -9.7640   -9.7170   -9.6360   -9.0300
       7.00e-06       1.09e-05       2.33e-05       2.57e-05       2.72e-05       2.88e-05       3.04e-05       3.20e-05       3.36e-05       3.52e-05       3.68e-05       5.08e-05       5.24e-05       5.41e-05       5.87e-05       7.04e-05       7.96e-05       9.04e-05       9.21e-05       1.02e-04       1.05e-04       1.08e-04       1.11e-04       1.15e-04       1.18e-04       1.21e-04
 8.55
  -12.0250  -11.9950  -11.9620  -11.9090  -11.8030  -11.7320  -11.6980  -11.4580   -9.6580   -9.6220   -9.6010   -9.5850   -9.5620   -9.5530   -9.5490   -9.5420   -9.5280   -9.4980   -9.4440   -9.3540   -9.2750   -9.2180   -8.6340
       8.91e-06       1.96e-05       2.46e-05       3.61e-05       4.85e-05       6.23e-05       7.55e-05       7.87e-05       8.66e-05       8.81e-05       8.96e-05       9.16e-05       9.38e-05       9.57e-05       9.81e-05       1.01e-04       1.05e-04       1.09e-04       1.15e-04       1.19e-04       1.21e-04       1.23e-04       1.25e-04
  8.6
  -11.8060  -11.7830  -11.7110  -11.6120  -11.5330  -11.5090  -11.4930   -9.8230   -9.4030   -9.3740   -9.3600   -9.3480   -9.3280   -9.3240   -9.3230   -9.3230   -9.3160   -9.2930   -9.2490   -9.1880   -9.1290   -9.0820   -9.0270
       7.16e-06       1.12e-05       1.98e-05       2.90e-05       3.17e-05       4.16e-05       5.22e-05       6.33e-05       7.02e-05       7.28e-05       7.53e-05       7.87e-05       8.24e-05       8.64e-05       9.43e-05       9.43e-05       1.01e-04       1.09e-04       1.18e-04       1.25e-04       1.29e-04       1.31e-04       1.36e-04
 8.65
  -11.6030  -11.5850  -11.4230  -11.3100  -10.1640   -9.9830   -9.3630   -9.1690   -9.1320   -9.1230   -9.1220   -9.1190   -9.1030   -9.1030   -9.0990   -9.0970   -9.0930   -9.0870   -9.0570   -9.0230   -8.9820   -8.9460   -8.8970
       2.92e-06       8.07e-06       1.42e-05       2.09e-05       2.28e-05       3.00e-05       3.76e-05       4.55e-05       5.15e-05       5.51e-05       5.88e-05       6.38e-05       7.98e-05       7.98e-05       8.56e-05       9.09e-05       9.56e-05       1.08e-04       1.21e-04       1.31e-04       1.37e-04       1.41e-04       1.47e-04
  8.7
  -11.4200  -11.3040   -9.1920   -8.9020   -8.8980   -8.8970   -8.8940   -8.8900   -8.8870   -8.8820   -8.8820   -8.8810   -8.8780   -8.8730   -8.8710   -8.8670   -8.8580   -8.8300   -8.7660
       2.78e-06       8.06e-06       1.56e-05       2.28e-05       2.86e-05       3.66e-05       4.48e-05       5.25e-05       6.50e-05       8.02e-05       8.02e-05       8.61e-05       9.35e-05       1.00e-04       1.13e-04       1.21e-04       1.30e-04       1.38e-04       1.47e-04
 8.75
  -11.2940  -11.2800   -8.9620   -8.7880   -8.7860   -8.7850   -8.7840   -8.7830   -8.7820   -8.7790   -8.7770   -8.7730   -8.7690   -8.7690   -8.7560   -8.7410   -8.7190   -8.6780   -7.6270
       5.38e-06       8.18e-06       1.58e-05       2.37e-05       3.09e-05       3.90e-05       4.69e-05       5.45e-05       6.01e-05       7.24e-05       7.97e-05       8.54e-05       9.96e-05       9.96e-05       1.12e-04       1.20e-04       1.28e-04       1.37e-04       1.46e-04
  8.8
  -11.2390  -11.1410   -8.7730   -8.6870   -8.6780   -8.6760   -8.6750   -8.6720   -8.6700   -8.6700   -8.6670   -8.6660   -8.6650   -8.6650   -8.6410   -8.6170   -8.5820   -8.5220   -7.3490
       5.47e-06       8.32e-06       1.61e-05       2.39e-05       3.17e-05       3.96e-05       4.71e-05       5.42e-05       7.33e-05       7.33e-05       8.10e-05       8.74e-05       9.86e-05       9.86e-05       1.11e-04       1.19e-04       1.27e-04       1.35e-04       1.44e-04
 8.85
  -11.0300   -8.5900   -8.5710   -8.5710   -8.5660   -8.5640   -8.5630   -8.5600   -8.5400   -8.5040   -8.4420   -7.2800
       9.01e-06       1.90e-05       4.06e-05       4.06e-05       5.14e-05       6.07e-05       7.15e-05       8.22e-05       9.30e-05       1.04e-04       1.14e-04       1.27e-04
  8.9
  -10.2580   -8.4940   -8.4900   -8.4880   -8.4820   -8.4720   -8.4590   -8.4500   -8.4110   -8.3590   -8.2790   -7.0990
       9.02e-06       1.88e-05       2.89e-05       3.91e-05       4.93e-05       5.95e-05       6.89e-05       7.91e-05       8.93e-05       9.94e-05       1.09e-04       1.21e-04
 8.95
   -8.8860   -8.4200   -8.4100   -8.3980   -8.3940   -8.3730   -8.3600   -8.3360   -8.2820   -8.2130   -8.1160   -6.9180
       9.01e-06       1.85e-05       2.80e-05       3.74e-05       4.70e-05       5.65e-05       6.59e-05       7.54e-05       8.49e-05       9.44e-05       1.04e-04       1.15e-04
  9.0
  -10.9750   -8.3260   -8.3030   -8.2960   -8.2940   -8.2740   -8.2310   -8.1720   -8.0970   -7.9970   -6.7830   -6.4730
       6.30e-06       1.63e-05       2.66e-05       3.61e-05       4.54e-05       5.59e-05       6.63e-05       7.67e-05       8.71e-05       9.74e-05       1.07e-04       1.19e-04
 9.05
  -10.8050  -10.7610   -8.2450   -8.2100   -8.2040   -8.1630   -8.0990   -8.0150   -7.9070   -6.7400   -6.3880   -6.0840
       9.09e-06       1.33e-05       2.44e-05       3.50e-05       4.65e-05       5.73e-05       6.81e-05       7.91e-05       9.00e-05       1.01e-04       1.11e-04       1.22e-04
  9.1
  -10.8110   -8.6520   -8.1390   -8.1110   -8.0870   -8.0200   -7.9330   -7.8280   -7.6970   -6.4740   -6.1580
       5.50e-06       1.60e-05       2.85e-05       4.04e-05       5.34e-05       6.65e-05       7.98e-05       9.31e-05       1.06e-04       1.19e-04       1.39e-04
 9.15
  -10.8330   -8.9460   -8.1390   -8.1090   -8.0100   -7.8820   -7.7190   -6.3780   -6.0310   -5.5830
       5.44e-06       1.64e-05       3.03e-05       4.49e-05       6.03e-05       7.57e-05       9.08e-05       1.05e-04       1.20e-04       1.29e-04
  9.2
  -10.8180   -8.6490   -8.1660   -8.1150   -8.0030   -7.8650   -6.7360   -6.4090   -5.9990
       4.01e-06       1.13e-05       1.99e-05       2.92e-05       3.92e-05       4.90e-05       5.81e-05       6.85e-05       7.46e-05
 9.25
  -10.7920  -10.5930   -8.1370   -8.0830   -7.9690   -7.8340   -6.6980   -6.4010
       4.74e-06       6.32e-06       1.57e-05       2.46e-05       3.26e-05       4.05e-05       4.78e-05       5.64e-05
  9.3
  -10.7900   -8.8540   -8.1070   -8.0660   -7.9440   -7.8000   -6.6600   -6.3440
       3.57e-06       4.79e-06       1.19e-05       1.92e-05       2.66e-05       3.38e-05       4.06e-05       4.85e-05
 9.35
  -10.6850   -8.0960   -8.0270   -7.8970   -7.7480   -6.4880   -6.1760
       4.23e-06       1.06e-05       1.71e-05       2.36e-05       3.01e-05       3.60e-05       4.31e-05
  9.4
  -10.5260   -8.0820   -7.9870   -7.8280   -6.6560   -6.2500   -5.8060
       3.97e-06       9.50e-06       1.58e-05       2.26e-05       2.90e-05       3.67e-05       4.14e-05
 9.45
  -10.5080   -8.0630   -7.9480   -7.8060   -7.6530   -6.4070   -6.0530
       3.81e-06       9.13e-06       1.48e-05       2.06e-05       2.60e-05       3.26e-05       3.65e-05
  9.5
   -8.0760   -8.0220   -7.8930   -7.7510   -7.6010   -6.4010
       3.24e-06       8.16e-06       1.31e-05       1.78e-05       2.23e-05       2.78e-05
 9.55
   -8.1200   -7.9610   -7.8210   -7.6640   -7.4920   -6.2370
       2.98e-06       7.52e-06       1.21e-05       1.66e-05       2.09e-05       2.60e-05
 9.65
   -8.9630   -7.9150   -7.7990   -7.6480   -7.4540   -6.1770   -5.6890
       1.72e-06       4.69e-06       8.25e-06       1.23e-05       1.66e-05       2.19e-05       2.51e-05
  9.7
   -9.3900   -8.6270   -8.0150   -8.0140   -8.0100   -7.9850   -7.8460   -7.6980   -7.5640   -7.0330   -6.2640
       6.88e-07       1.05e-06       1.25e-06       1.47e-06       3.19e-06       3.40e-06       6.39e-06       9.55e-06       1.38e-05       1.39e-05       2.02e-05
 9.75
   -8.7950   -8.6860   -8.4230   -8.3960   -8.3320   -8.1120   -7.8630   -7.6290   -7.4760   -7.2990   -6.2660
       1.10e-06       1.67e-06       2.02e-06       2.34e-06       5.07e-06       9.81e-06       1.48e-05       1.99e-05       2.02e-05       2.04e-05       2.67e-05
  9.8
   -8.9080   -8.8440   -8.8350   -8.6400   -8.3820   -8.0340   -7.8490   -7.7090   -7.6900   -7.5720   -6.2700
       7.99e-07       2.34e-06       2.83e-06       6.63e-06       1.33e-05       2.03e-05       2.08e-05       2.12e-05       2.73e-05       2.75e-05       3.38e-05
  9.9
   -8.4480   -8.3920   -8.2060   -7.8380   -7.7110   -7.3280   -6.5000   -5.7460
       1.15e-06       3.16e-06       8.28e-06       9.36e-06       1.55e-05       2.05e-05       2.75e-05       3.19e-05
 9.95
   -8.3370   -8.2920   -8.1200   -7.7120   -7.6090   -7.2070   -6.3590   -5.7320
       1.03e-06       2.83e-06       7.42e-06       8.38e-06       1.38e-05       1.83e-05       2.39e-05       2.71e-05
 10.0
   -8.1490   -8.1450   -8.0860   -7.6020   -7.5950   -6.9580   -6.3430   -6.0290
       1.05e-06       2.19e-06       5.81e-06       1.19e-05       1.28e-05       1.70e-05       1.95e-05       2.25e-05
10.05
   -8.0350   -8.0170   -7.9670   -7.5860   -7.4410   -6.9830   -6.3850   -6.0070
       1.05e-06       4.36e-06       5.31e-06       1.09e-05       1.17e-05       1.56e-05       1.82e-05       2.16e-05
10.15
   -7.7060   -7.4890   -7.3390   -7.1330   -6.5690   -6.3350   -5.8880
       2.26e-06       6.68e-06       8.00e-06       9.23e-06       1.31e-05       1.61e-05       2.04e-05
