 8.05
   -9.7150   -9.6800   -9.6420   -9.6040   -9.5740   -9.5730   -9.3990   -9.3510   -9.3510   -9.3490   -9.3490   -9.3470   -9.3470   -9.3440   -9.3420   -9.3410   -9.3370   -9.3350   -9.3310   -9.3300   -9.3300   -9.3260   -9.3210   -9.3160   -9.3120   -9.3100   -9.3040   -9.2980   -9.2920   -9.2850   -9.2780   -9.2750   -9.2720   -9.2660   -9.2590   -9.2540   -9.2490   -9.2420   -9.2370   -9.2310   -9.2260   -9.2210   -9.2180   -9.2170   -9.2130   -9.2120   -9.2090   -9.2090   -9.2060   -9.2050   -9.2040   -9.2030   -9.2020   -9.2010   -9.2000   -9.2000   -9.2000   -9.1970   -8.9760   -8.9190   -8.8770   -8.8510   -8.8340   -8.8230   -8.8130   -8.7180   -8.7050   -8.6180   -8.5240   -8.4470   -8.4340   -8.2730   -8.2140   -8.0570   -8.0120   -7.7780   -7.6050
       4.32e-08       8.63e-08       1.30e-07       1.73e-07       2.17e-07       2.61e-07       3.33e-07       4.07e-07       4.07e-07       4.81e-07       4.81e-07       5.55e-07       5.55e-07       5.93e-07       6.30e-07       6.67e-07       7.04e-07       7.42e-07       7.80e-07       8.88e-07       8.88e-07       9.27e-07       9.65e-07       1.00e-06       1.06e-06       1.10e-06       1.13e-06       1.17e-06       1.21e-06       1.25e-06       1.29e-06       1.40e-06       1.44e-06       1.48e-06       1.52e-06       1.56e-06       1.60e-06       1.64e-06       1.68e-06       1.72e-06       1.76e-06       1.80e-06       1.84e-06       1.88e-06       1.92e-06       1.96e-06       2.05e-06       2.05e-06       2.09e-06       2.13e-06       2.17e-06       2.21e-06       2.25e-06       2.29e-06       2.42e-06       2.42e-06       2.42e-06       2.46e-06       2.57e-06       2.61e-06       2.64e-06       2.68e-06       2.70e-06       2.78e-06       2.83e-06       2.92e-06       3.00e-06       3.05e-06       3.09e-06       3.16e-06       3.21e-06       3.25e-06       3.31e-06       3.35e-06       3.39e-06       3.43e-06       3.45e-06
  8.1
   -9.5060   -9.5050   -9.5050   -9.5030   -9.5000   -9.4980   -9.4980   -9.4950   -9.4950   -9.4920   -9.4860   -9.4770   -9.4740   -9.4730   -9.4670   -9.4580   -9.4470   -9.4350   -9.4230   -9.4110   -9.4000   -9.3880   -9.3750   -9.3630   -9.3500   -9.3370   -9.3250   -9.3130   -9.3010   -9.2890   -9.2770   -9.2660   -9.2550   -9.2440   -9.2330   -9.2230   -9.2130   -9.2030   -9.1930   -9.1830   -9.1750   -9.1670   -9.1580   -9.1490   -9.1420   -9.1350   -9.1280   -9.1220   -9.1170   -9.1120   -9.0740   -9.0730   -9.0660   -9.0590   -9.0550   -9.0540   -9.0540   -9.0520   -9.0510   -9.0510   -8.9960   -8.9330   -8.9070   -8.8750   -8.8390   -8.7930   -8.7680   -8.7560   -8.7500   -8.6110   -8.5990   -8.4660   -8.2660   -7.9540   -7.9200   -7.5840   -7.5790
       4.27e-08       1.28e-07       1.28e-07       1.71e-07       2.55e-07       3.62e-07       3.62e-07       5.50e-07       5.50e-07       5.93e-07       6.37e-07       6.80e-07       7.63e-07       8.04e-07       8.48e-07       8.92e-07       9.36e-07       9.80e-07       1.02e-06       1.07e-06       1.11e-06       1.16e-06       1.20e-06       1.25e-06       1.29e-06       1.34e-06       1.38e-06       1.43e-06       1.48e-06       1.52e-06       1.57e-06       1.61e-06       1.66e-06       1.71e-06       1.75e-06       1.80e-06       1.85e-06       1.89e-06       1.94e-06       1.99e-06       2.04e-06       2.08e-06       2.13e-06       2.18e-06       2.23e-06       2.27e-06       2.32e-06       2.37e-06       2.42e-06       2.47e-06       2.52e-06       2.57e-06       2.62e-06       2.67e-06       2.72e-06       2.82e-06       2.82e-06       2.87e-06       2.97e-06       2.97e-06       3.02e-06       3.25e-06       3.30e-06       3.35e-06       3.40e-06       3.44e-06       3.56e-06       3.59e-06       3.65e-06       3.82e-06       4.05e-06       4.10e-06       4.24e-06       4.29e-06       4.40e-06       4.48e-06       4.51e-06
 8.15
   -9.5470   -9.5050   -9.4880   -9.4830   -9.4820   -9.4740   -9.4690   -9.4690   -9.4600   -9.4500   -9.4430   -9.4340   -9.4240   -9.4220   -9.4080   -9.4030   -9.3900   -9.3800   -9.3580   -9.3350   -9.3140   -9.2910   -9.2710   -9.2500   -9.2300   -9.2110   -9.1930   -9.1750   -9.1570   -9.1400   -9.1240   -9.1150   -9.1080   -9.1010   -9.0920   -9.0850   -9.0780   -9.0710   -9.0490   -9.0460   -9.0400   -9.0320   -9.0250   -9.0160   -9.0090   -9.0080   -9.0030   -9.0020   -9.0000   -8.9980   -8.9970   -8.9970   -8.9270   -8.9240   -8.5770   -8.5400   -8.4430   -8.0340   -7.9700   -7.6070   -7.5700
       6.79e-08       1.36e-07       2.56e-07       3.75e-07       4.94e-07       6.14e-07       8.01e-07       8.01e-07       9.22e-07       1.04e-06       1.16e-06       1.25e-06       1.37e-06       1.49e-06       1.65e-06       1.77e-06       1.89e-06       2.01e-06       2.13e-06       2.26e-06       2.38e-06       2.50e-06       2.63e-06       2.75e-06       2.88e-06       3.01e-06       3.13e-06       3.26e-06       3.39e-06       3.51e-06       3.61e-06       3.67e-06       3.74e-06       3.80e-06       3.87e-06       3.93e-06       4.00e-06       4.06e-06       4.13e-06       4.20e-06       4.26e-06       4.33e-06       4.40e-06       4.46e-06       4.53e-06       4.59e-06       4.66e-06       4.73e-06       4.79e-06       4.86e-06       4.99e-06       4.99e-06       5.06e-06       5.55e-06       5.94e-06       6.02e-06       6.38e-06       6.60e-06       6.67e-06       6.85e-06       6.99e-06
  8.2
   -9.5410   -9.5100   -9.4750   -9.4350   -9.3880   -9.3470   -9.3450   -9.3430   -9.3420   -9.3390   -9.3310   -9.3300   -9.3210   -9.3180   -9.3140   -9.3100   -9.3010   -9.2930   -9.2840   -9.2810   -9.2660   -9.2500   -9.2370   -9.2360   -9.2240   -9.2130   -9.1990   -9.1890   -9.1770   -9.1650   -9.1540   -9.1450   -9.1330   -9.1220   -9.1100   -9.1000   -9.0930   -9.0880   -9.0840   -9.0770   -9.0710   -9.0670   -9.0610   -9.0520   -9.0340   -9.0300   -9.0290   -9.0260   -9.0260   -9.0230   -9.0220   -9.0210   -9.0210   -8.9260   -8.7040   -8.5690   -8.4570   -8.2190   -8.0900   -7.8560   -7.6540
       1.08e-07       2.16e-07       3.25e-07       4.35e-07       5.45e-07       7.37e-07       9.29e-07       1.12e-06       1.31e-06       1.42e-06       1.62e-06       1.81e-06       2.00e-06       2.14e-06       2.33e-06       2.53e-06       2.77e-06       2.97e-06       3.08e-06       3.28e-06       3.48e-06       3.67e-06       3.87e-06       3.99e-06       4.19e-06       4.39e-06       4.59e-06       4.79e-06       5.00e-06       5.20e-06       5.40e-06       5.61e-06       5.81e-06       6.02e-06       6.23e-06       6.38e-06       6.49e-06       6.59e-06       6.70e-06       6.80e-06       6.91e-06       7.01e-06       7.12e-06       7.22e-06       7.33e-06       7.44e-06       7.54e-06       7.76e-06       7.76e-06       7.86e-06       7.97e-06       8.18e-06       8.18e-06       8.91e-06       9.03e-06       9.56e-06       1.01e-05       1.05e-05       1.06e-05       1.09e-05       1.10e-05
 8.25
   -9.4980   -9.4550   -9.2680   -9.1710   -9.1610   -9.1540   -9.1470   -9.1240   -9.1140   -9.1130   -9.1010   -9.0850   -9.0650   -9.0500   -9.0100   -8.8700   -8.8640   -8.5680   -8.2350   -7.9280
       5.05e-07       9.09e-07       1.74e-06       2.47e-06       2.92e-06       3.08e-06       3.39e-06       4.16e-06       4.91e-06       5.68e-06       6.46e-06       7.24e-06       8.03e-06       8.83e-06       9.45e-06       1.01e-05       1.09e-05       1.15e-05       1.19e-05       1.22e-05
  8.3
   -9.4880   -9.4050   -9.3290   -9.2490   -9.1690   -9.0670   -9.0260   -8.9950   -8.9850   -8.9780   -8.9370   -8.9250   -8.8470   -8.8100   -8.5750   -8.4960   -8.4160   -8.2740   -8.2560   -7.9460
       5.54e-07       1.11e-06       1.68e-06       2.04e-06       2.32e-06       2.67e-06       2.84e-06       3.39e-06       3.74e-06       4.28e-06       4.83e-06       5.35e-06       6.20e-06       6.74e-06       7.41e-06       7.90e-06       8.51e-06       9.19e-06       9.61e-06       9.90e-06
 8.35
   -9.3140   -9.2360   -9.1480   -9.0740   -9.0050   -8.8910   -8.8420   -8.8290   -8.7500   -8.5840   -8.5070   -8.2760   -8.2310   -8.2130   -8.1350   -8.1180   -8.0240   -7.9640   -7.9340   -7.8870
       2.24e-07       4.50e-07       6.77e-07       9.07e-07       1.05e-06       1.17e-06       1.39e-06       2.31e-06       2.54e-06       3.27e-06       3.49e-06       3.94e-06       4.68e-06       5.05e-06       5.25e-06       5.44e-06       5.64e-06       5.96e-06       6.26e-06       6.47e-06
  8.4
   -9.3350   -9.2660   -9.1790   -9.0700   -9.0440   -9.0090   -8.7760   -8.7240   -8.7220   -8.7040   -8.6890   -8.6820   -8.6060   -8.5190   -8.4320   -8.4270   -8.4050   -8.3770   -8.3490   -8.3200   -8.2930   -8.2160   -8.1550   -8.1440   -7.6820   -7.5290
       8.42e-07       1.81e-06       2.98e-06       4.02e-06       4.35e-06       4.94e-06       5.63e-06       6.01e-06       6.49e-06       7.18e-06       8.08e-06       8.86e-06       9.54e-06       9.73e-06       9.86e-06       1.05e-05       1.07e-05       1.08e-05       1.09e-05       1.11e-05       1.12e-05       1.13e-05       1.15e-05       1.22e-05       1.23e-05       1.25e-05
 8.45
   -9.2670   -9.2130   -9.1530   -9.1230   -9.1190   -9.1080   -9.1070   -9.0930   -9.0790   -9.0670   -9.0440   -9.0380   -9.0220   -8.9660   -8.8650   -8.7560   -8.7140   -8.6930   -8.6370   -8.6070   -8.5110   -8.3970   -8.2060   -7.9400   -7.8750   -7.6880
       1.66e-06       3.58e-06       5.88e-06       6.14e-06       6.40e-06       6.66e-06       7.04e-06       7.30e-06       9.35e-06       9.62e-06       1.03e-05       1.14e-05       1.17e-05       1.20e-05       1.22e-05       1.40e-05       1.55e-05       1.63e-05       1.69e-05       1.77e-05       1.85e-05       1.92e-05       2.00e-05       2.08e-05       2.10e-05       2.13e-05
  8.5
   -9.2340   -9.1980   -9.1630   -9.1260   -9.0890   -9.0660   -9.0530   -9.0450   -9.0340   -9.0190   -8.9960   -8.9660   -8.9210   -8.8500   -8.7490   -8.7430   -8.7000   -8.6650   -8.5600   -8.4390   -8.3220   -8.1880   -8.0280   -7.9860   -7.8460   -7.7360
       2.88e-06       5.57e-06       8.66e-06       1.24e-05       1.57e-05       1.76e-05       1.86e-05       1.92e-05       1.97e-05       2.01e-05       2.05e-05       2.09e-05       2.13e-05       2.18e-05       2.22e-05       2.47e-05       2.51e-05       2.64e-05       2.72e-05       2.80e-05       2.89e-05       2.97e-05       3.01e-05       3.09e-05       3.14e-05       3.23e-05
 8.55
   -9.0210   -8.9750   -8.9370   -8.9030   -8.8750   -8.8280   -8.6650   -8.6250   -8.3710   -8.3420   -8.3110   -8.2830   -8.2360   -8.2090   -8.1820   -8.1430   -8.0900   -7.9940   -7.8600   -7.6960   -7.5570   -7.4610   -7.3520
       3.92e-06       7.65e-06       1.12e-05       1.44e-05       1.74e-05       2.00e-05       2.09e-05       2.23e-05       2.45e-05       2.50e-05       2.54e-05       2.60e-05       2.66e-05       2.71e-05       2.78e-05       2.86e-05       2.96e-05       3.10e-05       3.25e-05       3.37e-05       3.44e-05       3.48e-05       3.56e-05
  8.6
   -8.8470   -8.7470   -8.7140   -8.6830   -8.6510   -8.6030   -8.4480   -8.1740   -8.1420   -8.1140   -8.0890   -8.0380   -8.0150   -7.9980   -7.9680   -7.9230   -7.8810   -7.8330   -7.7240   -7.5910   -7.4630   -7.3610   -7.2320
       3.33e-06       6.50e-06       9.48e-06       1.23e-05       1.48e-05       1.70e-05       1.82e-05       2.03e-05       2.10e-05       2.18e-05       2.28e-05       2.39e-05       2.49e-05       2.61e-05       2.75e-05       2.94e-05       3.02e-05       3.26e-05       3.54e-05       3.75e-05       3.87e-05       3.94e-05       4.07e-05
 8.65
   -8.6480   -8.5760   -8.5500   -8.4620   -8.4290   -8.3760   -8.2700   -7.9690   -7.9430   -7.9200   -7.8940   -7.8400   -7.8220   -7.8150   -7.7930   -7.7550   -7.6710   -7.5940   -7.4850   -7.4670   -7.3620   -7.2610   -7.1100
       2.26e-06       4.67e-06       7.20e-06       9.30e-06       1.13e-05       1.29e-05       1.38e-05       1.57e-05       1.69e-05       1.80e-05       1.96e-05       2.13e-05       2.28e-05       2.46e-05       2.68e-05       2.97e-05       3.35e-05       3.76e-05       4.09e-05       4.15e-05       4.33e-05       4.45e-05       4.65e-05
  8.7
   -8.3540   -8.3140   -8.1700   -8.0990   -7.7790   -7.7350   -7.7000   -7.6620   -7.6380   -7.6370   -7.6250   -7.5990   -7.5560   -7.5110   -7.4570   -7.4110   -7.3480   -7.2290   -6.9870
       2.50e-06       4.98e-06       6.74e-06       7.67e-06       1.03e-05       1.27e-05       1.46e-05       1.66e-05       1.88e-05       2.12e-05       2.38e-05       2.65e-05       2.92e-05       3.34e-05       3.76e-05       4.04e-05       4.32e-05       4.59e-05       4.91e-05
 8.75
   -8.2430   -8.2150   -8.0620   -7.9370   -7.6660   -7.6100   -7.5820   -7.5570   -7.5390   -7.5340   -7.5180   -7.4900   -7.4490   -7.4030   -7.3110   -7.2360   -7.1430   -6.9800   -6.7120
       2.67e-06       5.32e-06       7.21e-06       8.19e-06       1.09e-05       1.35e-05       1.54e-05       1.74e-05       1.98e-05       2.23e-05       2.50e-05       2.77e-05       3.06e-05       3.49e-05       3.92e-05       4.21e-05       4.50e-05       4.78e-05       5.11e-05
  8.8
   -8.1420   -8.1210   -7.9540   -7.7740   -7.5540   -7.4850   -7.4630   -7.4520   -7.4400   -7.4310   -7.4120   -7.3820   -7.3420   -7.2940   -7.1660   -7.0680   -6.9360   -6.7170   -6.4420
       2.84e-06       5.67e-06       7.67e-06       8.72e-06       1.16e-05       1.42e-05       1.62e-05       1.83e-05       2.06e-05       2.32e-05       2.60e-05       2.88e-05       3.17e-05       3.62e-05       4.06e-05       4.36e-05       4.65e-05       4.95e-05       5.29e-05
 8.85
   -8.0300   -7.9000   -7.4510   -7.3640   -7.3480   -7.3180   -7.2690   -7.1990   -7.0920   -6.9540   -6.7350   -6.3710
       3.57e-06       7.02e-06       1.09e-05       1.50e-05       1.91e-05       2.32e-05       2.74e-05       3.15e-05       3.56e-05       3.97e-05       4.38e-05       4.85e-05
  8.9
   -8.0280   -7.9400   -7.3930   -7.3130   -7.2730   -7.2170   -7.1440   -7.0480   -6.9160   -6.7590   -6.5200   -6.1920
       3.61e-06       7.34e-06       1.12e-05       1.53e-05       1.94e-05       2.35e-05       2.75e-05       3.16e-05       3.57e-05       3.98e-05       4.38e-05       4.85e-05
 8.95
   -7.9050   -7.8510   -7.8440   -7.2610   -7.1960   -7.1170   -7.0190   -6.8970   -6.7450   -6.5630   -6.3040   -6.0120
       3.76e-06       7.65e-06       1.16e-05       1.55e-05       1.95e-05       2.35e-05       2.74e-05       3.14e-05       3.54e-05       3.94e-05       4.32e-05       4.78e-05
  9.0
   -7.7820   -7.7590   -7.5760   -7.1720   -7.0700   -6.9480   -6.8090   -6.6430   -6.4520   -6.1910   -5.8790   -5.5940
       4.03e-06       8.16e-06       1.09e-05       1.52e-05       1.97e-05       2.42e-05       2.87e-05       3.32e-05       3.77e-05       4.22e-05       4.65e-05       5.14e-05
 9.05
   -7.6890   -7.5510   -7.3500   -7.0930   -6.9620   -6.8040   -6.6200   -6.4140   -6.1540   -5.8330   -5.5070   -5.2180
       5.15e-06       9.25e-06       1.11e-05       1.61e-05       2.09e-05       2.58e-05       3.07e-05       3.56e-05       4.05e-05       4.53e-05       4.98e-05       5.49e-05
  9.1
   -7.7850   -7.6730   -7.5540   -7.5540   -7.5040   -7.4370   -7.3510   -7.2400   -7.1050   -6.3080   -6.0010
       4.89e-06       1.05e-05       1.89e-05       1.89e-05       2.49e-05       3.10e-05       3.72e-05       4.34e-05       4.96e-05       5.55e-05       6.47e-05
 9.15
   -7.7930   -7.6360   -7.5750   -7.5250   -7.4270   -7.2960   -7.1260   -6.2180   -5.8760   -5.4310
       5.30e-06       1.20e-05       1.46e-05       2.17e-05       2.92e-05       3.66e-05       4.39e-05       5.06e-05       5.82e-05       6.26e-05
  9.2
   -7.8100   -7.6280   -7.5550   -7.5310   -7.4210   -7.2770   -6.5610   -6.2460   -5.8410
       3.64e-06       7.93e-06       9.94e-06       1.46e-05       1.96e-05       2.45e-05       2.90e-05       3.42e-05       3.73e-05
 9.25
   -7.6510   -7.5210   -7.4990   -7.4860   -7.3870   -7.2440   -6.5260   -6.2380
       4.87e-06       7.31e-06       1.19e-05       1.27e-05       1.69e-05       2.09e-05       2.47e-05       2.91e-05
  9.3
   -7.6680   -7.6290   -7.5190   -7.4820   -7.3620   -7.2110   -6.4870   -6.1810
       6.51e-07       4.43e-06       6.33e-06       1.02e-05       1.42e-05       1.80e-05       2.16e-05       2.58e-05
 9.35
   -7.5820   -7.4610   -7.4440   -7.3150   -7.1560   -6.3240   -6.0190
       3.48e-06       5.81e-06       9.39e-06       1.30e-05       1.65e-05       1.98e-05       2.37e-05
  9.4
   -7.5260   -7.4300   -7.4040   -7.2420   -6.4850   -6.0930   -5.6510
       3.13e-06       5.38e-06       8.93e-06       1.28e-05       1.65e-05       2.08e-05       2.34e-05
 9.45
   -7.4810   -7.4050   -7.3660   -7.2210   -7.0600   -6.2430   -5.8950
       3.10e-06       5.33e-06       8.62e-06       1.20e-05       1.52e-05       1.90e-05       2.13e-05
  9.5
   -7.4890   -7.4380   -7.3100   -7.1650   -7.0080   -6.2340
       1.95e-06       4.90e-06       7.84e-06       1.07e-05       1.34e-05       1.67e-05
 9.55
   -7.4670   -7.3770   -7.2380   -7.0770   -6.8990   -6.0720
       1.84e-06       4.64e-06       7.47e-06       1.02e-05       1.29e-05       1.61e-05
 9.65
   -7.4190   -7.3580   -7.2160   -7.0660   -6.8620   -6.0120   -5.5300
       1.12e-06       3.05e-06       5.36e-06       7.99e-06       1.08e-05       1.42e-05       1.63e-05
  9.7
   -7.4480   -7.4480   -7.4460   -7.4250   -7.4030   -7.3810   -7.2620   -7.1150   -6.9790   -6.8620   -6.0940
       1.39e-06       1.39e-06       1.85e-06       1.98e-06       2.11e-06       2.26e-06       4.26e-06       6.37e-06       9.21e-06       9.29e-06       1.34e-05
 9.75
   -7.8070   -7.7830   -7.7720   -7.7370   -7.6790   -7.5290   -7.2980   -7.2790   -7.1350   -7.0380   -6.0990
       2.21e-07       4.59e-07       8.47e-07       1.60e-06       3.46e-06       6.70e-06       6.91e-06       1.03e-05       1.05e-05       1.40e-05       1.82e-05
  9.8
   -8.1870   -8.1680   -8.1170   -8.0290   -7.7960   -7.6740   -7.5430   -7.4430   -7.4100   -7.0960   -6.1050
       3.42e-07       9.01e-07       1.98e-06       4.64e-06       9.28e-06       9.61e-06       9.91e-06       1.48e-05       1.50e-05       1.92e-05       2.37e-05
  9.9
   -7.8620   -7.8350   -7.6960   -7.6550   -7.2320   -6.8840   -6.3270   -5.5850
       8.47e-07       2.32e-06       6.07e-06       6.87e-06       1.13e-05       1.50e-05       2.02e-05       2.34e-05
 9.95
   -7.7610   -7.7340   -7.5930   -7.5380   -7.1150   -6.7500   -6.1850   -5.5680
       7.74e-07       2.12e-06       5.56e-06       6.28e-06       1.04e-05       1.38e-05       1.79e-05       2.03e-05
 10.0
   -7.6530   -7.6300   -7.5680   -7.4240   -7.1080   -6.5240   -6.1670   -5.8600
       8.06e-07       1.68e-06       4.45e-06       5.20e-06       9.83e-06       1.30e-05       1.49e-05       1.72e-05
10.05
   -7.5610   -7.5470   -7.5220   -7.2760   -7.1020   -6.5550   -6.2110   -5.8400
       8.21e-07       1.57e-06       4.16e-06       4.85e-06       9.19e-06       1.22e-05       1.42e-05       1.69e-05
10.15
   -7.2750   -7.1680   -7.0490   -6.9720   -6.3960   -6.1650   -5.7240
       1.85e-06       2.93e-06       6.54e-06       7.54e-06       1.07e-05       1.32e-05       1.67e-05
