  5.5
    7.5540    8.2930    8.6260    9.0310    9.3150    9.6970   10.3020
       1.78e-01       3.48e-01       4.72e-01       5.85e-01       6.72e-01       7.72e-01       8.28e-01
 5.55
    7.5540    8.2930    8.6260    9.0310    9.3150    9.6970   10.3020
       1.78e-01       3.48e-01       4.72e-01       5.85e-01       6.72e-01       7.72e-01       8.28e-01
  5.6
    7.5540    8.2930    8.6260    9.0310    9.3150    9.6970   10.3020
       1.78e-01       3.48e-01       4.72e-01       5.85e-01       6.72e-01       7.72e-01       8.28e-01
 5.65
    7.5540    8.2930    8.6260    9.0310    9.3150    9.6970   10.3020
       1.78e-01       3.48e-01       4.72e-01       5.85e-01       6.72e-01       7.72e-01       8.28e-01
  5.7
    7.5540    8.2930    8.6260    9.0310    9.3150    9.6970   10.3020
       1.78e-01       3.48e-01       4.72e-01       5.85e-01       6.72e-01       7.72e-01       8.28e-01
 5.75
    7.5540    8.2930    8.6260    9.0310    9.3150    9.6970   10.3020
       1.78e-01       3.48e-01       4.72e-01       5.85e-01       6.72e-01       7.72e-01       8.28e-01
  5.8
    7.5540    8.2930    8.6260    9.0310    9.3150    9.6970   10.3020
       1.78e-01       3.48e-01       4.72e-01       5.85e-01       6.72e-01       7.72e-01       8.28e-01
 5.85
    7.5540    8.2930    8.6260    9.0310    9.3150    9.6970   10.3020
       1.78e-01       3.48e-01       4.72e-01       5.85e-01       6.72e-01       7.72e-01       8.28e-01
  5.9
    7.5540    8.2930    8.6260    9.0310    9.3150    9.6970   10.3020
       1.78e-01       3.48e-01       4.72e-01       5.85e-01       6.72e-01       7.72e-01       8.28e-01
 5.95
    7.5540    8.2930    8.6260    9.0310    9.3150    9.6970   10.3020
       1.78e-01       3.48e-01       4.72e-01       5.85e-01       6.72e-01       7.72e-01       8.28e-01
  6.0
    7.5540    8.2930    8.6260    9.0310    9.3150    9.6970   10.3020
       1.78e-01       3.48e-01       4.72e-01       5.85e-01       6.72e-01       7.72e-01       8.28e-01
 6.05
    7.5540    8.2930    8.6260    9.0310    9.3150    9.6970   10.3020
       1.78e-01       3.48e-01       4.72e-01       5.85e-01       6.72e-01       7.72e-01       8.28e-01
  6.1
    7.5540    8.2930    8.6260    9.0310    9.3150    9.6970   10.3020
       1.78e-01       3.48e-01       4.72e-01       5.85e-01       6.72e-01       7.72e-01       8.28e-01
 6.15
    7.5540    8.2930    8.6260    9.0310    9.3150    9.6970   10.3020
       1.78e-01       3.48e-01       4.72e-01       5.85e-01       6.72e-01       7.72e-01       8.28e-01
  6.2
    7.5540    8.2930    8.6260    9.0310    9.3150    9.6970   10.3020
       1.78e-01       3.48e-01       4.72e-01       5.85e-01       6.72e-01       7.72e-01       8.28e-01
 6.25
    7.5540    8.2930    8.6260    9.0310    9.3150    9.6970   10.3020
       1.78e-01       3.48e-01       4.72e-01       5.85e-01       6.72e-01       7.72e-01       8.28e-01
  6.3
    7.5540    8.2930    8.6260    9.0310    9.3150    9.6970   10.3020
       1.78e-01       3.48e-01       4.72e-01       5.85e-01       6.72e-01       7.72e-01       8.28e-01
 6.35
    7.5540    8.2930    8.6260    9.0310    9.3150    9.6970   10.3020
       1.78e-01       3.48e-01       4.72e-01       5.85e-01       6.72e-01       7.72e-01       8.28e-01
  6.4
    7.5540    8.2930    8.6260    9.0310    9.3150    9.6970   10.3020
       1.78e-01       3.48e-01       4.72e-01       5.85e-01       6.72e-01       7.72e-01       8.28e-01
 6.45
    7.5540    8.2930    8.6260    9.0310    9.3150    9.6970   10.3020
       1.78e-01       3.48e-01       4.72e-01       5.85e-01       6.72e-01       7.72e-01       8.28e-01
  6.5
    7.5540    8.2930    8.6260    9.0310    9.3150    9.6970   10.3020
       1.78e-01       3.48e-01       4.72e-01       5.85e-01       6.72e-01       7.72e-01       8.28e-01
 6.55
    7.5540    8.2930    8.6260    9.0310    9.3150    9.6970   10.3020
       1.78e-01       3.48e-01       4.72e-01       5.85e-01       6.72e-01       7.72e-01       8.28e-01
  6.6
    7.5540    8.2930    8.6260    9.0310    9.3150    9.6970   10.3020
       1.78e-01       3.48e-01       4.72e-01       5.85e-01       6.72e-01       7.72e-01       8.28e-01
 6.65
    7.5540    8.2930    8.6260    9.0310    9.3150    9.6970   10.3020
       1.78e-01       3.48e-01       4.72e-01       5.85e-01       6.72e-01       7.72e-01       8.28e-01
  6.7
    7.5540    8.2930    8.6260    9.0310    9.3150    9.6970   10.3020
       1.78e-01       3.48e-01       4.72e-01       5.85e-01       6.72e-01       7.72e-01       8.28e-01
 6.75
    7.5540    8.2930    8.6260    9.0310    9.3150    9.6970   10.3020
       1.78e-01       3.48e-01       4.72e-01       5.85e-01       6.72e-01       7.72e-01       8.28e-01
  6.8
    7.5540    8.2930    8.6260    9.0310    9.3150    9.6970   10.3020
       1.78e-01       3.48e-01       4.72e-01       5.85e-01       6.72e-01       7.72e-01       8.28e-01
 6.85
    7.5540    8.2930    8.6260    9.0310    9.3150    9.6970   10.3020
       1.78e-01       3.48e-01       4.72e-01       5.85e-01       6.72e-01       7.72e-01       8.28e-01
  6.9
    7.5540    8.2930    8.6260    9.0310    9.3150    9.6970   10.3020
       1.78e-01       3.48e-01       4.72e-01       5.85e-01       6.72e-01       7.72e-01       8.28e-01
 6.95
    7.5540    8.2930    8.6260    9.0310    9.3150    9.6970   10.3020
       1.78e-01       3.48e-01       4.72e-01       5.85e-01       6.72e-01       7.72e-01       8.28e-01
  7.0
    7.5540    8.2930    8.6260    9.0310    9.3150    9.6970   10.3020
       1.78e-01       3.48e-01       4.72e-01       5.85e-01       6.72e-01       7.72e-01       8.28e-01
 7.05
    7.5540    8.2930    8.6260    9.0310    9.3150    9.6970   10.3020
       1.78e-01       3.48e-01       4.72e-01       5.85e-01       6.72e-01       7.72e-01       8.28e-01
  7.1
    7.5540    8.2930    8.6260    9.0310    9.3150    9.6970   10.3020
       1.78e-01       3.48e-01       4.72e-01       5.85e-01       6.72e-01       7.72e-01       8.28e-01
 7.15
    7.5540    8.2930    8.6260    9.0310    9.3150    9.6970   10.3020
       1.78e-01       3.48e-01       4.72e-01       5.85e-01       6.72e-01       7.72e-01       8.28e-01
  7.2
    7.5540    8.2930    8.6260    9.0310    9.3150    9.6970   10.3020
       1.78e-01       3.48e-01       4.72e-01       5.85e-01       6.72e-01       7.72e-01       8.28e-01
 7.25
    7.5540    8.2930    8.6260    9.0310    9.3150    9.6970   10.3020
       1.78e-01       3.48e-01       4.72e-01       5.85e-01       6.72e-01       7.72e-01       8.28e-01
  7.3
    7.5540    8.2930    8.6260    9.0310    9.3150    9.6970   10.3020
       1.78e-01       3.48e-01       4.72e-01       5.85e-01       6.72e-01       7.72e-01       8.28e-01
 7.35
    7.5540    8.2930    8.6260    9.0310    9.3150    9.6970   10.3020
       1.78e-01       3.48e-01       4.72e-01       5.85e-01       6.72e-01       7.72e-01       8.28e-01
  7.4
    7.5540    8.2930    8.6260    9.0310    9.3150    9.6970   10.3020
       1.78e-01       3.48e-01       4.72e-01       5.85e-01       6.72e-01       7.72e-01       8.28e-01
 7.45
    7.5540    8.2930    8.6260    9.0310    9.3150    9.6970   10.3020
       1.78e-01       3.48e-01       4.72e-01       5.85e-01       6.72e-01       7.72e-01       8.28e-01
  7.5
    7.5540    8.2930    8.6260    9.0310    9.3150    9.6970   10.3020
       1.78e-01       3.48e-01       4.72e-01       5.85e-01       6.72e-01       7.72e-01       8.28e-01
  7.6
    7.5540    8.2930    8.6260    9.0310    9.3150    9.6970   10.3020
       1.78e-01       3.48e-01       4.72e-01       5.85e-01       6.72e-01       7.72e-01       8.28e-01
 7.65
    7.5540    8.2930    8.6260    9.0310    9.3150    9.6970   10.3020
       1.78e-01       3.48e-01       4.72e-01       5.85e-01       6.72e-01       7.72e-01       8.28e-01
  7.7
    7.5540    8.2930    8.6260    9.0310    9.3150    9.6970   10.3020
       1.78e-01       3.48e-01       4.72e-01       5.85e-01       6.72e-01       7.72e-01       8.28e-01
 7.75
    7.5530    8.2930    8.6260    9.0310    9.3150    9.6970   10.3020
       1.78e-01       3.48e-01       4.72e-01       5.85e-01       6.72e-01       7.72e-01       8.28e-01
 7.85
    7.5530    8.2930    8.6260    9.0310    9.3150    9.6970   10.3020
       1.78e-01       3.48e-01       4.72e-01       5.85e-01       6.72e-01       7.72e-01       8.28e-01
  7.9
    7.5530    8.2930    8.6260    9.0310    9.3150    9.6970   10.3020
       1.78e-01       3.48e-01       4.72e-01       5.85e-01       6.72e-01       7.72e-01       8.28e-01
 7.95
    7.5530    8.2930    8.6260    9.0310    9.3150    9.6970   10.3020
       1.78e-01       3.48e-01       4.72e-01       5.85e-01       6.72e-01       7.72e-01       8.28e-01
  8.0
    7.5530    8.2930    8.6260    9.0310    9.3150    9.6970   10.3020
       1.78e-01       3.48e-01       4.72e-01       5.85e-01       6.72e-01       7.72e-01       8.28e-01
 8.05
  -12.8100  -12.7190  -12.6080  -12.5750  -12.5680  -12.5580  -12.5480  -12.5370  -12.5250  -12.5130  -12.5000  -12.4860  -12.4720  -12.4570  -12.4430  -12.4290  -12.4140  -12.3990  -12.3850  -12.3700  -12.3540  -12.3390  -12.3240  -12.3070  -12.2920  -12.2760  -12.2610  -12.2460  -12.2300  -12.2140  -12.1990  -12.1830  -12.1670  -12.1510  -12.1460  -12.1350  -12.1180  -12.1010  -12.0830  -12.0650  -12.0610  -12.0470  -12.0270  -12.0210  -12.0060  -12.0040  -11.9950  -11.9870  -11.9850  -11.9610  -11.9540  -11.9500  -11.9360  -11.9080  -11.8790  -11.8630  -11.8270  -11.8260  -11.7920  -11.7810  -11.7690  -11.7550  -11.7370  -11.7180  -11.7070  -11.6940  -11.6560  -11.4710  -10.3480  -10.0400   -9.7560    7.5530    8.2930    8.6260    9.0310    9.3150    9.6970   10.3020
       6.44e-08       1.29e-07       1.78e-07       2.10e-07       2.43e-07       2.76e-07       3.09e-07       3.42e-07       3.76e-07       4.09e-07       4.43e-07       4.76e-07       5.10e-07       5.44e-07       5.78e-07       6.12e-07       6.46e-07       6.81e-07       7.15e-07       7.49e-07       7.84e-07       8.19e-07       8.54e-07       8.89e-07       9.24e-07       9.59e-07       9.94e-07       1.03e-06       1.07e-06       1.10e-06       1.14e-06       1.17e-06       1.21e-06       1.24e-06       1.28e-06       1.32e-06       1.36e-06       1.39e-06       1.43e-06       1.47e-06       1.51e-06       1.54e-06       1.58e-06       1.61e-06       1.65e-06       1.67e-06       1.72e-06       1.75e-06       1.79e-06       1.82e-06       1.86e-06       1.93e-06       1.96e-06       2.00e-06       2.04e-06       2.08e-06       2.16e-06       2.19e-06       2.23e-06       2.27e-06       2.31e-06       2.35e-06       2.39e-06       2.43e-06       2.47e-06       2.50e-06       2.54e-06       2.58e-06       2.68e-06       2.78e-06       2.86e-06       1.78e-01       3.48e-01       4.72e-01       5.85e-01       6.72e-01       7.72e-01       8.28e-01
  8.1
  -12.9180  -12.8950  -12.8440  -12.8080  -12.7710  -12.7320  -12.7160  -12.7060  -12.6960  -12.6850  -12.6730  -12.6590  -12.6450  -12.6310  -12.6170  -12.6010  -12.5850  -12.5690  -12.5530  -12.5370  -12.5200  -12.5040  -12.4870  -12.4700  -12.4540  -12.4370  -12.4200  -12.4030  -12.3860  -12.3690  -12.3530  -12.3360  -12.3190  -12.3040  -12.2870  -12.2710  -12.2550  -12.2380  -12.2220  -12.2050  -12.1870  -12.1700  -12.1540  -12.1370  -12.1190  -12.1010  -12.0830  -12.0640  -12.0620  -12.0480  -12.0440  -12.0250  -12.0240  -11.9980  -11.9680  -11.9350  -11.9190  -11.9080  -11.8990  -11.8980  -11.8560  -11.8380  -11.8110  -11.7950  -11.7870  -11.7720  -11.7670  -11.7590  -11.7490  -11.7410  -10.0000   -9.6630    7.5530    8.2930    8.6260    9.0310    9.3150    9.6970   10.3020
       3.34e-08       1.02e-07       1.87e-07       2.56e-07       3.25e-07       3.77e-07       4.12e-07       4.48e-07       4.83e-07       5.18e-07       5.54e-07       5.89e-07       6.25e-07       6.61e-07       6.97e-07       7.33e-07       7.70e-07       8.06e-07       8.42e-07       8.79e-07       9.16e-07       9.52e-07       9.90e-07       1.03e-06       1.06e-06       1.10e-06       1.14e-06       1.18e-06       1.21e-06       1.25e-06       1.29e-06       1.33e-06       1.37e-06       1.40e-06       1.44e-06       1.48e-06       1.52e-06       1.56e-06       1.60e-06       1.64e-06       1.67e-06       1.71e-06       1.75e-06       1.79e-06       1.83e-06       1.87e-06       1.91e-06       1.95e-06       1.99e-06       2.03e-06       2.07e-06       2.11e-06       2.15e-06       2.19e-06       2.23e-06       2.28e-06       2.37e-06       2.40e-06       2.43e-06       2.47e-06       2.52e-06       2.70e-06       2.74e-06       2.79e-06       2.83e-06       2.87e-06       2.91e-06       2.96e-06       3.00e-06       3.04e-06       3.23e-06       3.37e-06       1.78e-01       3.48e-01       4.72e-01       5.85e-01       6.72e-01       7.72e-01       8.28e-01
 8.15
  -12.8060  -12.7990  -12.7250  -12.7050  -12.6910  -12.6780  -12.6620  -12.6450  -12.6230  -12.5990  -12.5750  -12.5460  -12.5180  -12.4890  -12.4600  -12.4300  -12.4000  -12.3710  -12.3410  -12.3120  -12.2840  -12.2540  -12.2260  -12.1980  -12.1690  -12.1410  -12.1120  -12.0840  -12.0700  -12.0550  -12.0410  -12.0260  -12.0110  -11.9970  -11.9920  -11.9810  -11.9790  -11.9740  -11.9550  -11.9340  -11.9110  -11.8850  -11.8550  -11.8230  -11.7930  -11.7850  -11.7500  -11.7430  -11.6990  -11.6510  -11.6260  -11.6090  -11.5890  -11.5630  -11.5170   -9.9960   -9.4940    7.5530    8.2930    8.6260    9.0310    9.3150    9.6970   10.3020
       1.23e-07       1.90e-07       2.79e-07       3.69e-07       4.59e-07       5.49e-07       6.40e-07       7.31e-07       8.23e-07       9.15e-07       1.01e-06       1.10e-06       1.19e-06       1.29e-06       1.38e-06       1.47e-06       1.57e-06       1.66e-06       1.76e-06       1.86e-06       1.95e-06       2.05e-06       2.14e-06       2.24e-06       2.34e-06       2.43e-06       2.53e-06       2.61e-06       2.66e-06       2.70e-06       2.75e-06       2.80e-06       2.85e-06       2.90e-06       2.95e-06       3.00e-06       3.05e-06       3.10e-06       3.15e-06       3.20e-06       3.25e-06       3.30e-06       3.35e-06       3.40e-06       3.46e-06       3.51e-06       3.81e-06       3.86e-06       3.91e-06       3.97e-06       4.02e-06       4.07e-06       4.12e-06       4.17e-06       4.23e-06       4.60e-06       4.88e-06       1.78e-01       3.48e-01       4.72e-01       5.85e-01       6.72e-01       7.72e-01       8.28e-01
  8.2
  -12.5910  -12.5790  -12.5380  -12.5150  -12.4940  -12.4680  -12.4440  -12.4180  -12.3900  -12.3630  -12.3360  -12.3080  -12.2810  -12.2530  -12.2250  -12.1980  -12.1710  -12.1470  -12.1200  -12.0960  -12.0710  -12.0450  -12.0200  -12.0130  -11.9960  -11.9690  -11.9440  -11.9180  -11.8900  -11.8770  -11.8630  -11.8500  -11.8340  -11.8200  -11.8050  -11.7890  -11.7780  -11.7720  -11.7540  -11.7360  -11.7160  -11.6940  -11.6700  -11.6440  -11.6200  -11.6100  -11.6000  -11.5900  -11.5870  -11.5780  -11.5640  -11.5470  -11.5420  -11.5410  -11.5180  -11.4060  -10.0020   -9.6340   -8.9670    7.5530    8.2930    8.6260    9.0310    9.3150    9.6970   10.3020
       1.74e-07       2.77e-07       4.13e-07       5.50e-07       6.88e-07       8.26e-07       9.65e-07       1.10e-06       1.24e-06       1.38e-06       1.53e-06       1.67e-06       1.81e-06       1.95e-06       2.10e-06       2.24e-06       2.39e-06       2.53e-06       2.68e-06       2.82e-06       2.97e-06       3.12e-06       3.26e-06       3.34e-06       3.49e-06       3.64e-06       3.79e-06       3.94e-06       4.05e-06       4.12e-06       4.20e-06       4.27e-06       4.35e-06       4.42e-06       4.50e-06       4.58e-06       4.65e-06       4.73e-06       4.81e-06       4.88e-06       4.96e-06       5.03e-06       5.11e-06       5.19e-06       5.27e-06       5.34e-06       5.42e-06       5.50e-06       5.92e-06       6.00e-06       6.08e-06       6.16e-06       6.24e-06       6.32e-06       6.40e-06       6.48e-06       7.01e-06       7.40e-06       7.64e-06       1.78e-01       3.48e-01       4.72e-01       5.85e-01       6.72e-01       7.72e-01       8.28e-01
 8.25
  -12.4840  -12.4420  -12.4090  -12.3020  -12.1780  -12.0540  -11.9540  -11.8660  -11.7810  -11.6910  -11.6280  -11.5760  -11.5460  -11.4980  -11.4110  -10.1060   -9.9430   -9.6370   -9.2870    7.5530    8.2930    8.6260    9.0310    9.3150    9.6970   10.3020
       2.16e-07       3.25e-07       6.30e-07       1.14e-06       1.65e-06       2.18e-06       2.71e-06       3.24e-06       3.78e-06       4.32e-06       4.87e-06       5.22e-06       5.49e-06       5.96e-06       6.53e-06       6.96e-06       7.49e-06       7.92e-06       8.18e-06       1.78e-01       3.48e-01       4.72e-01       5.85e-01       6.72e-01       7.72e-01       8.28e-01
  8.3
  -12.3840  -12.3130  -12.2450  -12.1210  -11.9610  -11.7940  -11.6810  -11.5910  -11.5560  -11.5470  -11.5110  -11.5090  -11.4770  -11.4470  -11.4000  -11.3870   -9.9320   -9.6480   -9.3150    7.5530    8.2930    8.6260    9.0310    9.3150    9.6970   10.3020
       2.27e-07       3.42e-07       5.70e-07       9.14e-07       1.27e-06       1.62e-06       1.99e-06       2.35e-06       2.71e-06       3.03e-06       3.40e-06       3.81e-06       4.18e-06       4.41e-06       4.60e-06       5.05e-06       5.61e-06       6.06e-06       6.34e-06       1.78e-01       3.48e-01       4.72e-01       5.85e-01       6.72e-01       7.72e-01       8.28e-01
 8.35
  -11.8240  -11.7430  -11.5980  -11.5320  -11.4360  -11.4240  -11.3930  -11.3900  -11.3810  -11.3570  -11.3110  -11.3110  -11.2270  -11.1220  -11.0120  -10.8610   -9.9240   -9.6590   -9.3410   -8.7140    7.5520    8.2930    8.6260    9.0310    9.3150    9.6970   10.3020
       1.93e-07       3.32e-07       4.58e-07       5.99e-07       7.40e-07       8.83e-07       1.03e-06       1.12e-06       1.27e-06       1.41e-06       1.96e-06       1.96e-06       2.20e-06       2.32e-06       2.44e-06       2.58e-06       3.17e-06       3.63e-06       3.92e-06       4.12e-06       1.78e-01       3.48e-01       4.72e-01       5.85e-01       6.72e-01       7.72e-01       8.28e-01
  8.4
  -11.8150  -11.7200  -11.4970  -11.4300  -11.4250  -11.4250  -11.4170  -11.4090  -11.4090  -11.4090  -11.4040  -11.4010  -11.4010  -11.3930  -11.3790  -11.3620  -11.2750  -11.2380  -10.2210  -10.0860   -9.9940   -9.7000   -9.5050   -9.2130    7.5520    8.2920    8.6260    9.0310    9.3150    9.6970   10.3020
       2.39e-07       7.19e-07       1.28e-06       1.64e-06       2.37e-06       2.37e-06       2.46e-06       3.67e-06       3.67e-06       3.67e-06       3.75e-06       4.56e-06       4.56e-06       4.64e-06       4.72e-06       4.80e-06       4.92e-06       5.13e-06       5.42e-06       5.85e-06       6.27e-06       6.69e-06       7.11e-06       7.56e-06       1.78e-01       3.48e-01       4.72e-01       5.85e-01       6.72e-01       7.72e-01       8.28e-01
 8.45
  -11.5950  -11.5660  -11.5120  -11.4830  -11.4740  -11.4410  -11.3990  -11.3930  -11.3920  -11.3680  -11.2960  -11.2860  -11.2770  -11.2640  -11.2490  -11.2280  -11.1990  -11.1580  -11.1480  -10.9290   -9.9060   -9.7980   -9.7380   -9.6880   -9.2870   -9.0100    7.5520    8.2920    8.6260    9.0310    9.3150    9.6970   10.3020
       4.61e-07       6.23e-07       1.55e-06       2.25e-06       3.49e-06       4.88e-06       6.04e-06       6.43e-06       7.44e-06       8.52e-06       8.75e-06       8.91e-06       9.06e-06       9.22e-06       9.38e-06       9.54e-06       9.70e-06       9.86e-06       1.00e-05       1.02e-05       1.06e-05       1.11e-05       1.15e-05       1.20e-05       1.24e-05       1.29e-05       1.78e-01       3.48e-01       4.72e-01       5.85e-01       6.72e-01       7.72e-01       8.28e-01
  8.5
  -11.5330  -11.5280  -11.5210  -11.5210  -11.5140  -11.5080  -11.4960  -11.4810  -11.4770  -11.4610  -11.4450  -11.4340  -11.4250  -11.4060  -11.3780  -11.3720  -11.3690  -11.3560  -11.3410  -11.2320   -9.6570   -9.5410   -9.4960   -9.4510   -9.3650   -8.8070   -8.0220    7.5520    8.2920    8.6260    9.0310    9.3150    9.6970   10.3020
       1.11e-06       1.73e-06       4.07e-06       4.07e-06       4.32e-06       4.57e-06       4.82e-06       5.07e-06       7.28e-06       7.53e-06       7.80e-06       8.05e-06       9.89e-06       1.02e-05       1.04e-05       1.20e-05       1.27e-05       1.45e-05       1.59e-05       1.62e-05       1.67e-05       1.72e-05       1.77e-05       1.82e-05       1.86e-05       1.92e-05       2.10e-05       1.78e-01       3.48e-01       4.72e-01       5.85e-01       6.72e-01       7.72e-01       8.28e-01
 8.55
  -11.3310  -11.3090  -11.2740  -11.2720  -11.2220  -11.1630  -11.1410  -10.9090   -9.3920   -9.3560   -9.3350   -9.3180   -9.2970   -9.2860   -9.2800   -9.2730   -9.2600   -9.2310   -9.1760   -9.0820   -9.0010   -8.9440   -8.4140    7.5510    8.2920    8.6260    9.0310    9.3150    9.6970   10.3020
       1.48e-06       3.25e-06       4.09e-06       6.00e-06       8.05e-06       1.02e-05       1.25e-05       1.31e-05       1.44e-05       1.46e-05       1.49e-05       1.52e-05       1.56e-05       1.59e-05       1.63e-05       1.67e-05       1.74e-05       1.82e-05       1.91e-05       1.98e-05       2.01e-05       2.04e-05       2.08e-05       1.78e-01       3.48e-01       4.72e-01       5.85e-01       6.72e-01       7.72e-01       8.28e-01
  8.6
  -11.1030  -11.0860  -11.0540  -11.0080  -10.9590  -10.9310  -10.8600   -9.6020   -9.1360   -9.1080   -9.0930   -9.0830   -9.0590   -9.0540   -9.0530   -9.0530   -9.0470   -9.0250   -8.9820   -8.9190   -8.8570   -8.8090   -8.7520    7.5510    8.2920    8.6260    9.0310    9.3150    9.6970   10.3020
       1.24e-06       1.95e-06       3.44e-06       5.05e-06       6.77e-06       8.61e-06       9.07e-06       1.10e-05       1.22e-05       1.26e-05       1.31e-05       1.37e-05       1.43e-05       1.50e-05       1.64e-05       1.64e-05       1.75e-05       1.89e-05       2.05e-05       2.17e-05       2.24e-05       2.28e-05       2.36e-05       1.78e-01       3.48e-01       4.72e-01       5.85e-01       6.72e-01       7.72e-01       8.28e-01
 8.65
  -10.8980  -10.8730  -10.7950  -10.7410   -9.8630   -9.7940   -9.2010   -8.9710   -8.8660   -8.8590   -8.8550   -8.8480   -8.8330   -8.8330   -8.8280   -8.8260   -8.8220   -8.8180   -8.7890   -8.7570   -8.7120   -8.6740   -8.6220    7.5510    8.2910    8.6260    9.0310    9.3150    9.6970   10.3020
       5.32e-07       1.47e-06       2.59e-06       3.80e-06       4.15e-06       5.45e-06       6.84e-06       8.29e-06       9.36e-06       1.00e-05       1.07e-05       1.16e-05       1.45e-05       1.45e-05       1.56e-05       1.65e-05       1.74e-05       1.96e-05       2.20e-05       2.39e-05       2.49e-05       2.56e-05       2.67e-05       1.78e-01       3.48e-01       4.72e-01       5.85e-01       6.72e-01       7.72e-01       8.28e-01
  8.7
  -10.7060  -10.6220   -9.0640   -8.7000   -8.6480   -8.6290   -8.6260   -8.6250   -8.6240   -8.6190   -8.6180   -8.6100   -8.6090   -8.6020   -8.6010   -8.5990   -8.5910   -8.5610   -8.4920    7.5500    8.2910    8.6260    9.0310    9.3150    9.6970   10.3020
       5.30e-07       1.54e-06       2.96e-06       4.38e-06       5.88e-06       7.27e-06       8.80e-06       9.89e-06       1.15e-05       1.29e-05       1.53e-05       1.67e-05       1.78e-05       2.02e-05       2.15e-05       2.31e-05       2.47e-05       2.63e-05       2.81e-05       1.78e-01       3.48e-01       4.72e-01       5.85e-01       6.72e-01       7.72e-01       8.28e-01
 8.75
  -10.5720  -10.5610   -8.8460   -8.5860   -8.5340   -8.5170   -8.5150   -8.5130   -8.5120   -8.5090   -8.5090   -8.5050   -8.5010   -8.4970   -8.4880   -8.4740   -8.4510   -8.4050    7.5500    8.2910    8.6260    9.0310    9.3150    9.6970   10.3020
       1.07e-06       1.63e-06       3.16e-06       4.67e-06       6.24e-06       7.82e-06       9.43e-06       1.09e-05       1.24e-05       1.60e-05       1.60e-05       1.74e-05       1.86e-05       1.99e-05       2.23e-05       2.40e-05       2.56e-05       2.73e-05       1.78e-01       3.48e-01       4.72e-01       5.85e-01       6.72e-01       7.72e-01       8.28e-01
  8.8
  -10.5160  -10.4170   -8.6730   -8.4810   -8.4250   -8.4070   -8.4060   -8.4040   -8.4010   -8.4000   -8.3970   -8.3940   -8.3930   -8.3930   -8.3740   -8.3500   -8.3110   -8.2460    7.5500    8.2910    8.6260    9.0310    9.3150    9.6970   10.3020
       1.14e-06       1.74e-06       3.36e-06       4.97e-06       6.61e-06       8.23e-06       9.88e-06       1.14e-05       1.40e-05       1.54e-05       1.69e-05       1.83e-05       2.06e-05       2.06e-05       2.31e-05       2.48e-05       2.65e-05       2.82e-05       1.78e-01       3.48e-01       4.72e-01       5.85e-01       6.72e-01       7.72e-01       8.28e-01
 8.85
  -10.3530   -8.4060   -8.3250   -8.3000   -8.2990   -8.2940   -8.2930   -8.2870   -8.2720   -8.2370   -8.1700    7.5490    8.2900    8.6260    9.0310    9.3150    9.6970   10.3020
       1.97e-06       4.01e-06       6.20e-06       8.56e-06       1.09e-05       1.33e-05       1.56e-05       1.80e-05       2.03e-05       2.27e-05       2.50e-05       1.78e-01       3.48e-01       4.72e-01       5.85e-01       6.72e-01       7.72e-01       8.28e-01
  8.9
   -9.8430   -8.3210   -8.2540   -8.2170   -8.2160   -8.2110   -8.2010   -8.1810   -8.1440   -8.0900   -8.0050    7.5480    8.2900    8.6260    9.0310    9.3150    9.6970   10.3020
       2.07e-06       4.20e-06       6.44e-06       8.76e-06       1.11e-05       1.34e-05       1.58e-05       1.81e-05       2.05e-05       2.28e-05       2.51e-05       1.78e-01       3.48e-01       4.72e-01       5.85e-01       6.72e-01       7.72e-01       8.28e-01
 8.95
   -8.7430   -8.2370   -8.1830   -8.1470   -8.1370   -8.1230   -8.1030   -8.0680   -8.0160   -7.9420   -7.8410    7.5480    8.2890    8.6260    9.0310    9.3150    9.6970   10.3020
       2.16e-06       4.40e-06       6.66e-06       8.94e-06       1.12e-05       1.35e-05       1.58e-05       1.81e-05       2.04e-05       2.27e-05       2.49e-05       1.78e-01       3.48e-01       4.72e-01       5.85e-01       6.72e-01       7.72e-01       8.28e-01
  9.0
  -10.2450   -8.2410   -8.1140   -8.0530   -8.0310   -8.0030   -7.9630   -7.9050   -7.8270   -7.7220    7.5470    8.2890    8.6260    9.0310    9.3150    9.6970   10.3020
       1.58e-06       3.92e-06       6.31e-06       8.81e-06       1.14e-05       1.40e-05       1.66e-05       1.93e-05       2.19e-05       2.45e-05       1.78e-01       3.48e-01       4.72e-01       5.85e-01       6.72e-01       7.72e-01       8.28e-01
 9.05
  -10.0810  -10.0230   -8.0620   -7.9720   -7.9380   -7.8930   -7.8310   -7.7460   -7.6330    7.5460    8.2880    8.6260    9.0310    9.3150    9.6970   10.3020
       2.39e-06       3.50e-06       6.51e-06       9.43e-06       1.22e-05       1.51e-05       1.79e-05       2.08e-05       2.37e-05       1.78e-01       3.48e-01       4.72e-01       5.85e-01       6.72e-01       7.72e-01       8.28e-01
  9.1
  -10.0800   -8.4950   -7.9620   -7.8650   -7.8160   -7.7510   -7.6660   -7.5580   -7.4220    7.5450    8.2880    8.6260    9.0310    9.3150    9.6970   10.3020
       1.51e-06       4.40e-06       7.69e-06       1.11e-05       1.47e-05       1.83e-05       2.20e-05       2.56e-05       2.93e-05       1.78e-01       3.48e-01       4.72e-01       5.85e-01       6.72e-01       7.72e-01       8.28e-01
 9.15
  -10.1010   -8.7390   -7.9340   -7.8370   -7.7410   -7.6120   -7.4420    7.5440    8.2870    8.6260    9.0310    9.3150    9.6970   10.3020
       1.57e-06       4.73e-06       8.72e-06       1.30e-05       1.74e-05       2.18e-05       2.62e-05       1.78e-01       3.48e-01       4.72e-01       5.85e-01       6.72e-01       7.72e-01       8.28e-01
  9.2
  -10.0830   -8.5150   -7.9310   -7.8430   -7.7350   -7.5940   -6.5700    7.5430    8.2860    8.6260    9.0310    9.3150    9.6970   10.3020
       1.21e-06       3.41e-06       6.00e-06       8.83e-06       1.18e-05       1.48e-05       1.75e-05       1.78e-01       3.48e-01       4.72e-01       5.85e-01       6.72e-01       7.72e-01       8.28e-01
 9.25
  -10.0520   -9.9400   -7.9470   -7.8120   -7.7010   -7.5620    7.5420    8.2860    8.6260    9.0310    9.3150    9.6970   10.3020
       1.50e-06       2.00e-06       4.98e-06       7.78e-06       1.03e-05       1.28e-05       1.78e-01       3.48e-01       4.72e-01       5.85e-01       6.72e-01       7.72e-01       8.28e-01
  9.3
  -10.0500   -8.5720   -7.9250   -7.7950   -7.6760   -7.5280   -6.4940    7.5400    8.2850    8.6260    9.0310    9.3150    9.6970   10.3020
       1.18e-06       1.59e-06       3.93e-06       6.36e-06       8.80e-06       1.12e-05       1.34e-05       1.78e-01       3.48e-01       4.72e-01       5.85e-01       6.72e-01       7.72e-01       8.28e-01
 9.35
   -9.9710   -7.8820   -7.7570   -7.6300   -7.4730    7.5390    8.2840    8.6260    9.0310    9.3150    9.6970   10.3020
       1.47e-06       3.66e-06       5.92e-06       8.20e-06       1.04e-05       1.78e-01       3.48e-01       4.72e-01       5.85e-01       6.72e-01       7.72e-01       8.28e-01
  9.4
   -9.8800   -7.8330   -7.7170   -7.5590    7.5370    8.2830    8.6260    9.0310    9.3150    9.6970   10.3020
       1.44e-06       3.45e-06       5.72e-06       8.20e-06       1.78e-01       3.48e-01       4.72e-01       5.85e-01       6.72e-01       7.72e-01       8.28e-01
 9.45
   -9.8590   -7.7920   -7.6790   -7.5370   -7.3760    7.5350    8.2810    8.6260    9.0310    9.3150    9.6970   10.3020
       1.45e-06       3.47e-06       5.62e-06       7.82e-06       9.90e-06       1.78e-01       3.48e-01       4.72e-01       5.85e-01       6.72e-01       7.72e-01       8.28e-01
  9.5
   -7.8050   -7.7490   -7.6230   -7.4820   -7.3250    7.5320    8.2800    8.6260    9.0310    9.3150    9.6970   10.3020
       1.29e-06       3.25e-06       5.20e-06       7.10e-06       8.90e-06       1.78e-01       3.48e-01       4.72e-01       5.85e-01       6.72e-01       7.72e-01       8.28e-01
 9.55
   -7.8540   -7.6880   -7.5520   -7.3940   -7.2150    7.5300    8.2780    8.6260    9.0310    9.3150    9.6970   10.3020
       1.24e-06       3.14e-06       5.05e-06       6.93e-06       8.71e-06       1.78e-01       3.48e-01       4.72e-01       5.85e-01       6.72e-01       7.72e-01       8.28e-01
 9.65
   -8.7050   -7.6730   -7.5280   -7.3810   -7.1790    7.5230    8.2740    8.6260    9.0310    9.3150    9.6970   10.3020
       7.85e-07       2.14e-06       3.77e-06       5.62e-06       7.60e-06       1.78e-01       3.48e-01       4.72e-01       5.85e-01       6.72e-01       7.72e-01       8.28e-01
  9.7
   -9.0580   -8.4120   -7.9060   -7.7480   -7.7430   -7.7190   -7.5730   -7.4290   -7.2950    7.5200    8.2720    8.6260    9.0310    9.3150    9.6970   10.3020
       3.29e-07       5.04e-07       1.33e-06       1.44e-06       1.53e-06       1.63e-06       3.06e-06       4.57e-06       6.61e-06       1.78e-01       3.48e-01       4.72e-01       5.85e-01       6.72e-01       7.72e-01       8.28e-01
 9.75
   -8.5180   -8.4160   -8.1570   -8.1260   -8.0650   -7.8430   -7.5950   -7.3550   -7.3060    7.5150    8.2700    8.6260    9.0310    9.3150    9.6970   10.3020
       5.51e-07       8.35e-07       1.01e-06       1.17e-06       2.53e-06       4.90e-06       7.41e-06       9.97e-06       1.01e-05       1.78e-01       3.48e-01       4.72e-01       5.85e-01       6.72e-01       7.72e-01       8.28e-01
  9.8
   -8.6440   -8.5780   -8.5720   -8.3740   -8.1130   -7.7610   -7.4130    7.5110    8.2670    8.6260    9.0310    9.3150    9.6970   10.3020
       4.00e-07       1.17e-06       1.41e-06       3.31e-06       6.63e-06       1.01e-05       1.32e-05       1.78e-01       3.48e-01       4.72e-01       5.85e-01       6.72e-01       7.72e-01       8.28e-01
  9.9
   -8.1510   -8.1300   -7.9810   -7.4880   -7.1070    7.5000    8.2600    8.6260    9.0310    9.3150    9.6970   10.3020
       5.77e-07       1.58e-06       4.14e-06       7.19e-06       9.70e-06       1.78e-01       3.48e-01       4.72e-01       5.85e-01       6.72e-01       7.72e-01       8.28e-01
 9.95
   -8.0600   -8.0410   -7.8950   -7.3850   -6.9850    7.4930    8.2560    8.6260    9.0310    9.3150    9.6970   10.3020
       5.16e-07       1.41e-06       3.71e-06       6.44e-06       8.69e-06       1.78e-01       3.48e-01       4.72e-01       5.85e-01       6.72e-01       7.72e-01       8.28e-01
 10.0
   -7.9180   -7.9180   -7.8610   -7.3780   -6.7380   -6.1670    7.4860    8.2510    8.6260    9.0310    9.3150    9.6970   10.3020
       1.10e-06       1.10e-06       2.90e-06       5.93e-06       8.01e-06       9.26e-06       1.78e-01       3.48e-01       4.72e-01       5.85e-01       6.72e-01       7.72e-01       8.28e-01
10.05
   -7.8120   -7.7930   -7.7480   -7.3630   -6.7640    7.4780    8.2460    8.6260    9.0310    9.3150    9.6970   10.3020
       5.24e-07       2.18e-06       2.66e-06       5.43e-06       7.34e-06       1.78e-01       3.48e-01       4.72e-01       5.85e-01       6.72e-01       7.72e-01       8.28e-01
10.15
   -7.4860   -7.2690    7.4580    8.2340    8.6260    9.0310    9.3150    9.6970   10.3020
       1.13e-06       3.34e-06       1.78e-01       3.48e-01       4.72e-01       5.85e-01       6.72e-01       7.72e-01       8.28e-01
