 8.05
  -12.8140  -12.7250  -12.6180  -12.5890  -12.5830  -12.5750  -12.5660  -12.5560  -12.5450  -12.5340  -12.5220  -12.5090  -12.4970  -12.4830  -12.4700  -12.4560  -12.4420  -12.4290  -12.4150  -12.4010  -12.3870  -12.3720  -12.3580  -12.3420  -12.3280  -12.3130  -12.2990  -12.2850  -12.2700  -12.2550  -12.2410  -12.2260  -12.2120  -12.1970  -12.1820  -12.1670  -12.1500  -12.1440  -12.1340  -12.1180  -12.1010  -12.0830  -12.0650  -12.0650  -12.0460  -12.0390  -12.0250  -12.0210  -12.0130  -12.0050  -12.0030  -11.9780  -11.9690  -11.9660  -11.9530  -11.9370  -11.9060  -11.8770  -11.8670  -11.8560  -11.8460  -11.8420  -11.8270  -11.8080  -11.7850  -11.7710  -11.7450  -11.4540  -11.2680  -10.3430  -10.0350   -9.7510   -9.1880   -8.9590   -8.8710   -8.7590   -8.4340
       6.15e-07       1.23e-06       1.70e-06       2.01e-06       2.32e-06       2.64e-06       2.95e-06       3.27e-06       3.59e-06       3.91e-06       4.23e-06       4.55e-06       4.87e-06       5.19e-06       5.52e-06       5.84e-06       6.17e-06       6.50e-06       6.83e-06       7.16e-06       7.49e-06       7.82e-06       8.15e-06       8.49e-06       8.82e-06       9.16e-06       9.49e-06       9.83e-06       1.02e-05       1.05e-05       1.09e-05       1.12e-05       1.15e-05       1.19e-05       1.22e-05       1.26e-05       1.29e-05       1.33e-05       1.36e-05       1.40e-05       1.43e-05       1.47e-05       1.54e-05       1.54e-05       1.58e-05       1.61e-05       1.64e-05       1.66e-05       1.71e-05       1.74e-05       1.78e-05       1.81e-05       1.87e-05       1.91e-05       1.95e-05       1.98e-05       2.02e-05       2.05e-05       2.09e-05       2.13e-05       2.21e-05       2.24e-05       2.28e-05       2.32e-05       2.35e-05       2.39e-05       2.43e-05       2.47e-05       2.51e-05       2.60e-05       2.69e-05       2.77e-05       2.83e-05       2.87e-05       2.91e-05       2.94e-05       2.96e-05
  8.1
  -12.9210  -12.8990  -12.8510  -12.8170  -12.7810  -12.7450  -12.7310  -12.7230  -12.7130  -12.7030  -12.6910  -12.6790  -12.6660  -12.6520  -12.6380  -12.6230  -12.6080  -12.5920  -12.5770  -12.5610  -12.5450  -12.5290  -12.5130  -12.4960  -12.4810  -12.4640  -12.4470  -12.4310  -12.4150  -12.3990  -12.3830  -12.3670  -12.3510  -12.3360  -12.3200  -12.3040  -12.2890  -12.2730  -12.2570  -12.2410  -12.2250  -12.2080  -12.1930  -12.1770  -12.1600  -12.1430  -12.1270  -12.1090  -12.0910  -12.0890  -12.0730  -12.0680  -12.0650  -12.0430  -12.0170  -11.9870  -11.9540  -11.9370  -11.9270  -11.9180  -11.9170  -11.8780  -11.8550  -11.8400  -11.8400  -11.8330  -11.8240  -11.8160  -11.8140  -11.8090  -11.1760   -9.9940   -9.6570   -9.0080   -8.6670   -8.4050   -8.3250
       3.05e-07       9.26e-07       1.71e-06       2.33e-06       2.97e-06       3.44e-06       3.76e-06       4.08e-06       4.40e-06       4.73e-06       5.05e-06       5.38e-06       5.70e-06       6.03e-06       6.36e-06       6.69e-06       7.02e-06       7.35e-06       7.68e-06       8.02e-06       8.35e-06       8.69e-06       9.03e-06       9.36e-06       9.70e-06       1.00e-05       1.04e-05       1.07e-05       1.11e-05       1.14e-05       1.18e-05       1.21e-05       1.25e-05       1.28e-05       1.32e-05       1.35e-05       1.39e-05       1.42e-05       1.46e-05       1.49e-05       1.53e-05       1.56e-05       1.60e-05       1.63e-05       1.67e-05       1.71e-05       1.74e-05       1.78e-05       1.81e-05       1.85e-05       1.89e-05       1.92e-05       1.96e-05       2.00e-05       2.04e-05       2.07e-05       2.11e-05       2.20e-05       2.23e-05       2.27e-05       2.29e-05       2.33e-05       2.50e-05       2.58e-05       2.58e-05       2.62e-05       2.66e-05       2.70e-05       2.74e-05       2.77e-05       2.81e-05       2.98e-05       3.11e-05       3.22e-05       3.30e-05       3.32e-05       3.38e-05
 8.15
  -12.8110  -12.8060  -12.7330  -12.7160  -12.7040  -12.6940  -12.6810  -12.6650  -12.6450  -12.6230  -12.5990  -12.5720  -12.5450  -12.5170  -12.4880  -12.4590  -12.4300  -12.4020  -12.3740  -12.3460  -12.3180  -12.2900  -12.2620  -12.2360  -12.2080  -12.1820  -12.1540  -12.1270  -12.1140  -12.1000  -12.0860  -12.0720  -12.0580  -12.0450  -12.0340  -12.0300  -12.0260  -12.0180  -12.0000  -11.9810  -11.9600  -11.9370  -11.9110  -11.8820  -11.8490  -11.8140  -11.8130  -11.7760  -11.7680  -11.7340  -11.7120  -11.6960  -11.6770  -11.6520  -11.6030  -11.1870   -9.9910   -9.4890   -8.7770   -8.3860   -8.3530
       1.07e-06       1.65e-06       2.43e-06       3.21e-06       4.00e-06       4.78e-06       5.57e-06       6.37e-06       7.17e-06       7.97e-06       8.77e-06       9.58e-06       1.04e-05       1.12e-05       1.20e-05       1.28e-05       1.37e-05       1.45e-05       1.53e-05       1.62e-05       1.70e-05       1.78e-05       1.87e-05       1.95e-05       2.04e-05       2.12e-05       2.21e-05       2.27e-05       2.31e-05       2.36e-05       2.40e-05       2.44e-05       2.48e-05       2.53e-05       2.57e-05       2.62e-05       2.66e-05       2.70e-05       2.75e-05       2.79e-05       2.83e-05       2.88e-05       2.92e-05       2.97e-05       3.01e-05       3.05e-05       3.10e-05       3.15e-05       3.41e-05       3.45e-05       3.50e-05       3.54e-05       3.59e-05       3.64e-05       3.68e-05       3.73e-05       4.05e-05       4.30e-05       4.45e-05       4.54e-05       4.66e-05
  8.2
  -12.6010  -12.5910  -12.5540  -12.5340  -12.5160  -12.4930  -12.4710  -12.4480  -12.4210  -12.3960  -12.3710  -12.3440  -12.3180  -12.2920  -12.2650  -12.2400  -12.2150  -12.1920  -12.1670  -12.1440  -12.1210  -12.0960  -12.0730  -12.0510  -12.0250  -12.0050  -12.0010  -11.9780  -11.9520  -11.9400  -11.9260  -11.9150  -11.9000  -11.8870  -11.8730  -11.8580  -11.8480  -11.8400  -11.8240  -11.8070  -11.7890  -11.7700  -11.7490  -11.7260  -11.7050  -11.6960  -11.6870  -11.6780  -11.6670  -11.6550  -11.6410  -11.6400  -11.6370  -11.6170  -11.6060  -11.4820   -9.9960   -9.6290   -8.9620   -8.7230   -8.5990
       1.45e-06       2.30e-06       3.44e-06       4.58e-06       5.72e-06       6.87e-06       8.02e-06       9.18e-06       1.03e-05       1.15e-05       1.27e-05       1.39e-05       1.51e-05       1.62e-05       1.74e-05       1.86e-05       1.98e-05       2.10e-05       2.23e-05       2.35e-05       2.47e-05       2.59e-05       2.71e-05       2.84e-05       2.96e-05       3.03e-05       3.15e-05       3.27e-05       3.37e-05       3.43e-05       3.49e-05       3.55e-05       3.62e-05       3.68e-05       3.74e-05       3.81e-05       3.87e-05       3.93e-05       4.00e-05       4.06e-05       4.12e-05       4.19e-05       4.25e-05       4.32e-05       4.38e-05       4.45e-05       4.51e-05       4.58e-05       4.64e-05       4.71e-05       4.77e-05       4.84e-05       4.91e-05       4.97e-05       5.32e-05       5.39e-05       5.83e-05       6.15e-05       6.36e-05       6.46e-05       6.62e-05
 8.25
  -12.4930  -12.4540  -12.4240  -12.3280  -12.2110  -12.1000  -12.0100  -11.9310  -11.8530  -11.7720  -11.7140  -11.6640  -11.6350  -11.5810  -11.5020  -10.1010   -9.9380   -9.6320   -9.2820   -8.6690
       1.71e-06       2.58e-06       5.00e-06       9.02e-06       1.31e-05       1.73e-05       2.15e-05       2.58e-05       3.00e-05       3.43e-05       3.87e-05       4.14e-05       4.36e-05       4.74e-05       5.19e-05       5.53e-05       5.95e-05       6.29e-05       6.50e-05       6.64e-05
  8.3
  -12.3950  -12.3260  -12.2610  -12.1430  -11.9890  -11.8500  -11.7540  -11.6760  -11.6440  -11.6000  -11.5870  -11.5700  -11.5460  -11.5430  -11.4970  -11.4070   -9.9260   -9.6430   -9.3090   -8.6840
       1.72e-06       2.60e-06       4.32e-06       6.93e-06       9.61e-06       1.23e-05       1.51e-05       1.78e-05       2.06e-05       2.34e-05       2.58e-05       2.86e-05       3.17e-05       3.35e-05       3.49e-05       3.83e-05       4.26e-05       4.60e-05       4.81e-05       4.95e-05
 8.35
  -11.8180  -11.7660  -11.6070  -11.5980  -11.5220  -11.5130  -11.4950  -11.4850  -11.4820  -11.4530  -11.4180  -11.3320  -11.2480  -11.1430  -11.0330  -10.8830   -9.9190   -9.6540   -9.3350   -8.7100
       1.40e-06       2.40e-06       3.32e-06       4.34e-06       5.36e-06       6.40e-06       7.07e-06       8.11e-06       9.18e-06       1.02e-05       1.08e-05       1.42e-05       1.59e-05       1.68e-05       1.77e-05       1.87e-05       2.29e-05       2.63e-05       2.84e-05       2.99e-05
  8.4
  -11.8490  -11.7590  -11.5610  -11.5360  -11.5290  -11.5010  -11.4970  -11.4970  -11.4520  -11.4470  -11.4460  -11.4400  -11.4380  -11.4370  -11.4280  -11.4160  -11.3470  -11.3320  -10.9160  -10.2090  -10.0790   -9.9920   -9.6940   -9.5000   -9.2080   -8.6430
       1.66e-06       4.98e-06       8.86e-06       1.14e-05       1.58e-05       2.00e-05       2.86e-05       2.86e-05       2.92e-05       2.98e-05       3.03e-05       3.10e-05       3.15e-05       3.21e-05       3.27e-05       3.32e-05       3.41e-05       3.55e-05       3.60e-05       3.81e-05       4.10e-05       4.40e-05       4.69e-05       4.98e-05       5.29e-05       5.37e-05
 8.45
  -11.6490  -11.5900  -11.5790  -11.5770  -11.5680  -11.5410  -11.4960  -11.4940  -11.4820  -11.4550  -11.3910  -11.3790  -11.3700  -11.3570  -11.3410  -11.3210  -11.2930  -11.2520  -11.2480  -10.9120   -9.9030   -9.7940   -9.7370   -9.6850   -9.2820   -9.0050
       3.05e-06       7.67e-06       1.59e-05       2.20e-05       2.30e-05       3.23e-05       3.48e-05       4.25e-05       4.91e-05       5.63e-05       5.78e-05       5.88e-05       5.99e-05       6.09e-05       6.20e-05       6.30e-05       6.41e-05       6.52e-05       6.63e-05       6.75e-05       7.00e-05       7.31e-05       7.61e-05       7.91e-05       8.21e-05       8.53e-05
  8.5
  -11.6390  -11.6340  -11.6280  -11.6260  -11.6200  -11.6130  -11.6000  -11.5850  -11.5800  -11.5640  -11.5350  -11.5230  -11.5030  -11.4660  -11.4650  -11.4500  -11.4470  -11.4450  -11.4280  -11.2610   -9.6560   -9.5400   -9.4910   -9.4470   -9.3630   -8.8020
       7.00e-06       1.09e-05       2.33e-05       2.57e-05       2.72e-05       2.88e-05       3.04e-05       3.20e-05       4.59e-05       4.75e-05       4.91e-05       6.08e-05       6.24e-05       7.24e-05       7.41e-05       7.58e-05       8.66e-05       9.12e-05       1.00e-04       1.02e-04       1.05e-04       1.08e-04       1.11e-04       1.15e-04       1.18e-04       1.21e-04
 8.55
  -11.4370  -11.4170  -11.3750  -11.3720  -11.3210  -11.2570  -11.2310  -11.0060   -9.3910   -9.3550   -9.3330   -9.3170   -9.2950   -9.2860   -9.2740   -9.2680   -9.2550   -9.2270   -9.1730   -9.0810   -9.0010   -8.9430   -8.4090
       8.91e-06       1.96e-05       3.11e-05       3.61e-05       4.85e-05       6.17e-05       7.55e-05       7.87e-05       8.66e-05       8.81e-05       8.96e-05       9.16e-05       9.38e-05       9.57e-05       9.81e-05       1.01e-04       1.05e-04       1.09e-04       1.15e-04       1.19e-04       1.21e-04       1.23e-04       1.25e-04
  8.6
  -11.2100  -11.1860  -11.1590  -11.1090  -11.0560  -11.0250  -10.9140   -9.6170   -9.1380   -9.1060   -9.0930   -9.0820   -9.0570   -9.0470   -9.0470   -9.0460   -9.0410   -9.0200   -8.9780   -8.9170   -8.8560   -8.8090   -8.7520
       7.16e-06       1.12e-05       1.98e-05       2.90e-05       3.90e-05       4.96e-05       5.22e-05       6.33e-05       7.02e-05       7.28e-05       7.53e-05       7.87e-05       8.24e-05       9.11e-05       9.11e-05       9.43e-05       1.01e-04       1.09e-04       1.18e-04       1.25e-04       1.29e-04       1.31e-04       1.36e-04
 8.65
  -11.0000  -10.9820  -10.8980  -10.8400   -9.8310   -9.8220   -9.2130   -8.9730   -8.8650   -8.8570   -8.8540   -8.8450   -8.8270   -8.8260   -8.8210   -8.8190   -8.8150   -8.8120   -8.7840   -8.7520   -8.7100   -8.6740   -8.6220
       2.92e-06       8.07e-06       1.42e-05       2.09e-05       2.80e-05       3.00e-05       3.76e-05       4.55e-05       5.15e-05       5.51e-05       5.88e-05       6.38e-05       7.29e-05       7.98e-05       8.56e-05       9.09e-05       9.56e-05       1.08e-04       1.21e-04       1.31e-04       1.37e-04       1.41e-04       1.47e-04
  8.7
  -10.8100  -10.7290   -9.0810   -8.6980   -8.6480   -8.6220   -8.6200   -8.6180   -8.6180   -8.6120   -8.6120   -8.6030   -8.6010   -8.5960   -8.5940   -8.5940   -8.5860   -8.5590   -8.4910
       2.78e-06       8.06e-06       1.56e-05       2.30e-05       3.09e-05       3.81e-05       4.62e-05       6.01e-05       6.01e-05       8.04e-05       8.04e-05       8.77e-05       9.35e-05       1.06e-04       1.21e-04       1.21e-04       1.30e-04       1.38e-04       1.47e-04
 8.75
  -10.6820  -10.6650   -8.8570   -8.5860   -8.5310   -8.5100   -8.5080   -8.5060   -8.5050   -8.5030   -8.5020   -8.4980   -8.4930   -8.4900   -8.4830   -8.4700   -8.4470   -8.4050   -7.4560
       5.38e-06       8.18e-06       1.58e-05       2.34e-05       3.13e-05       3.92e-05       4.73e-05       5.44e-05       6.21e-05       7.44e-05       8.00e-05       8.73e-05       9.30e-05       9.96e-05       1.12e-04       1.20e-04       1.28e-04       1.37e-04       1.46e-04
  8.8
  -10.6230  -10.5210   -8.6790   -8.4790   -8.4180   -8.4010   -8.3990   -8.3970   -8.3950   -8.3930   -8.3900   -8.3870   -8.3860   -8.3850   -8.3690   -8.3460   -8.3090   -8.2460   -7.1930
       5.47e-06       8.32e-06       1.61e-05       2.38e-05       3.16e-05       3.94e-05       4.73e-05       5.48e-05       6.69e-05       7.39e-05       8.10e-05       8.74e-05       9.30e-05       9.86e-05       1.11e-04       1.19e-04       1.27e-04       1.35e-04       1.44e-04
 8.85
  -10.4600   -8.4060   -8.3170   -8.2930   -8.2920   -8.2870   -8.2870   -8.2800   -8.2670   -8.2330   -8.1690   -7.1190
       9.01e-06       1.83e-05       2.83e-05       3.91e-05       4.99e-05       7.15e-05       7.15e-05       8.22e-05       9.30e-05       1.04e-04       1.14e-04       1.27e-04
  8.9
   -9.9210   -8.3210   -8.2470   -8.2100   -8.2090   -8.2040   -8.1950   -8.1750   -8.1390   -8.0870   -8.0050   -6.9400
       9.02e-06       1.83e-05       2.81e-05       3.82e-05       4.84e-05       5.86e-05       6.89e-05       7.91e-05       8.93e-05       9.94e-05       1.09e-04       1.21e-04
 8.95
   -8.7660   -8.2370   -8.1760   -8.1390   -8.1300   -8.1160   -8.0970   -8.0630   -8.0110   -7.9410   -7.8400   -6.7600
       9.01e-06       1.84e-05       2.78e-05       3.73e-05       4.68e-05       5.63e-05       6.59e-05       7.54e-05       8.49e-05       9.44e-05       1.04e-04       1.15e-04
  9.0
  -10.3490   -8.2410   -8.1090   -8.0450   -8.0240   -7.9970   -7.9570   -7.9010   -7.8250   -7.7210   -6.6280   -6.3380
       6.30e-06       1.56e-05       2.51e-05       3.51e-05       4.54e-05       5.59e-05       6.63e-05       7.67e-05       8.71e-05       9.74e-05       1.07e-04       1.19e-04
 9.05
  -10.1910  -10.1280   -8.0580   -7.9640   -7.9310   -7.8870   -7.8260   -7.7440   -7.6330   -6.5780   -6.2500   -5.9650
       9.09e-06       1.33e-05       2.48e-05       3.58e-05       4.65e-05       5.73e-05       6.81e-05       7.91e-05       9.00e-05       1.01e-04       1.11e-04       1.22e-04
  9.1
  -10.1800   -8.5180   -7.9570   -7.8580   -7.8090   -7.7450   -7.6610   -7.5560   -7.4210   -6.3170   -6.0210
       5.50e-06       1.60e-05       2.79e-05       4.04e-05       5.34e-05       6.65e-05       7.98e-05       9.31e-05       1.06e-04       1.19e-04       1.39e-04
 9.15
  -10.2030   -8.7720   -7.9280   -7.8300   -7.7360   -7.6100   -7.4420   -6.2320   -5.9060   -5.4660
       5.44e-06       1.64e-05       3.03e-05       4.49e-05       6.03e-05       7.57e-05       9.08e-05       1.05e-04       1.20e-04       1.29e-04
  9.2
  -10.1870   -8.5370   -7.9250   -7.8370   -7.7300   -7.5930   -6.5660   -6.2580   -5.8540
       4.01e-06       1.13e-05       1.99e-05       2.92e-05       3.92e-05       4.90e-05       5.81e-05       6.85e-05       7.46e-05
 9.25
  -10.1610  -10.0450   -7.9410   -7.8060   -7.6970   -7.5610   -6.5290   -6.2490
       4.74e-06       6.32e-06       1.57e-05       2.46e-05       3.26e-05       4.05e-05       4.78e-05       5.64e-05
  9.3
  -10.1580   -8.5610   -7.9210   -7.7880   -7.6720   -7.5270   -6.4900   -6.1920
       3.57e-06       4.79e-06       1.19e-05       1.92e-05       2.66e-05       3.38e-05       4.06e-05       4.85e-05
 9.35
  -10.0800   -7.8760   -7.7500   -7.6260   -7.4730   -6.3340   -6.0410
       4.23e-06       1.06e-05       1.71e-05       2.36e-05       3.01e-05       3.60e-05       4.31e-05
  9.4
   -9.9840   -7.8250   -7.7110   -7.5560   -6.4880   -6.1110   -5.6780
       3.97e-06       9.50e-06       1.58e-05       2.26e-05       2.90e-05       3.67e-05       4.14e-05
 9.45
   -9.9640   -7.7840   -7.6730   -7.5350   -7.3760   -6.2530   -5.9030
       3.81e-06       9.13e-06       1.48e-05       2.06e-05       2.60e-05       3.26e-05       3.65e-05
  9.5
   -7.8040   -7.7410   -7.6180   -7.4790   -7.3250   -6.2420
       3.24e-06       8.16e-06       1.31e-05       1.78e-05       2.23e-05       2.78e-05
 9.55
   -7.8520   -7.6810   -7.5470   -7.3920   -7.2150   -6.0820
       2.98e-06       7.52e-06       1.21e-05       1.66e-05       2.09e-05       2.60e-05
 9.65
   -8.7460   -7.6730   -7.5220   -7.3760   -7.1790   -6.0210   -5.5420
       1.72e-06       4.69e-06       8.25e-06       1.23e-05       1.66e-05       2.19e-05       2.51e-05
  9.7
   -9.1230   -8.4370   -7.9140   -7.7460   -7.7420   -7.7150   -7.5660   -7.4240   -7.2920   -6.8650   -6.1000
       6.88e-07       1.05e-06       2.77e-06       3.00e-06       3.19e-06       3.40e-06       6.39e-06       9.55e-06       1.38e-05       1.39e-05       2.02e-05
 9.75
   -8.5220   -8.4110   -8.1550   -8.1240   -8.0650   -7.8370   -7.5910   -7.3550   -7.3020   -7.1490   -6.1070
       1.10e-06       1.67e-06       2.02e-06       2.34e-06       5.07e-06       9.81e-06       1.48e-05       1.99e-05       2.02e-05       2.04e-05       2.67e-05
  9.8
   -8.6310   -8.5680   -8.5660   -8.3690   -8.1100   -7.7610   -7.6820   -7.5550   -7.4420   -7.4120   -6.1070
       7.99e-07       2.34e-06       2.83e-06       6.63e-06       1.33e-05       2.03e-05       2.08e-05       2.12e-05       2.14e-05       2.75e-05       3.38e-05
  9.9
   -8.1460   -8.1250   -7.9760   -7.6550   -7.4830   -7.1020   -6.3210   -5.5910
       1.15e-06       3.16e-06       8.28e-06       9.36e-06       1.55e-05       2.05e-05       2.75e-05       3.19e-05
 9.95
   -8.0540   -8.0350   -7.8890   -7.5300   -7.3800   -6.9800   -6.1770   -5.5710
       1.03e-06       2.83e-06       7.42e-06       8.38e-06       1.38e-05       1.83e-05       2.39e-05       2.71e-05
 10.0
   -7.9140   -7.9130   -7.8550   -7.4190   -7.3730   -6.7330   -6.1620   -5.8570
       1.14e-06       2.19e-06       5.81e-06       6.78e-06       1.28e-05       1.70e-05       1.95e-05       2.25e-05
10.05
   -7.8070   -7.7880   -7.7430   -7.3570   -7.2820   -6.7580   -6.2040   -5.8390
       1.05e-06       4.36e-06       5.31e-06       1.09e-05       1.17e-05       1.56e-05       1.82e-05       2.16e-05
10.15
   -7.4810   -7.2640   -7.1630   -6.9990   -6.3890   -6.1620   -5.7280
       2.26e-06       6.68e-06       8.00e-06       9.23e-06       1.31e-05       1.61e-05       2.04e-05
