 8.05
  -12.9950  -12.9420  -12.8850  -12.8440  -12.8300  -12.7940  -12.3980  -12.3470  -12.3470  -12.3460  -12.3450  -12.3440  -12.3430  -12.3400  -12.3400  -12.3370  -12.3350  -12.3330  -12.3320  -12.3290  -12.3280  -12.3230  -12.3180  -12.3140  -12.3140  -12.3080  -12.3020  -12.2960  -12.2900  -12.2840  -12.2780  -12.2720  -12.2660  -12.2600  -12.2540  -12.2490  -12.2430  -12.2380  -12.2340  -12.2330  -12.2280  -12.2230  -12.2220  -12.2190  -12.2170  -12.2160  -12.2140  -12.2130  -12.2130  -12.2100  -12.2090  -12.2080  -12.2070  -12.2060  -12.2060  -12.2060  -12.2060  -12.1460  -12.1230  -12.1070  -12.0990  -12.0900  -12.0070  -11.9470  -11.6730  -11.5920  -11.5120  -11.3650  -11.1750   -9.3720   -9.0770   -8.8100   -8.5600   -8.3480   -8.3330   -8.1360   -7.7310
       4.32e-08       8.63e-08       1.30e-07       1.74e-07       2.17e-07       2.61e-07       3.33e-07       4.07e-07       4.07e-07       4.44e-07       4.81e-07       5.18e-07       5.55e-07       6.30e-07       6.30e-07       6.67e-07       7.04e-07       7.76e-07       8.14e-07       8.50e-07       8.88e-07       9.27e-07       9.65e-07       1.06e-06       1.06e-06       1.10e-06       1.13e-06       1.17e-06       1.21e-06       1.25e-06       1.29e-06       1.33e-06       1.37e-06       1.41e-06       1.45e-06       1.49e-06       1.53e-06       1.57e-06       1.61e-06       1.65e-06       1.69e-06       1.73e-06       1.77e-06       1.81e-06       1.85e-06       1.89e-06       1.94e-06       2.02e-06       2.02e-06       2.06e-06       2.10e-06       2.14e-06       2.18e-06       2.35e-06       2.35e-06       2.35e-06       2.35e-06       2.38e-06       2.42e-06       2.44e-06       2.51e-06       2.57e-06       2.66e-06       2.70e-06       2.74e-06       2.79e-06       2.83e-06       2.88e-06       2.92e-06       3.03e-06       3.14e-06       3.23e-06       3.30e-06       3.34e-06       3.39e-06       3.43e-06       3.45e-06
  8.1
  -12.4910  -12.4900  -12.4900  -12.4880  -12.4870  -12.4850  -12.4840  -12.4830  -12.4830  -12.4780  -12.4720  -12.4670  -12.4670  -12.4640  -12.4550  -12.4450  -12.4350  -12.4240  -12.4140  -12.4020  -12.3910  -12.3800  -12.3690  -12.3570  -12.3450  -12.3330  -12.3220  -12.3110  -12.3000  -12.2880  -12.2770  -12.2670  -12.2570  -12.2470  -12.2370  -12.2270  -12.2180  -12.2080  -12.1990  -12.1900  -12.1820  -12.1740  -12.1660  -12.1580  -12.1510  -12.1450  -12.1380  -12.1320  -12.1270  -12.1220  -12.0920  -12.0900  -12.0820  -12.0750  -12.0740  -12.0720  -12.0710  -12.0700  -12.0670  -12.0660  -12.0660  -12.0510  -12.0400  -12.0190  -11.9340  -11.9040  -11.9010  -11.8700  -11.7890  -11.5410  -11.0700   -9.0330   -8.7160   -8.3800   -8.0450   -7.7060   -7.6950
       4.27e-08       1.28e-07       1.28e-07       2.12e-07       2.55e-07       3.59e-07       4.22e-07       5.50e-07       5.50e-07       5.93e-07       6.37e-07       7.60e-07       7.60e-07       8.04e-07       8.48e-07       8.92e-07       9.36e-07       9.80e-07       1.02e-06       1.07e-06       1.11e-06       1.16e-06       1.20e-06       1.25e-06       1.29e-06       1.34e-06       1.38e-06       1.43e-06       1.48e-06       1.52e-06       1.57e-06       1.61e-06       1.66e-06       1.71e-06       1.75e-06       1.80e-06       1.85e-06       1.89e-06       1.94e-06       1.99e-06       2.04e-06       2.08e-06       2.13e-06       2.18e-06       2.23e-06       2.27e-06       2.32e-06       2.37e-06       2.42e-06       2.47e-06       2.52e-06       2.57e-06       2.62e-06       2.67e-06       2.72e-06       2.76e-06       2.81e-06       2.86e-06       2.91e-06       3.01e-06       3.01e-06       3.12e-06       3.16e-06       3.21e-06       3.26e-06       3.32e-06       3.54e-06       3.60e-06       3.65e-06       3.70e-06       3.75e-06       3.97e-06       4.15e-06       4.29e-06       4.40e-06       4.48e-06       4.51e-06
 8.15
  -12.8440  -12.7840  -12.7420  -12.4730  -12.4690  -12.4680  -12.4600  -12.4570  -12.4480  -12.4400  -12.4310  -12.4290  -12.4150  -12.4140  -12.4050  -12.3940  -12.3870  -12.3720  -12.3520  -12.3310  -12.3110  -12.2900  -12.2720  -12.2520  -12.2340  -12.2160  -12.1990  -12.1820  -12.1650  -12.1490  -12.1340  -12.1250  -12.1190  -12.1120  -12.1040  -12.0970  -12.0910  -12.0840  -12.0700  -12.0640  -12.0620  -12.0540  -12.0460  -12.0370  -12.0290  -12.0280  -12.0230  -12.0230  -12.0190  -12.0180  -12.0160  -12.0160  -11.9590  -11.8840  -11.5990  -11.0960   -9.0220   -8.5470   -8.1510   -7.7320   -7.7090
       6.79e-08       1.36e-07       2.05e-07       3.25e-07       4.43e-07       5.63e-07       6.83e-07       8.01e-07       9.22e-07       1.04e-06       1.16e-06       1.25e-06       1.36e-06       1.49e-06       1.65e-06       1.77e-06       1.89e-06       2.01e-06       2.13e-06       2.26e-06       2.38e-06       2.50e-06       2.63e-06       2.75e-06       2.88e-06       3.01e-06       3.13e-06       3.26e-06       3.39e-06       3.51e-06       3.61e-06       3.67e-06       3.74e-06       3.80e-06       3.87e-06       3.93e-06       4.00e-06       4.06e-06       4.13e-06       4.20e-06       4.26e-06       4.33e-06       4.40e-06       4.46e-06       4.53e-06       4.59e-06       4.73e-06       4.73e-06       4.79e-06       4.86e-06       4.99e-06       4.99e-06       5.06e-06       5.45e-06       5.52e-06       5.59e-06       6.08e-06       6.44e-06       6.67e-06       6.85e-06       6.99e-06
  8.2
  -12.8430  -12.7940  -12.7370  -12.6700  -12.5920  -12.5120  -12.4260  -12.3660  -12.3430  -12.3410  -12.3390  -12.3380  -12.3280  -12.3280  -12.3180  -12.3170  -12.3130  -12.3070  -12.3040  -12.2920  -12.2800  -12.2660  -12.2510  -12.2390  -12.2270  -12.2160  -12.2030  -12.1940  -12.1830  -12.1720  -12.1620  -12.1540  -12.1440  -12.1340  -12.1230  -12.1140  -12.1090  -12.1040  -12.1000  -12.0940  -12.0890  -12.0860  -12.0800  -12.0720  -12.0560  -12.0550  -12.0510  -12.0500  -12.0480  -12.0470  -12.0460  -12.0450  -12.0440  -11.7800  -11.7500  -11.1940   -9.0200   -8.6690   -8.3260   -8.2370   -7.9740
       1.08e-07       2.16e-07       3.25e-07       4.35e-07       5.45e-07       6.56e-07       7.68e-07       8.81e-07       1.07e-06       1.26e-06       1.46e-06       1.65e-06       2.03e-06       2.03e-06       2.17e-06       2.37e-06       2.56e-06       2.75e-06       3.00e-06       3.19e-06       3.39e-06       3.59e-06       3.79e-06       3.99e-06       4.19e-06       4.39e-06       4.59e-06       4.79e-06       5.00e-06       5.20e-06       5.40e-06       5.61e-06       5.81e-06       6.02e-06       6.23e-06       6.38e-06       6.49e-06       6.59e-06       6.70e-06       6.80e-06       6.91e-06       7.01e-06       7.12e-06       7.22e-06       7.33e-06       7.44e-06       7.54e-06       7.65e-06       7.76e-06       7.86e-06       7.97e-06       8.08e-06       8.18e-06       8.77e-06       8.88e-06       8.99e-06       9.72e-06       1.03e-05       1.06e-05       1.08e-05       1.10e-05
 8.25
  -12.7850  -12.7320  -12.5140  -12.1800  -12.1720  -12.1670  -12.1620  -12.1340  -12.1260  -12.1250  -12.1160  -12.1030  -12.0860  -12.0750  -11.9050   -9.1190   -8.9560   -8.6660   -8.3380   -8.0410
       5.05e-07       9.09e-07       1.74e-06       2.47e-06       2.92e-06       3.08e-06       3.39e-06       4.16e-06       4.91e-06       5.68e-06       6.46e-06       7.24e-06       8.03e-06       8.83e-06       9.51e-06       1.01e-05       1.09e-05       1.15e-05       1.19e-05       1.22e-05
  8.3
  -12.7870  -12.6750  -12.5550  -12.4360  -12.3440  -12.0880  -12.0480  -12.0220  -12.0090  -12.0040  -11.9630  -11.9540  -11.8470  -11.6210  -11.5550  -11.4810   -8.9470   -8.6720   -8.3570   -8.0550
       5.54e-07       1.11e-06       1.68e-06       2.04e-06       2.32e-06       2.67e-06       2.84e-06       3.39e-06       3.74e-06       4.28e-06       4.83e-06       5.35e-06       5.89e-06       6.57e-06       7.06e-06       7.67e-06       8.52e-06       9.19e-06       9.61e-06       9.90e-06
 8.35
  -12.5930  -12.4690  -12.3400  -12.2060  -12.0860  -11.9670  -11.8820  -11.7920  -11.5830  -11.5680  -11.5670  -11.4850  -11.4030  -11.2850  -11.2300  -11.0490   -8.9440   -8.6780   -8.3760   -8.0690
       2.24e-07       4.50e-07       6.77e-07       9.07e-07       1.05e-06       1.17e-06       1.39e-06       1.61e-06       2.36e-06       2.73e-06       2.95e-06       3.14e-06       3.34e-06       3.55e-06       3.75e-06       4.05e-06       4.97e-06       5.70e-06       6.16e-06       6.47e-06
  8.4
  -12.6520  -12.5100  -12.3590  -12.2600  -12.1640  -12.0710  -11.7660  -11.7360  -11.7260  -11.5790  -11.4940  -11.4690  -11.4440  -11.4180  -11.3920  -11.3680  -11.2980  -11.2420  -10.8260   -9.6060   -9.1140   -8.8550   -8.6990   -8.5180   -8.2410   -8.2070
       8.42e-07       1.81e-06       2.98e-06       3.31e-06       4.35e-06       4.94e-06       5.32e-06       6.23e-06       7.00e-06       7.20e-06       7.33e-06       7.46e-06       7.60e-06       7.73e-06       7.86e-06       8.00e-06       8.13e-06       8.27e-06       8.41e-06       8.88e-06       9.57e-06       1.03e-05       1.09e-05       1.16e-05       1.23e-05       1.25e-05
 8.45
  -12.5350  -12.4130  -12.3680  -12.3670  -12.3620  -12.3510  -12.3210  -12.3180  -12.2890  -12.2630  -12.1970  -12.1470  -12.1460  -12.0820  -12.0420  -11.8020  -11.7590  -11.7370  -10.9940  -10.8230   -9.2590   -8.8090   -8.6120   -8.4980   -8.2960   -8.0360
       1.66e-06       3.58e-06       3.83e-06       4.09e-06       4.35e-06       4.61e-06       4.88e-06       5.26e-06       7.57e-06       7.83e-06       8.10e-06       1.02e-05       1.08e-05       1.20e-05       1.22e-05       1.40e-05       1.55e-05       1.63e-05       1.66e-05       1.69e-05       1.75e-05       1.83e-05       1.90e-05       1.98e-05       2.05e-05       2.13e-05
  8.5
  -12.5110  -12.4130  -12.3170  -12.2160  -12.1350  -12.0930  -12.0760  -12.0680  -12.0560  -12.0370  -12.0080  -11.9730  -11.9140  -11.8200  -11.7990  -11.7170  -11.6700  -11.5960  -11.1240  -10.9650   -8.9970   -8.5710   -8.4100   -8.2850   -8.0960   -7.8310
       2.88e-06       5.57e-06       8.66e-06       1.24e-05       1.57e-05       1.76e-05       1.86e-05       1.92e-05       1.97e-05       2.01e-05       2.05e-05       2.09e-05       2.13e-05       2.18e-05       2.42e-05       2.55e-05       2.59e-05       2.64e-05       2.68e-05       2.72e-05       2.81e-05       2.89e-05       2.97e-05       3.06e-05       3.14e-05       3.23e-05
 8.55
  -12.3340  -12.2100  -12.1030  -12.0090  -11.9440  -11.8950  -11.8590  -11.5720   -8.7080   -8.5740   -8.4810   -8.4150   -8.3260   -8.2870   -8.2620   -8.2270   -8.1770   -8.0870   -7.9630   -7.8060   -7.6710   -7.5770   -7.4490
       3.92e-06       7.65e-06       1.12e-05       1.44e-05       1.74e-05       1.84e-05       2.09e-05       2.23e-05       2.45e-05       2.50e-05       2.54e-05       2.60e-05       2.66e-05       2.71e-05       2.78e-05       2.86e-05       2.96e-05       3.10e-05       3.25e-05       3.37e-05       3.44e-05       3.48e-05       3.56e-05
  8.6
  -12.0260  -11.9360  -11.8540  -11.7630  -11.6660  -11.4310  -10.9860  -10.3570   -8.4410   -8.3160   -8.2420   -8.1890   -8.1130   -8.0900   -8.0730   -8.0470   -8.0050   -7.9220   -7.8190   -7.6940   -7.5730   -7.4750   -7.3500
       3.17e-06       6.15e-06       8.93e-06       1.15e-05       1.36e-05       1.49e-05       1.57e-05       1.90e-05       2.11e-05       2.18e-05       2.26e-05       2.36e-05       2.47e-05       2.57e-05       2.69e-05       2.83e-05       3.02e-05       3.26e-05       3.54e-05       3.75e-05       3.87e-05       3.94e-05       4.07e-05
 8.65
  -11.6960  -11.6040  -11.4730  -11.2890  -10.6440   -9.7000   -9.1920   -9.0830   -8.1090   -8.0450   -8.0030   -7.9680   -7.9140   -7.8970   -7.8900   -7.8680   -7.8340   -7.7560   -7.6830   -7.5810   -7.4670   -7.3720   -7.2280
       2.11e-06       4.06e-06       5.69e-06       6.61e-06       8.88e-06       1.13e-05       1.38e-05       1.44e-05       1.63e-05       1.75e-05       1.86e-05       2.02e-05       2.19e-05       2.34e-05       2.52e-05       2.74e-05       3.03e-05       3.41e-05       3.83e-05       4.15e-05       4.33e-05       4.45e-05       4.65e-05
  8.7
  -11.3190  -11.1600   -9.6020   -8.7880   -7.8750   -7.8070   -7.7730   -7.7360   -7.7120   -7.7120   -7.7000   -7.6740   -7.6340   -7.5920   -7.5420   -7.4990   -7.4410   -7.3320   -7.1030
       1.76e-06       2.69e-06       5.19e-06       7.67e-06       1.03e-05       1.27e-05       1.46e-05       1.66e-05       2.12e-05       2.12e-05       2.38e-05       2.65e-05       2.92e-05       3.34e-05       3.76e-05       4.04e-05       4.32e-05       4.59e-05       4.91e-05
 8.75
  -11.1940  -11.0080   -9.2290   -8.6350   -7.7380   -7.6830   -7.6550   -7.6320   -7.6140   -7.6090   -7.5930   -7.5660   -7.5260   -7.4840   -7.3990   -7.3290   -7.2430   -7.0910   -6.8380
       1.88e-06       2.86e-06       5.53e-06       8.19e-06       1.09e-05       1.35e-05       1.54e-05       1.74e-05       1.98e-05       2.23e-05       2.50e-05       2.77e-05       3.06e-05       3.49e-05       3.92e-05       4.21e-05       4.50e-05       4.78e-05       5.11e-05
  8.8
  -11.0670  -10.8560   -8.9290   -8.5060   -7.6260   -7.5590   -7.5380   -7.5270   -7.5150   -7.5060   -7.4870   -7.4580   -7.4190   -7.3750   -7.2560   -7.1650   -7.0430   -6.8350   -6.5830
       2.00e-06       3.05e-06       5.89e-06       8.72e-06       1.16e-05       1.42e-05       1.62e-05       1.83e-05       2.06e-05       2.32e-05       2.60e-05       2.88e-05       3.17e-05       3.62e-05       4.06e-05       4.36e-05       4.65e-05       4.95e-05       5.29e-05
 8.85
  -11.0850   -8.4230   -7.5240   -7.4390   -7.4230   -7.3940   -7.3450   -7.2790   -7.1800   -7.0520   -6.8470   -6.5070
       3.45e-06       7.02e-06       1.09e-05       1.50e-05       1.91e-05       2.32e-05       2.74e-05       3.15e-05       3.56e-05       3.97e-05       4.38e-05       4.85e-05
  8.9
  -10.5750   -8.3160   -7.4750   -7.3870   -7.3470   -7.2930   -7.2210   -7.1320   -7.0080   -6.8620   -6.6350   -6.3280
       3.61e-06       7.34e-06       1.12e-05       1.53e-05       1.94e-05       2.35e-05       2.75e-05       3.16e-05       3.57e-05       3.98e-05       4.38e-05       4.85e-05
 8.95
   -9.1200   -8.2150   -8.1970   -7.3340   -7.2710   -7.1930   -7.0980   -6.9840   -6.8410   -6.6700   -6.4210   -6.1490
       3.76e-06       7.65e-06       1.16e-05       1.55e-05       1.95e-05       2.35e-05       2.74e-05       3.14e-05       3.54e-05       3.94e-05       4.32e-05       4.78e-05
  9.0
  -10.6680   -8.2510   -8.1090   -7.2460   -7.1450   -7.0240   -6.8950   -6.7380   -6.5590   -6.3080   -6.0180   -5.7310
       2.73e-06       6.76e-06       1.09e-05       1.52e-05       1.97e-05       2.42e-05       2.87e-05       3.32e-05       3.77e-05       4.22e-05       4.65e-05       5.14e-05
 9.05
  -10.7390  -10.4730   -8.0340   -7.1670   -7.0380   -6.8840   -6.7110   -6.5160   -6.2670   -5.9640   -5.6440   -5.3470
       4.09e-06       5.99e-06       1.11e-05       1.61e-05       2.09e-05       2.58e-05       3.07e-05       3.56e-05       4.05e-05       4.53e-05       4.98e-05       5.49e-05
  9.1
  -10.7450   -8.7440   -8.0100   -7.9010   -7.8500   -7.7840   -7.6980   -7.5810   -7.4540   -6.3860   -6.0820
       2.57e-06       7.46e-06       1.30e-05       1.89e-05       2.49e-05       3.10e-05       3.72e-05       4.34e-05       4.96e-05       5.55e-05       6.47e-05
 9.15
  -10.7710   -9.0820   -7.9770   -7.8720   -7.7740   -7.6380   -7.4780   -6.2960   -5.9630   -5.5040
       2.63e-06       7.93e-06       1.46e-05       2.17e-05       2.92e-05       3.66e-05       4.39e-05       5.06e-05       5.82e-05       6.26e-05
  9.2
  -10.7570   -8.7700   -7.9710   -7.8780   -7.7680   -7.6160   -6.6390   -6.3240   -5.9020
       2.01e-06       5.64e-06       9.94e-06       1.46e-05       1.96e-05       2.45e-05       2.90e-05       3.42e-05       3.73e-05
 9.25
  -10.7390  -10.6000   -7.9910   -7.8460   -7.7330   -7.5830   -6.6020   -6.3160
       2.45e-06       3.27e-06       8.13e-06       1.27e-05       1.69e-05       2.09e-05       2.47e-05       2.91e-05
  9.3
  -10.7360   -8.8380   -7.9690   -7.8290   -7.7090   -7.5500   -6.5640   -6.2590
       1.90e-06       2.55e-06       6.33e-06       1.02e-05       1.42e-05       1.80e-05       2.16e-05       2.58e-05
 9.35
  -10.6540   -7.9230   -7.7910   -7.6620   -7.5000   -6.4010   -6.1010
       2.33e-06       5.81e-06       9.39e-06       1.30e-05       1.65e-05       1.98e-05       2.37e-05
  9.4
  -10.5380   -7.8710   -7.7510   -7.5850   -6.5600   -6.1720   -5.7190
       2.25e-06       5.38e-06       8.93e-06       1.28e-05       1.65e-05       2.08e-05       2.34e-05
 9.45
  -10.5180   -7.8270   -7.7120   -7.5640   -7.4130   -6.3200   -5.9520
       2.22e-06       5.33e-06       8.62e-06       1.20e-05       1.52e-05       1.90e-05       2.13e-05
  9.5
   -7.8300   -7.7850   -7.6570   -7.5080   -7.3600   -6.3110
       1.95e-06       4.90e-06       7.84e-06       1.07e-05       1.34e-05       1.67e-05
 9.55
   -7.9250   -7.7240   -7.5850   -7.4180   -7.2540   -6.1490
       1.84e-06       4.64e-06       7.47e-06       1.02e-05       1.29e-05       1.61e-05
 9.65
   -9.1230   -7.7080   -7.5630   -7.4130   -7.2080   -6.0890   -5.5900
       1.12e-06       3.05e-06       5.36e-06       7.99e-06       1.08e-05       1.42e-05       1.63e-05
  9.7
   -9.5660   -8.7420   -8.0570   -7.8080   -7.7630   -7.7500   -7.6090   -7.4620   -7.3220   -6.9330   -6.1710
       4.59e-07       7.02e-07       1.85e-06       2.00e-06       2.13e-06       2.26e-06       4.26e-06       6.37e-06       9.21e-06       9.29e-06       1.34e-05
 9.75
   -8.7540   -8.6000   -8.2190   -8.1590   -8.1360   -7.8760   -7.6240   -7.3770   -7.3710   -7.2090   -6.1760
       7.53e-07       1.14e-06       1.38e-06       1.60e-06       3.46e-06       6.70e-06       1.01e-05       1.36e-05       1.38e-05       1.40e-05       1.82e-05
  9.8
   -8.7560   -8.6830   -8.6400   -8.4220   -8.1390   -7.7840   -7.7520   -7.6160   -7.4970   -7.4510   -6.1600
       5.60e-07       1.64e-06       1.98e-06       4.64e-06       9.28e-06       1.42e-05       1.45e-05       1.48e-05       1.50e-05       1.92e-05       2.37e-05
  9.9
   -8.2270   -8.1980   -8.0370   -7.7140   -7.5400   -7.1560   -6.3800   -5.6420
       8.47e-07       2.32e-06       6.07e-06       6.87e-06       1.13e-05       1.50e-05       2.02e-05       2.34e-05
 9.95
   -8.1320   -8.1070   -7.9500   -7.5940   -7.4370   -7.0350   -6.2370   -5.6240
       7.74e-07       2.12e-06       5.56e-06       6.28e-06       1.04e-05       1.38e-05       1.79e-05       2.03e-05
 10.0
   -7.9760   -7.9750   -7.9170   -7.4710   -7.4300   -6.7870   -6.2220   -5.9140
       8.06e-07       1.68e-06       4.45e-06       5.20e-06       9.83e-06       1.30e-05       1.49e-05       1.72e-05
10.05
   -7.8670   -7.8460   -7.7960   -7.4140   -7.3280   -6.8120   -6.2630   -5.8940
       8.21e-07       3.41e-06       4.16e-06       8.50e-06       9.19e-06       1.22e-05       1.42e-05       1.69e-05
10.15
   -7.5350   -7.3180   -7.2160   -7.0390   -6.4470   -6.2170   -5.7790
       1.85e-06       5.45e-06       6.54e-06       7.54e-06       1.07e-05       1.32e-05       1.67e-05
