 8.05
  -10.1690  -10.1680  -10.1660  -10.1660  -10.1640  -10.1620  -10.1570  -10.1560  -10.1490  -10.1420  -10.1410  -10.1330  -10.1240  -10.1140  -10.1040  -10.0940  -10.0830  -10.0730  -10.0620  -10.0520  -10.0400  -10.0290  -10.0180  -10.0070   -9.9960   -9.9850   -9.9740   -9.9630   -9.9530   -9.9430   -9.9320   -9.9210   -9.9110   -9.9020   -9.8910   -9.8810   -9.8720   -9.8620   -9.8530   -9.8440   -9.8350   -9.8270   -9.8200   -9.8130   -9.8060   -9.7980   -9.7920   -9.7860   -9.7800   -9.7720   -9.7640   -9.7540   -9.7410   -9.7200   -9.7050   -9.6970   -9.6890   -9.6780   -9.6700   -9.6680   -9.6520   -9.6170   -9.5890   -9.5690   -9.4320   -9.3660   -9.3050   -9.2220   -9.1350   -8.8440   -6.7230   -6.4660   -6.2340   -6.0160   -5.8250   -5.6790   -5.1000
       2.06e-07       4.15e-07       8.28e-07       8.28e-07       1.03e-06       1.24e-06       1.44e-06       1.65e-06       1.86e-06       2.17e-06       2.38e-06       2.59e-06       2.80e-06       3.02e-06       3.23e-06       3.44e-06       3.66e-06       3.87e-06       4.09e-06       4.31e-06       4.52e-06       4.74e-06       4.96e-06       5.18e-06       5.40e-06       5.62e-06       5.84e-06       6.06e-06       6.29e-06       6.51e-06       6.73e-06       6.96e-06       7.18e-06       7.41e-06       7.63e-06       7.86e-06       8.09e-06       8.32e-06       8.54e-06       8.77e-06       9.00e-06       9.23e-06       9.46e-06       9.69e-06       9.92e-06       1.02e-05       1.04e-05       1.06e-05       1.09e-05       1.11e-05       1.14e-05       1.16e-05       1.18e-05       1.21e-05       1.25e-05       1.29e-05       1.34e-05       1.38e-05       1.40e-05       1.42e-05       1.44e-05       1.46e-05       1.49e-05       1.52e-05       1.54e-05       1.57e-05       1.59e-05       1.62e-05       1.64e-05       1.66e-05       1.73e-05       1.80e-05       1.85e-05       1.90e-05       1.93e-05       1.96e-05       1.97e-05
  8.1
  -10.2020  -10.2010  -10.2010  -10.1980  -10.1960  -10.1940  -10.1880  -10.1810  -10.1740  -10.1640  -10.1550  -10.1450  -10.1350  -10.1240  -10.1120  -10.1020  -10.0910  -10.0790  -10.0680  -10.0560  -10.0450  -10.0340  -10.0220  -10.0110   -9.9990   -9.9880   -9.9770   -9.9670   -9.9560   -9.9450   -9.9340   -9.9250   -9.9140   -9.9040   -9.8940   -9.8840   -9.8740   -9.8650   -9.8550   -9.8460   -9.8370   -9.8270   -9.8190   -9.8110   -9.8020   -9.7810   -9.7730   -9.7660   -9.7610   -9.7590   -9.7520   -9.7500   -9.7460   -9.7390   -9.7340   -9.7320   -9.7210   -9.6960   -9.6950   -9.6810   -9.6790   -9.6500   -9.6490   -9.6330   -9.5820   -9.5470   -9.5130   -9.4500   -9.3350   -9.1040   -6.7890   -6.5340   -6.2900   -6.2750   -6.0510   -5.8170   -5.6190
       2.54e-07       7.63e-07       7.63e-07       1.02e-06       1.40e-06       1.65e-06       1.91e-06       2.17e-06       2.43e-06       2.69e-06       2.95e-06       3.21e-06       3.48e-06       3.74e-06       4.00e-06       4.27e-06       4.54e-06       4.80e-06       5.07e-06       5.34e-06       5.61e-06       5.88e-06       6.15e-06       6.42e-06       6.70e-06       6.97e-06       7.24e-06       7.52e-06       7.80e-06       8.07e-06       8.35e-06       8.63e-06       8.91e-06       9.19e-06       9.47e-06       9.75e-06       1.00e-05       1.03e-05       1.06e-05       1.09e-05       1.12e-05       1.14e-05       1.17e-05       1.20e-05       1.23e-05       1.26e-05       1.29e-05       1.32e-05       1.37e-05       1.40e-05       1.43e-05       1.48e-05       1.51e-05       1.54e-05       1.60e-05       1.63e-05       1.66e-05       1.69e-05       1.74e-05       1.76e-05       1.79e-05       1.81e-05       1.84e-05       1.89e-05       1.93e-05       1.96e-05       1.99e-05       2.02e-05       2.05e-05       2.08e-05       2.19e-05       2.30e-05       2.38e-05       2.40e-05       2.47e-05       2.52e-05       2.56e-05
 8.15
  -10.2240  -10.2200  -10.2190  -10.2090  -10.1950  -10.1790  -10.1620  -10.1420  -10.1220  -10.1010  -10.0810  -10.0600  -10.0390  -10.0200  -10.0010   -9.9820   -9.9630   -9.9440   -9.9270   -9.9090   -9.8920   -9.8750   -9.8670   -9.8590   -9.8510   -9.8420   -9.8340   -9.8260   -9.8180   -9.8040   -9.7840   -9.7820   -9.7760   -9.7700   -9.7640   -9.7630   -9.7570   -9.7510   -9.7460   -9.7420   -9.7390   -9.7360   -9.7360   -9.7320   -9.7280   -9.7220   -9.7160   -9.7060   -9.7030   -9.6930   -9.6850   -9.6700   -9.6250   -9.4780   -9.2380   -8.3970   -6.9170   -6.6020   -6.2230   -5.9260   -5.6410
       5.83e-07       1.16e-06       1.75e-06       2.34e-06       2.93e-06       3.52e-06       4.12e-06       4.72e-06       5.32e-06       5.92e-06       6.53e-06       7.13e-06       7.74e-06       8.36e-06       8.97e-06       9.59e-06       1.02e-05       1.08e-05       1.14e-05       1.21e-05       1.27e-05       1.32e-05       1.35e-05       1.38e-05       1.41e-05       1.44e-05       1.48e-05       1.51e-05       1.54e-05       1.57e-05       1.60e-05       1.66e-05       1.69e-05       1.72e-05       1.78e-05       1.81e-05       1.85e-05       1.88e-05       1.91e-05       1.94e-05       1.98e-05       2.07e-05       2.07e-05       2.10e-05       2.13e-05       2.17e-05       2.20e-05       2.23e-05       2.29e-05       2.33e-05       2.37e-05       2.44e-05       2.47e-05       2.50e-05       2.54e-05       2.62e-05       2.78e-05       2.98e-05       3.13e-05       3.22e-05       3.30e-05
  8.2
  -10.1730  -10.1700  -10.1680  -10.1610  -10.1500  -10.1390  -10.1260  -10.1120  -10.0960  -10.0810  -10.0670  -10.0520  -10.0370  -10.0230  -10.0090   -9.9950   -9.9810   -9.9680   -9.9550   -9.9410   -9.9270   -9.9140   -9.9070   -9.9000   -9.8940   -9.8880   -9.8800   -9.8740   -9.8680   -9.8590   -9.8450   -9.8390   -9.8340   -9.8290   -9.8240   -9.8190   -9.8140   -9.8110   -9.8080   -9.8060   -9.8040   -9.8020   -9.8000   -9.7980   -9.7930   -9.7840   -9.7550   -9.7350   -9.7210   -9.7020   -9.6800   -9.6670   -9.6500   -9.6140   -9.4350   -9.0990   -6.9070   -6.6470   -6.3320   -6.0670   -5.7920
       8.06e-07       1.61e-06       2.42e-06       3.24e-06       4.06e-06       4.88e-06       5.70e-06       6.53e-06       7.37e-06       8.20e-06       9.04e-06       9.88e-06       1.07e-05       1.16e-05       1.24e-05       1.33e-05       1.41e-05       1.50e-05       1.59e-05       1.67e-05       1.76e-05       1.82e-05       1.87e-05       1.91e-05       1.95e-05       2.00e-05       2.04e-05       2.09e-05       2.13e-05       2.18e-05       2.22e-05       2.26e-05       2.31e-05       2.35e-05       2.40e-05       2.44e-05       2.49e-05       2.53e-05       2.58e-05       2.62e-05       2.67e-05       2.71e-05       2.76e-05       2.81e-05       2.85e-05       2.90e-05       2.95e-05       3.03e-05       3.11e-05       3.19e-05       3.27e-05       3.33e-05       3.42e-05       3.46e-05       3.51e-05       3.60e-05       3.81e-05       4.08e-05       4.28e-05       4.40e-05       4.50e-05
 8.25
  -10.6670  -10.5970  -10.1200  -10.0970  -10.0640  -10.0320  -10.0200  -10.0180  -10.0090  -10.0000   -9.9920   -9.9830   -9.9740   -9.9650   -9.9550   -9.9500   -9.9450   -9.9410   -9.9350   -9.9300   -9.9260   -9.9200   -9.9160   -9.9100   -9.9060   -9.9010   -9.8970   -9.8940   -9.8880   -9.8830   -9.8830   -9.8790   -9.8790   -9.8780   -9.8770   -9.8760   -9.8760   -9.8750   -9.7520   -9.6790   -9.6510   -9.3520   -7.1230   -7.0230   -6.9510   -6.8190   -6.6450   -6.3860   -6.1340
       6.19e-07       1.24e-06       4.89e-06       8.59e-06       1.23e-05       1.49e-05       1.59e-05       1.67e-05       1.78e-05       1.89e-05       2.00e-05       2.12e-05       2.23e-05       2.34e-05       2.43e-05       2.49e-05       2.54e-05       2.60e-05       2.66e-05       2.72e-05       2.77e-05       2.83e-05       2.89e-05       2.95e-05       3.01e-05       3.07e-05       3.12e-05       3.18e-05       3.24e-05       3.36e-05       3.36e-05       3.48e-05       3.48e-05       3.54e-05       3.60e-05       3.72e-05       3.72e-05       3.78e-05       3.84e-05       4.20e-05       4.26e-05       4.36e-05       4.56e-05       4.62e-05       4.74e-05       4.97e-05       5.26e-05       5.48e-05       5.62e-05
  8.3
  -10.0920  -10.0860  -10.0740  -10.0670  -10.0540  -10.0280  -10.0030   -9.9710   -9.9530   -9.8230   -9.7700   -9.6350   -7.1490   -7.0490   -6.9810   -6.8420   -6.6690   -6.4390   -6.2000
       2.77e-06       5.56e-06       8.37e-06       1.11e-05       1.39e-05       1.68e-05       1.96e-05       2.15e-05       2.29e-05       2.54e-05       2.85e-05       3.11e-05       3.27e-05       3.32e-05       3.43e-05       3.63e-05       3.89e-05       4.09e-05       4.22e-05
 8.35
  -10.1160  -10.1120  -10.1070  -10.0870  -10.0840  -10.0650  -10.0350  -10.0070   -9.7680   -9.6580   -9.5900   -7.5820   -7.1830   -7.0860   -7.0230   -6.8730   -6.7040   -6.4920   -6.2640
       1.72e-06       3.44e-06       5.17e-06       6.88e-06       8.63e-06       1.04e-05       1.15e-05       1.24e-05       1.39e-05       1.60e-05       1.76e-05       1.93e-05       2.03e-05       2.08e-05       2.16e-05       2.34e-05       2.56e-05       2.73e-05       2.84e-05
  8.4
  -10.9330  -10.8320  -10.1600  -10.1590  -10.1260  -10.0520   -9.9820   -9.8540   -9.8060   -9.7820   -9.7590   -9.7350   -9.7120   -9.6880   -9.4030   -7.7630   -7.3650   -7.2110   -6.9470   -6.7900   -6.7300   -6.6690   -6.5280   -6.3110   -5.6100   -5.1030
       2.38e-06       3.73e-06       6.40e-06       8.63e-06       1.06e-05       1.26e-05       1.34e-05       1.38e-05       1.41e-05       1.44e-05       1.47e-05       1.50e-05       1.53e-05       1.56e-05       1.60e-05       1.77e-05       1.86e-05       1.97e-05       2.12e-05       2.27e-05       2.30e-05       2.45e-05       2.60e-05       2.76e-05       2.79e-05       2.84e-05
 8.45
  -10.9540  -10.8710  -10.7670  -10.7540  -10.7510  -10.7490  -10.7330  -10.7120  -10.6850  -10.6850  -10.6660  -10.6480  -10.1690  -10.1010   -9.7580   -9.5660   -8.8210   -8.5670   -7.8690   -7.5100   -6.9080   -6.7280   -6.5810   -6.4330   -6.2120   -5.5410
       5.19e-06       1.14e-05       1.21e-05       1.32e-05       1.39e-05       1.95e-05       2.02e-05       2.09e-05       2.33e-05       2.33e-05       2.65e-05       2.72e-05       3.17e-05       3.65e-05       3.72e-05       3.80e-05       3.87e-05       4.29e-05       4.49e-05       4.67e-05       4.90e-05       5.12e-05       5.34e-05       5.56e-05       5.79e-05       5.88e-05
  8.5
  -10.8810  -10.8110  -10.7400  -10.6660  -10.5670  -10.5080  -10.5050  -10.4980  -10.4910  -10.4870  -10.4660  -10.4400  -10.4020  -10.3590  -10.3470  -10.3110   -9.6120   -8.9450   -8.0530   -7.5370   -7.1200   -6.9720   -6.6840   -6.5040   -6.3390   -6.1130
       7.94e-06       1.53e-05       2.39e-05       3.41e-05       4.32e-05       4.50e-05       4.61e-05       5.13e-05       5.41e-05       5.53e-05       5.64e-05       5.76e-05       5.88e-05       6.00e-05       6.12e-05       6.24e-05       6.36e-05       7.04e-05       7.38e-05       7.64e-05       7.77e-05       8.07e-05       8.37e-05       8.67e-05       8.97e-05       9.29e-05
 8.55
  -10.7130  -10.6000  -10.5070  -10.4430  -10.3920  -10.3150  -10.0990  -10.0000   -7.5370   -7.3490   -7.1880   -7.0600   -6.8930   -6.7860   -6.7000   -6.6170   -6.5390   -6.4230   -6.2600   -6.0740   -5.9400   -5.8550   -5.7690
       1.54e-05       3.00e-05       4.37e-05       5.65e-05       6.83e-05       7.82e-05       8.38e-05       8.73e-05       9.56e-05       9.64e-05       9.73e-05       9.85e-05       9.97e-05       1.01e-04       1.02e-04       1.04e-04       1.06e-04       1.09e-04       1.12e-04       1.14e-04       1.15e-04       1.16e-04       1.17e-04
  8.6
  -10.5420  -10.4640  -10.3950  -10.3470  -10.2700  -10.2590  -10.0240   -9.8120   -7.3970   -7.1970   -7.0540   -6.9470   -6.7960   -6.7100   -6.6360   -6.5510   -6.4490   -6.3320   -6.1980   -6.0140   -5.8590   -5.7710   -5.6780
       1.29e-05       2.50e-05       3.63e-05       4.67e-05       4.99e-05       5.86e-05       6.35e-05       7.71e-05       8.47e-05       8.61e-05       8.75e-05       8.94e-05       9.14e-05       9.31e-05       9.53e-05       9.79e-05       1.01e-04       1.06e-04       1.11e-04       1.15e-04       1.17e-04       1.18e-04       1.20e-04
 8.65
  -10.4200  -10.3590  -10.3020  -10.2040  -10.1330   -9.9480   -9.7550   -9.1250   -8.0430   -7.8950   -6.9410   -6.8410   -6.7110   -6.6400   -6.5770   -6.4860   -6.3590   -6.2430   -6.1140   -5.9320   -5.8010   -5.6880   -5.5880
       1.03e-05       1.98e-05       2.87e-05       3.61e-05       4.70e-05       5.12e-05       5.39e-05       6.54e-05       7.22e-05       7.42e-05       7.62e-05       7.89e-05       8.18e-05       8.43e-05       8.74e-05       9.11e-05       9.59e-05       1.02e-04       1.09e-04       1.15e-04       1.18e-04       1.20e-04       1.23e-04
  8.7
  -10.3240  -10.2560  -10.1480   -9.9340   -9.8140   -9.4520   -9.0740   -8.3650   -7.8670   -7.7380   -7.6560   -6.7620   -6.6360   -6.5770   -6.5280   -6.4200   -6.2680   -6.1540   -6.0300   -5.8510   -5.7200   -5.6260   -5.4980
       7.59e-06       1.46e-05       2.05e-05       2.38e-05       3.20e-05       3.42e-05       4.29e-05       5.20e-05       5.80e-05       6.06e-05       6.33e-05       6.69e-05       7.07e-05       7.41e-05       7.82e-05       8.31e-05       8.96e-05       9.82e-05       1.08e-04       1.15e-04       1.19e-04       1.22e-04       1.26e-04
 8.75
  -10.2210  -10.0920   -9.9290   -9.4460   -8.6460   -8.1880   -8.1200   -7.7850   -7.5960   -7.5310   -7.4880   -7.4580   -6.5600   -6.5210   -6.4780   -6.3540   -6.1780   -6.0650   -5.9460   -5.7960   -5.7460   -5.6220   -5.4370
       4.99e-06       9.15e-06       1.15e-05       1.69e-05       2.27e-05       2.42e-05       3.04e-05       3.68e-05       4.18e-05       4.52e-05       4.86e-05       5.32e-05       5.81e-05       6.24e-05       6.76e-05       7.39e-05       8.22e-05       9.32e-05       1.04e-04       1.11e-04       1.16e-04       1.22e-04       1.29e-04
  8.8
  -10.0990  -10.0100   -8.6860   -7.7360   -7.4750   -7.4140   -7.3930   -6.5200   -6.4750   -6.4160   -6.2880   -6.1360   -6.0430   -5.9680   -5.8090   -5.7030   -5.5850   -5.4380   -5.2260
       7.92e-06       1.20e-05       2.32e-05       3.44e-05       4.31e-05       4.86e-05       5.30e-05       5.74e-05       6.25e-05       6.81e-05       7.40e-05       8.01e-05       8.64e-05       9.59e-05       1.05e-04       1.12e-04       1.18e-04       1.25e-04       1.32e-04
 8.85
  -10.1930  -10.0710   -8.3590   -7.5820   -7.4090   -7.3730   -6.5170   -6.4720   -6.4210   -6.3510   -6.2110   -6.0570   -5.9630   -5.8770   -5.6850   -5.5600   -5.4190   -5.2530   -5.0510
       4.22e-06       1.25e-05       2.42e-05       3.58e-05       4.49e-05       5.07e-05       5.52e-05       5.98e-05       6.52e-05       7.10e-05       7.72e-05       8.36e-05       9.02e-05       1.00e-04       1.10e-04       1.17e-04       1.23e-04       1.30e-04       1.38e-04
  8.9
  -10.1410   -7.5760   -7.3750   -6.4850   -6.3830   -6.2140   -5.9780   -5.8300   -5.6720   -5.4900   -5.2660   -5.0160
       1.46e-05       2.99e-05       4.25e-05       5.25e-05       6.26e-05       7.28e-05       8.29e-05       9.30e-05       1.03e-04       1.13e-04       1.23e-04       1.35e-04
 8.95
  -10.0830   -7.5250   -7.3680   -6.4530   -6.3110   -6.1050   -5.8840   -5.7250   -5.5520   -5.3560   -5.1320   -4.9060
       1.48e-05       3.03e-05       4.32e-05       5.34e-05       6.37e-05       7.41e-05       8.44e-05       9.47e-05       1.05e-04       1.15e-04       1.26e-04       1.37e-04
  9.0
   -9.0370   -7.4940   -7.3680   -6.4220   -6.2400   -5.9950   -5.7900   -5.6190   -5.4290   -5.2210   -5.0050   -4.7740
       1.51e-05       3.07e-05       4.38e-05       5.43e-05       6.48e-05       7.53e-05       8.58e-05       9.64e-05       1.07e-04       1.17e-04       1.28e-04       1.40e-04
 9.05
  -10.2670   -8.1770   -7.4740   -7.3840   -6.3810   -6.1210   -5.8140   -5.5870   -5.3460   -5.0940   -4.8460   -4.5930
       8.67e-06       2.15e-05       3.47e-05       4.74e-05       5.98e-05       7.23e-05       8.48e-05       9.73e-05       1.10e-04       1.22e-04       1.34e-04       1.48e-04
  9.1
  -10.0470   -9.4220   -7.1740   -6.2120   -5.9610   -5.6420   -5.3560   -5.1040   -4.8420   -4.5930   -4.3560
       1.38e-05       2.09e-05       3.67e-05       5.12e-05       6.45e-05       7.80e-05       9.16e-05       1.05e-04       1.19e-04       1.32e-04       1.52e-04
 9.15
   -8.5650   -7.0840   -6.9370   -6.8430   -5.7680   -5.6520   -5.3990   -5.1600   -4.9270   -4.7000   -4.4660
       3.11e-05       6.41e-05       9.34e-05       1.19e-04       1.34e-04       1.60e-04       1.85e-04       2.10e-04       2.35e-04       2.58e-04       2.94e-04
  9.2
  -10.0630   -9.7830   -7.1830   -6.9290   -6.7970   -5.8320   -5.5010   -5.2120
       8.49e-06       2.57e-05       4.74e-05       6.53e-05       7.92e-05       9.30e-05       1.06e-04       1.19e-04
 9.25
  -10.1410   -9.9760   -7.2310   -6.8900   -6.7530   -6.5860   -6.4180   -5.7130
       6.21e-06       1.76e-05       3.11e-05       4.21e-05       5.06e-05       5.89e-05       6.66e-05       7.54e-05
  9.3
  -10.1450  -10.1350   -7.7680   -6.8940   -6.7140   -6.5630   -6.4050   -6.0490
       7.04e-06       9.35e-06       2.33e-05       3.37e-05       4.00e-05       4.62e-05       5.19e-05       5.87e-05
 9.35
  -10.1790   -7.8250   -6.9610   -6.7220   -6.5110   -6.3520   -6.1860
       7.87e-06       1.98e-05       2.84e-05       3.37e-05       3.88e-05       4.36e-05       4.92e-05
  9.4
  -10.2020   -7.8340   -7.1020   -6.8490   -6.5820   -6.5270   -6.3770
       7.71e-06       1.93e-05       2.76e-05       3.22e-05       3.68e-05       4.18e-05       4.60e-05
 9.45
  -10.1650   -7.7070   -7.0350   -6.7490   -6.6370   -6.4750
       7.23e-06       1.74e-05       2.50e-05       2.97e-05       3.51e-05       3.96e-05
  9.5
  -10.1470   -7.6650   -7.0180   -6.7510   -6.6860   -6.4910
       6.56e-06       1.58e-05       2.26e-05       2.69e-05       3.18e-05       3.58e-05
 9.55
   -9.7520   -7.5920   -6.9650   -6.6960   -6.6270   -6.4360
       5.64e-06       1.43e-05       2.06e-05       2.44e-05       2.87e-05       3.23e-05
 9.65
   -7.9290   -7.2040   -7.2030   -6.7610   -6.5230   -6.4110
       4.67e-06       1.03e-05       1.29e-05       1.77e-05       2.22e-05       2.59e-05
  9.7
   -7.4380   -7.4310   -7.0300   -6.5750   -6.4540   -6.2860
       4.37e-06       6.87e-06       1.21e-05       1.63e-05       1.98e-05       2.28e-05
 9.75
   -7.6370   -7.6270   -7.4300   -7.4090   -7.2880   -7.1490   -7.1270   -6.9880   -6.7720   -6.4160   -6.0880
       4.52e-07       1.31e-06       1.59e-06       3.73e-06       3.98e-06       7.72e-06       7.96e-06       8.11e-06       1.21e-05       1.56e-05       1.93e-05
  9.8
   -7.5440   -7.5220   -7.4510   -7.3880   -7.3550   -7.1320   -7.0760   -7.0380   -6.7370   -6.4570   -6.3640
       4.75e-07       1.39e-06       1.68e-06       3.97e-06       4.25e-06       8.23e-06       8.49e-06       8.64e-06       1.28e-05       1.65e-05       2.01e-05
  9.9
   -7.7560   -7.7230   -7.7090   -7.5850   -7.1530   -6.8500   -6.5750
       7.37e-07       2.02e-06       2.73e-06       6.02e-06       9.93e-06       1.32e-05       1.76e-05
 9.95
   -7.6610   -7.6210   -7.5900   -7.4740   -7.0080   -6.6870   -6.4010
       7.11e-07       1.95e-06       2.61e-06       5.76e-06       9.52e-06       1.26e-05       1.61e-05
 10.0
   -7.5400   -7.4920   -7.4610   -7.4100   -6.9130   -6.4110   -6.2470
       7.76e-07       1.63e-06       2.35e-06       5.03e-06       9.51e-06       1.26e-05       1.39e-05
10.05
   -7.3920   -7.3280   -7.2980   -7.2710   -6.8740   -6.4220   -6.2700
       7.79e-07       3.24e-06       3.95e-06       4.62e-06       8.73e-06       1.16e-05       1.28e-05
10.15
   -7.1390   -7.0820   -6.8790   -6.6800   -6.4600   -6.3130
       9.77e-07       2.65e-06       5.92e-06       6.83e-06       9.72e-06       1.11e-05
