 8.05
   -9.5200   -9.5190   -9.5180   -9.5170   -9.5150   -9.5120   -9.5070   -9.5060   -9.4990   -9.4920   -9.4900   -9.4810   -9.4710   -9.4610   -9.4500   -9.4390   -9.4280   -9.4170   -9.4040   -9.3930   -9.3810   -9.3690   -9.3560   -9.3450   -9.3330   -9.3210   -9.3090   -9.2980   -9.2870   -9.2750   -9.2630   -9.2520   -9.2410   -9.2310   -9.2190   -9.2090   -9.1980   -9.1880   -9.1780   -9.1680   -9.1580   -9.1500   -9.1410   -9.1330   -9.1250   -9.1160   -9.1080   -9.1010   -9.0940   -9.0890   -9.0850   -9.0750   -9.0640   -9.0480   -9.0260   -8.9740   -8.8700   -8.8270   -8.7280   -8.7260   -8.7210   -8.7120   -8.7010   -8.6900   -8.6710   -8.6560   -8.6320   -8.6000   -8.5920   -8.5910   -8.5000   -8.4020   -8.3700   -8.1750   -8.0550   -8.0270   -7.3950
       2.40e-08       4.84e-08       7.22e-08       9.66e-08       1.20e-07       1.45e-07       1.69e-07       1.93e-07       2.18e-07       2.53e-07       2.78e-07       3.02e-07       3.27e-07       3.52e-07       3.77e-07       4.02e-07       4.27e-07       4.52e-07       4.77e-07       5.03e-07       5.28e-07       5.53e-07       5.79e-07       6.04e-07       6.30e-07       6.56e-07       6.82e-07       7.08e-07       7.34e-07       7.60e-07       7.86e-07       8.12e-07       8.38e-07       8.64e-07       8.91e-07       9.17e-07       9.44e-07       9.70e-07       9.97e-07       1.02e-06       1.05e-06       1.08e-06       1.10e-06       1.13e-06       1.16e-06       1.19e-06       1.21e-06       1.24e-06       1.27e-06       1.35e-06       1.38e-06       1.41e-06       1.43e-06       1.46e-06       1.49e-06       1.52e-06       1.55e-06       1.63e-06       1.67e-06       1.70e-06       1.75e-06       1.81e-06       1.86e-06       1.88e-06       1.90e-06       1.93e-06       1.95e-06       1.99e-06       2.05e-06       2.08e-06       2.11e-06       2.14e-06       2.19e-06       2.23e-06       2.25e-06       2.28e-06       2.30e-06
  8.1
   -9.4700   -9.4690   -9.4690   -9.4660   -9.4640   -9.4610   -9.4550   -9.4470   -9.4390   -9.4290   -9.4190   -9.4080   -9.3970   -9.3850   -9.3730   -9.3610   -9.3500   -9.3370   -9.3250   -9.3120   -9.3000   -9.2880   -9.2750   -9.2630   -9.2510   -9.2390   -9.2270   -9.2150   -9.2040   -9.1920   -9.1800   -9.1700   -9.1590   -9.1470   -9.1370   -9.1260   -9.1150   -9.1050   -9.0940   -9.0850   -9.0750   -9.0730   -9.0650   -9.0550   -9.0470   -9.0370   -9.0150   -9.0060   -8.9980   -8.9900   -8.9820   -8.9740   -8.9660   -8.9570   -8.9450   -8.9190   -8.8690   -8.8140   -8.8010   -8.7630   -8.7260   -8.7010   -8.6880   -8.6710   -8.6590   -8.6300   -8.6130   -8.6110   -8.5790   -8.5650   -8.5590   -8.5370   -8.3220   -8.2810   -8.0840   -7.8840   -7.6770
       3.39e-08       1.02e-07       1.02e-07       1.36e-07       1.86e-07       2.21e-07       2.55e-07       2.89e-07       3.24e-07       3.59e-07       3.93e-07       4.28e-07       4.63e-07       4.98e-07       5.34e-07       5.69e-07       6.05e-07       6.40e-07       6.76e-07       7.12e-07       7.48e-07       7.84e-07       8.20e-07       8.56e-07       8.93e-07       9.29e-07       9.66e-07       1.00e-06       1.04e-06       1.08e-06       1.11e-06       1.15e-06       1.19e-06       1.22e-06       1.26e-06       1.30e-06       1.34e-06       1.37e-06       1.41e-06       1.45e-06       1.49e-06       1.64e-06       1.67e-06       1.71e-06       1.75e-06       1.79e-06       1.83e-06       1.87e-06       1.91e-06       1.94e-06       1.98e-06       2.02e-06       2.06e-06       2.10e-06       2.15e-06       2.19e-06       2.23e-06       2.37e-06       2.41e-06       2.45e-06       2.50e-06       2.56e-06       2.63e-06       2.71e-06       2.75e-06       2.82e-06       2.85e-06       2.88e-06       2.91e-06       3.02e-06       3.10e-06       3.14e-06       3.23e-06       3.27e-06       3.34e-06       3.39e-06       3.41e-06
 8.15
   -9.4080   -9.4040   -9.4020   -9.3920   -9.3770   -9.3600   -9.3400   -9.3190   -9.2970   -9.2750   -9.2530   -9.2300   -9.2080   -9.1870   -9.1660   -9.1450   -9.1250   -9.1050   -9.0900   -9.0860   -9.0670   -9.0480   -9.0300   -9.0210   -9.0120   -9.0040   -8.9940   -8.9850   -8.9770   -8.9680   -8.9540   -8.9320   -8.9230   -8.9160   -8.9090   -8.9020   -8.8960   -8.8900   -8.8860   -8.8820   -8.8780   -8.8730   -8.8670   -8.8600   -8.8520   -8.8400   -8.8170   -8.8000   -8.7540   -8.6340   -8.6140   -8.6030   -8.5830   -8.5470   -8.5370   -8.5100   -8.4140   -8.3440   -8.1120   -7.8860   -7.8220
       8.74e-08       1.75e-07       2.62e-07       3.51e-07       4.39e-07       5.28e-07       6.18e-07       7.08e-07       7.98e-07       8.88e-07       9.79e-07       1.07e-06       1.16e-06       1.25e-06       1.35e-06       1.44e-06       1.53e-06       1.62e-06       1.87e-06       1.96e-06       2.05e-06       2.15e-06       2.22e-06       2.27e-06       2.31e-06       2.36e-06       2.41e-06       2.46e-06       2.50e-06       2.55e-06       2.60e-06       2.65e-06       2.70e-06       2.74e-06       2.79e-06       2.84e-06       2.89e-06       2.94e-06       2.99e-06       3.04e-06       3.09e-06       3.13e-06       3.18e-06       3.23e-06       3.28e-06       3.33e-06       3.39e-06       3.69e-06       3.74e-06       3.83e-06       3.91e-06       3.97e-06       4.05e-06       4.14e-06       4.20e-06       4.30e-06       4.53e-06       4.58e-06       4.72e-06       4.84e-06       4.94e-06
  8.2
   -9.2660   -9.2630   -9.2610   -9.2530   -9.2420   -9.2290   -9.2150   -9.2000   -9.1830   -9.1660   -9.1510   -9.1350   -9.1190   -9.1040   -9.0880   -9.0730   -9.0580   -9.0440   -9.0300   -9.0150   -9.0000   -8.9920   -8.9850   -8.9780   -8.9710   -8.9640   -8.9570   -8.9490   -8.9420   -8.9350   -8.9250   -8.9100   -8.9040   -8.8980   -8.8920   -8.8860   -8.8800   -8.8750   -8.8700   -8.8670   -8.8640   -8.8600   -8.8570   -8.8540   -8.8500   -8.8440   -8.8320   -8.8010   -8.7640   -8.6580   -8.4880   -8.4730   -8.4710   -8.4520   -8.4420   -8.4280   -8.4140   -8.3960   -8.1720   -8.1030   -7.8930
       1.34e-07       2.68e-07       4.03e-07       5.39e-07       6.76e-07       8.13e-07       9.50e-07       1.09e-06       1.23e-06       1.37e-06       1.51e-06       1.65e-06       1.79e-06       1.93e-06       2.07e-06       2.21e-06       2.36e-06       2.50e-06       2.64e-06       2.79e-06       2.93e-06       3.29e-06       3.40e-06       3.47e-06       3.54e-06       3.62e-06       3.69e-06       3.76e-06       3.84e-06       3.91e-06       3.98e-06       4.06e-06       4.13e-06       4.21e-06       4.28e-06       4.35e-06       4.43e-06       4.50e-06       4.58e-06       4.65e-06       4.73e-06       4.81e-06       4.88e-06       4.96e-06       5.04e-06       5.11e-06       5.19e-06       5.27e-06       5.72e-06       5.80e-06       5.93e-06       6.06e-06       6.14e-06       6.27e-06       6.60e-06       6.73e-06       6.83e-06       6.98e-06       7.19e-06       7.33e-06       7.49e-06
 8.25
   -9.3490   -9.3000   -9.1220   -9.0970   -9.0620   -9.0270   -9.0140   -9.0110   -9.0010   -8.9910   -8.9860   -8.9830   -8.9730   -8.9630   -8.9560   -8.9520   -8.9420   -8.9350   -8.9300   -8.9260   -8.9250   -8.9190   -8.9130   -8.9080   -8.9020   -8.8970   -8.8910   -8.8850   -8.8800   -8.8760   -8.8720   -8.8650   -8.8590   -8.8540   -8.8510   -8.8490   -8.8480   -8.8470   -8.8470   -8.8470   -8.8440   -8.8390   -8.7130   -8.6790   -8.6070   -8.4140   -8.3330   -8.2970   -8.1570
       1.14e-07       2.28e-07       8.97e-07       1.57e-06       2.26e-06       2.74e-06       2.92e-06       3.05e-06       3.26e-06       3.47e-06       3.84e-06       4.05e-06       4.26e-06       4.46e-06       4.57e-06       4.78e-06       4.94e-06       5.04e-06       5.15e-06       5.25e-06       5.47e-06       5.57e-06       5.68e-06       5.78e-06       5.89e-06       6.00e-06       6.10e-06       6.21e-06       6.32e-06       6.43e-06       6.53e-06       6.64e-06       6.75e-06       6.86e-06       6.97e-06       7.08e-06       7.19e-06       7.52e-06       7.52e-06       7.52e-06       7.63e-06       8.05e-06       8.17e-06       8.69e-06       8.80e-06       9.22e-06       9.87e-06       1.01e-05       1.03e-05
  8.3
   -9.0060   -8.9990   -8.9840   -8.9800   -8.9610   -8.9320   -8.9020   -8.8740   -8.8660   -8.8590   -8.8460   -8.8440   -8.7700   -8.7120   -8.6510   -8.6220   -8.3860   -8.1930   -8.1430
       5.55e-07       1.11e-06       1.67e-06       2.22e-06       2.78e-06       3.35e-06       3.93e-06       4.25e-06       4.61e-06       4.72e-06       5.01e-06       5.21e-06       5.62e-06       6.12e-06       6.73e-06       7.24e-06       7.65e-06       8.18e-06       8.43e-06
 8.35
   -8.9400   -8.9380   -8.9280   -8.9140   -8.9030   -8.8800   -8.8450   -8.8140   -8.7770   -8.7630   -8.7630   -8.7620   -8.7020   -8.5700   -8.5650   -8.4530   -8.3570   -8.1250   -8.0490
       3.74e-07       7.45e-07       1.12e-06       1.49e-06       1.87e-06       2.25e-06       2.50e-06       2.69e-06       3.05e-06       3.46e-06       3.46e-06       3.56e-06       3.94e-06       4.27e-06       4.74e-06       5.18e-06       5.55e-06       5.78e-06       6.15e-06
  8.4
   -9.3740   -9.2930   -8.8960   -8.8940   -8.8640   -8.7890   -8.7010   -8.6750   -8.6680   -8.6600   -8.6440   -8.5730   -8.5560   -8.5240   -8.4990   -8.4730   -8.4500   -8.4480   -8.4230   -8.3980   -8.3120   -8.0910   -8.0900   -7.7120   -7.2980   -6.8260
       5.56e-07       8.69e-07       1.39e-06       2.01e-06       2.46e-06       2.95e-06       3.12e-06       3.53e-06       3.74e-06       3.99e-06       4.34e-06       4.45e-06       4.80e-06       4.87e-06       4.94e-06       5.01e-06       5.36e-06       5.43e-06       5.50e-06       5.58e-06       5.92e-06       6.30e-06       6.37e-06       6.45e-06       6.52e-06       6.63e-06
 8.45
   -9.3290   -9.2780   -9.1960   -9.1350   -9.1330   -9.1310   -9.1160   -9.1140   -9.0950   -9.0750   -9.0510   -9.0200   -8.8130   -8.7460   -8.6570   -8.6100   -8.5810   -8.5280   -8.4210   -8.3800   -8.2880   -8.1820   -8.1330   -7.9070   -7.8150   -7.1500
       1.30e-06       2.86e-06       4.25e-06       5.03e-06       5.29e-06       5.47e-06       5.91e-06       6.08e-06       6.26e-06       6.44e-06       6.61e-06       6.79e-06       7.92e-06       9.13e-06       1.02e-05       1.07e-05       1.11e-05       1.17e-05       1.22e-05       1.24e-05       1.30e-05       1.32e-05       1.37e-05       1.43e-05       1.45e-05       1.47e-05
  8.5
   -9.1690   -9.1430   -9.1140   -9.0770   -9.0220   -8.9800   -8.9610   -8.9580   -8.9510   -8.9360   -8.9190   -8.9000   -8.8730   -8.8350   -8.8100   -8.7550   -8.6240   -8.5450   -8.4970   -8.4140   -8.2840   -8.1420   -8.1280   -7.9540   -7.7230   -7.3980
       2.12e-06       4.09e-06       6.36e-06       9.10e-06       1.15e-05       1.29e-05       1.37e-05       1.41e-05       1.44e-05       1.47e-05       1.50e-05       1.54e-05       1.57e-05       1.60e-05       1.63e-05       1.66e-05       1.85e-05       1.94e-05       2.01e-05       2.09e-05       2.17e-05       2.20e-05       2.28e-05       2.36e-05       2.44e-05       2.48e-05
 8.55
   -8.9660   -8.9270   -8.8940   -8.8670   -8.8410   -8.7920   -8.6430   -8.5330   -8.4070   -8.3800   -8.3530   -8.3310   -8.2890   -8.2490   -8.2040   -8.1430   -8.0620   -7.9410   -7.7920   -7.6010   -7.4640   -7.3770   -7.2890
       4.35e-06       8.49e-06       1.24e-05       1.60e-05       1.94e-05       2.21e-05       2.37e-05       2.47e-05       2.71e-05       2.73e-05       2.76e-05       2.79e-05       2.82e-05       2.85e-05       2.89e-05       2.94e-05       3.00e-05       3.07e-05       3.16e-05       3.23e-05       3.26e-05       3.29e-05       3.33e-05
  8.6
   -8.8780   -8.7660   -8.7400   -8.7150   -8.6910   -8.6440   -8.5440   -8.5070   -8.2770   -8.2470   -8.2230   -8.1990   -8.1550   -8.1150   -8.0710   -7.9940   -7.8870   -7.7660   -7.6250   -7.4360   -7.3000   -7.2100   -7.1140
       4.07e-06       7.94e-06       1.16e-05       1.50e-05       1.81e-05       2.07e-05       2.16e-05       2.31e-05       2.54e-05       2.58e-05       2.62e-05       2.68e-05       2.74e-05       2.79e-05       2.86e-05       2.94e-05       3.04e-05       3.17e-05       3.32e-05       3.44e-05       3.50e-05       3.54e-05       3.61e-05
 8.65
   -8.7530   -8.6860   -8.6520   -8.6450   -8.5840   -8.5630   -8.5410   -8.4960   -8.3690   -8.0930   -8.0680   -8.0260   -8.0200   -7.9820   -7.9380   -7.8450   -7.7120   -7.5930   -7.4580   -7.2710   -7.1360   -7.0420   -6.9400
       3.46e-06       7.10e-06       9.27e-06       9.90e-06       1.32e-05       1.62e-05       1.90e-05       2.13e-05       2.27e-05       2.33e-05       2.41e-05       2.50e-05       2.59e-05       2.67e-05       2.77e-05       2.88e-05       3.04e-05       3.24e-05       3.47e-05       3.64e-05       3.74e-05       3.80e-05       3.91e-05
  8.7
   -8.5770   -8.5310   -8.5060   -8.4890   -8.4850   -8.4820   -8.4110   -8.3900   -8.3470   -8.2690   -7.9370   -7.8850   -7.8490   -7.8050   -7.6960   -7.6260   -7.5380   -7.4190   -7.2910   -7.1070   -6.9720   -6.8760   -6.7650
       2.72e-06       5.62e-06       8.66e-06       1.07e-05       1.15e-05       1.24e-05       1.50e-05       1.73e-05       1.93e-05       2.04e-05       2.16e-05       2.29e-05       2.40e-05       2.53e-05       2.70e-05       2.77e-05       2.99e-05       3.27e-05       3.59e-05       3.84e-05       3.97e-05       4.06e-05       4.21e-05
 8.75
   -8.4060   -8.3650   -8.3480   -8.3350   -8.3270   -8.3250   -8.3220   -8.3190   -8.2410   -8.1980   -8.1740   -7.7500   -7.7150   -7.6730   -7.5480   -7.3620   -7.3020   -7.2460   -7.1240   -6.9700   -6.9180   -6.7900   -6.5980
       1.88e-06       3.90e-06       6.06e-06       8.31e-06       1.01e-05       1.12e-05       1.24e-05       1.40e-05       1.58e-05       1.72e-05       1.81e-05       1.98e-05       2.13e-05       2.31e-05       2.53e-05       2.82e-05       2.88e-05       3.26e-05       3.65e-05       3.88e-05       4.04e-05       4.26e-05       4.50e-05
  8.8
   -8.2820   -8.2430   -8.2230   -8.2110   -8.2030   -8.1120   -8.0690   -7.6320   -7.5860   -7.5270   -7.3970   -7.2380   -7.1410   -7.0630   -6.8990   -6.7910   -6.6700   -6.5170   -6.3210
       4.12e-06       8.21e-06       1.14e-05       1.34e-05       1.50e-05       1.79e-05       1.94e-05       2.10e-05       2.29e-05       2.50e-05       2.71e-05       2.94e-05       3.17e-05       3.52e-05       3.87e-05       4.10e-05       4.33e-05       4.57e-05       4.83e-05
 8.85
   -8.1870   -8.1480   -8.1210   -8.1000   -8.0390   -8.0170   -7.5420   -7.5000   -7.4480   -7.3780   -7.2340   -7.0740   -6.9750   -6.8860   -6.6890   -6.5610   -6.4150   -6.2440   -6.0500
       4.48e-06       8.94e-06       1.24e-05       1.46e-05       1.63e-05       1.94e-05       2.12e-05       2.29e-05       2.50e-05       2.72e-05       2.96e-05       3.21e-05       3.46e-05       3.84e-05       4.22e-05       4.48e-05       4.73e-05       4.99e-05       5.28e-05
  8.9
   -8.0640   -8.0190   -7.9490   -7.4290   -7.3270   -7.1560   -6.9090   -6.7550   -6.5930   -6.4050   -6.1740   -5.9060
       6.09e-06       1.11e-05       1.70e-05       2.10e-05       2.51e-05       2.91e-05       3.32e-05       3.72e-05       4.13e-05       4.53e-05       4.93e-05       5.39e-05
 8.95
   -8.1180   -7.9910   -7.9340   -7.3140   -7.1710   -6.9590   -6.7290   -6.5640   -6.3860   -6.1840   -5.9540   -5.7080
       6.19e-06       1.26e-05       1.80e-05       2.23e-05       2.66e-05       3.09e-05       3.52e-05       3.95e-05       4.38e-05       4.81e-05       5.23e-05       5.72e-05
  9.0
   -8.0230   -7.9180   -7.8500   -7.1990   -7.0160   -6.7630   -6.5470   -6.3720   -6.1760   -5.9630   -5.7360   -5.5120
       6.53e-06       1.33e-05       1.90e-05       2.35e-05       2.81e-05       3.26e-05       3.72e-05       4.18e-05       4.63e-05       5.09e-05       5.53e-05       6.06e-05
 9.05
   -7.9270   -7.8500   -7.8160   -7.7810   -7.0750   -6.8100   -6.4880   -6.2540   -6.0060   -5.7460   -5.4790   -5.2400
       5.78e-06       1.17e-05       1.56e-05       2.13e-05       2.69e-05       3.25e-05       3.82e-05       4.38e-05       4.94e-05       5.50e-05       6.03e-05       6.65e-05
  9.1
   -7.9510   -7.9150   -7.7130   -7.6740   -7.5980   -7.4840   -7.3430   -7.1770   -6.9960   -6.2080   -5.9550
       6.42e-06       1.38e-05       2.05e-05       2.39e-05       3.01e-05       3.64e-05       4.27e-05       4.91e-05       5.54e-05       6.15e-05       7.08e-05
 9.15
   -7.9980   -7.8390   -7.5970   -7.4900   -7.3630   -7.2140   -7.1410   -7.0470   -6.3270   -6.0870   -5.8750
       1.50e-05       3.10e-05       4.51e-05       5.73e-05       6.96e-05       8.18e-05       8.95e-05       1.02e-04       1.13e-04       1.25e-04       1.42e-04
  9.2
   -7.9460   -7.8950   -7.7690   -7.5820   -7.4560   -7.3040   -7.1300   -6.3980
       4.24e-06       1.51e-05       2.37e-05       3.27e-05       3.96e-05       4.65e-05       5.32e-05       5.94e-05
 9.25
   -7.9380   -7.8480   -7.7300   -7.5430   -7.4070   -7.2460   -7.0730   -6.4800
       3.21e-06       1.02e-05       1.60e-05       2.17e-05       2.61e-05       3.04e-05       3.44e-05       3.90e-05
  9.3
   -7.8870   -7.8580   -7.8190   -7.4980   -7.3680   -7.2170   -7.0580   -6.4970
       7.45e-06       1.12e-05       1.24e-05       1.80e-05       2.13e-05       2.46e-05       2.77e-05       3.13e-05
 9.35
   -7.8470   -7.8320   -7.4500   -7.3180   -7.1640   -7.0050   -6.4410
       6.54e-06       1.09e-05       1.56e-05       1.85e-05       2.13e-05       2.40e-05       2.71e-05
  9.4
   -7.8060   -7.7860   -7.3880   -7.2580   -7.1150   -6.9680   -6.2880
       4.37e-06       1.10e-05       1.56e-05       1.83e-05       2.08e-05       2.32e-05       2.61e-05
 9.45
   -7.7410   -7.7120   -7.3490   -7.1940   -7.0330   -6.4730
       4.22e-06       1.01e-05       1.46e-05       1.73e-05       2.00e-05       2.31e-05
  9.5
   -7.7100   -7.6760   -7.3350   -7.1860   -7.0340   -6.5220
       3.94e-06       9.47e-06       1.36e-05       1.62e-05       1.86e-05       2.15e-05
 9.55
   -7.8440   -7.6180   -7.2900   -7.1360   -6.9790   -6.4650
       3.48e-06       8.80e-06       1.27e-05       1.50e-05       1.72e-05       1.99e-05
 9.65
   -7.7380   -7.6550   -7.4060   -7.1300   -6.9270   -6.3600
       1.74e-06       4.78e-06       8.41e-06       1.15e-05       1.39e-05       1.68e-05
  9.7
   -7.6570   -7.5340   -7.2850   -6.9960   -6.8260   -6.2830
       1.67e-06       4.58e-06       8.06e-06       1.08e-05       1.28e-05       1.52e-05
 9.75
   -7.5980   -7.5880   -7.5820   -7.5670   -7.5550   -7.5430   -7.5380   -7.3760   -7.1210   -6.8880   -6.6670
       3.09e-07       8.97e-07       1.08e-06       1.26e-06       1.42e-06       1.52e-06       2.99e-06       5.54e-06       8.25e-06       1.06e-05       1.32e-05
  9.8
   -7.6910   -7.6880   -7.6880   -7.6860   -7.6720   -7.6120   -7.4270   -7.1450   -6.8860   -6.7800   -6.2910
       3.33e-07       7.20e-07       7.20e-07       9.18e-07       1.56e-06       3.16e-06       5.94e-06       8.89e-06       1.14e-05       1.15e-05       1.41e-05
  9.9
   -7.5590   -7.5480   -7.5210   -7.3930   -7.0130   -6.7480   -6.4340
       5.40e-07       1.06e-06       2.00e-06       4.41e-06       7.28e-06       9.65e-06       1.29e-05
 9.95
   -7.4570   -7.4330   -7.4130   -7.2760   -6.8670   -6.5850   -6.2550
       5.33e-07       1.03e-06       1.96e-06       4.32e-06       7.14e-06       9.47e-06       1.20e-05
 10.0
   -7.3380   -7.3140   -7.2830   -7.2060   -6.7660   -6.2860   -6.0970
       5.95e-07       1.15e-06       1.80e-06       3.86e-06       7.29e-06       9.67e-06       1.06e-05
10.05
   -7.2100   -7.1950   -7.1440   -7.1090   -6.7400   -6.2940   -6.1200
       6.10e-07       1.17e-06       3.10e-06       3.62e-06       6.84e-06       9.06e-06       1.00e-05
10.15
   -7.0150   -6.9720   -6.7660   -6.5650   -6.3260   -6.1590
       7.98e-07       2.17e-06       4.83e-06       5.58e-06       7.93e-06       9.08e-06
