  5.5
    7.7220    8.4920    8.6230    8.9000    9.1850    9.6160   10.2830
       1.78e-01       3.02e-01       4.72e-01       5.85e-01       6.72e-01       7.72e-01       8.28e-01
 5.55
    7.7220    8.4920    8.6230    8.9000    9.1850    9.6160   10.2830
       1.78e-01       3.02e-01       4.72e-01       5.85e-01       6.72e-01       7.72e-01       8.28e-01
  5.6
    7.7220    8.4920    8.6230    8.9000    9.1850    9.6160   10.2830
       1.78e-01       3.02e-01       4.72e-01       5.85e-01       6.72e-01       7.72e-01       8.28e-01
 5.65
    7.7220    8.4920    8.6230    8.9000    9.1850    9.6160   10.2830
       1.78e-01       3.02e-01       4.72e-01       5.85e-01       6.72e-01       7.72e-01       8.28e-01
  5.7
    7.7220    8.4920    8.6230    8.9000    9.1850    9.6160   10.2830
       1.78e-01       3.02e-01       4.72e-01       5.85e-01       6.72e-01       7.72e-01       8.28e-01
 5.75
    7.7220    8.4920    8.6230    8.9000    9.1850    9.6160   10.2830
       1.78e-01       3.02e-01       4.72e-01       5.85e-01       6.72e-01       7.72e-01       8.28e-01
  5.8
    7.7220    8.4920    8.6230    8.9000    9.1850    9.6160   10.2830
       1.78e-01       3.02e-01       4.72e-01       5.85e-01       6.72e-01       7.72e-01       8.28e-01
 5.85
    7.7220    8.4920    8.6230    8.9000    9.1850    9.6160   10.2830
       1.78e-01       3.02e-01       4.72e-01       5.85e-01       6.72e-01       7.72e-01       8.28e-01
  5.9
    7.7220    8.4920    8.6230    8.9000    9.1850    9.6160   10.2830
       1.78e-01       3.02e-01       4.72e-01       5.85e-01       6.72e-01       7.72e-01       8.28e-01
 5.95
    7.7220    8.4920    8.6230    8.9000    9.1850    9.6160   10.2830
       1.78e-01       3.02e-01       4.72e-01       5.85e-01       6.72e-01       7.72e-01       8.28e-01
  6.0
    7.7220    8.4920    8.6230    8.9000    9.1850    9.6160   10.2830
       1.78e-01       3.02e-01       4.72e-01       5.85e-01       6.72e-01       7.72e-01       8.28e-01
 6.05
    7.7220    8.4920    8.6230    8.9000    9.1850    9.6160   10.2830
       1.78e-01       3.02e-01       4.72e-01       5.85e-01       6.72e-01       7.72e-01       8.28e-01
  6.1
    7.7220    8.4920    8.6230    8.9000    9.1850    9.6160   10.2830
       1.78e-01       3.02e-01       4.72e-01       5.85e-01       6.72e-01       7.72e-01       8.28e-01
 6.15
    7.7220    8.4920    8.6230    8.9000    9.1850    9.6160   10.2830
       1.78e-01       3.02e-01       4.72e-01       5.85e-01       6.72e-01       7.72e-01       8.28e-01
  6.2
    7.7220    8.4920    8.6230    8.9000    9.1850    9.6160   10.2830
       1.78e-01       3.02e-01       4.72e-01       5.85e-01       6.72e-01       7.72e-01       8.28e-01
 6.25
    7.7220    8.4920    8.6230    8.9000    9.1850    9.6160   10.2830
       1.78e-01       3.02e-01       4.72e-01       5.85e-01       6.72e-01       7.72e-01       8.28e-01
  6.3
    7.7220    8.4920    8.6230    8.9000    9.1850    9.6160   10.2830
       1.78e-01       3.02e-01       4.72e-01       5.85e-01       6.72e-01       7.72e-01       8.28e-01
 6.35
    7.7220    8.4920    8.6230    8.9000    9.1850    9.6160   10.2830
       1.78e-01       3.02e-01       4.72e-01       5.85e-01       6.72e-01       7.72e-01       8.28e-01
  6.4
    7.7220    8.4920    8.6230    8.9000    9.1850    9.6160   10.2830
       1.78e-01       3.02e-01       4.72e-01       5.85e-01       6.72e-01       7.72e-01       8.28e-01
 6.45
    7.7220    8.4920    8.6230    8.9000    9.1850    9.6160   10.2830
       1.78e-01       3.02e-01       4.72e-01       5.85e-01       6.72e-01       7.72e-01       8.28e-01
  6.5
    7.7220    8.4920    8.6230    8.9000    9.1850    9.6160   10.2830
       1.78e-01       3.02e-01       4.72e-01       5.85e-01       6.72e-01       7.72e-01       8.28e-01
 6.55
    7.7220    8.4920    8.6230    8.9000    9.1850    9.6160   10.2830
       1.78e-01       3.02e-01       4.72e-01       5.85e-01       6.72e-01       7.72e-01       8.28e-01
  6.6
    7.7220    8.4920    8.6230    8.9000    9.1850    9.6160   10.2830
       1.78e-01       3.02e-01       4.72e-01       5.85e-01       6.72e-01       7.72e-01       8.28e-01
 6.65
    7.7220    8.4920    8.6230    8.9000    9.1850    9.6160   10.2830
       1.78e-01       3.02e-01       4.72e-01       5.85e-01       6.72e-01       7.72e-01       8.28e-01
  6.7
    7.7220    8.4920    8.6230    8.9000    9.1850    9.6160   10.2830
       1.78e-01       3.02e-01       4.72e-01       5.85e-01       6.72e-01       7.72e-01       8.28e-01
 6.75
    7.7220    8.4920    8.6230    8.9000    9.1850    9.6160   10.2830
       1.78e-01       3.02e-01       4.72e-01       5.85e-01       6.72e-01       7.72e-01       8.28e-01
  6.8
    7.7220    8.4920    8.6230    8.9000    9.1850    9.6160   10.2830
       1.78e-01       3.02e-01       4.72e-01       5.85e-01       6.72e-01       7.72e-01       8.28e-01
 6.85
    7.7220    8.4920    8.6230    8.9000    9.1850    9.6160   10.2830
       1.78e-01       3.02e-01       4.72e-01       5.85e-01       6.72e-01       7.72e-01       8.28e-01
  6.9
    7.7220    8.4920    8.6230    8.9000    9.1850    9.6160   10.2830
       1.78e-01       3.02e-01       4.72e-01       5.85e-01       6.72e-01       7.72e-01       8.28e-01
 6.95
    7.7220    8.4920    8.6230    8.9000    9.1850    9.6160   10.2830
       1.78e-01       3.02e-01       4.72e-01       5.85e-01       6.72e-01       7.72e-01       8.28e-01
  7.0
    7.7220    8.4920    8.6230    8.9000    9.1850    9.6160   10.2830
       1.78e-01       3.02e-01       4.72e-01       5.85e-01       6.72e-01       7.72e-01       8.28e-01
 7.05
    7.7220    8.4920    8.6230    8.9000    9.1850    9.6160   10.2830
       1.78e-01       3.02e-01       4.72e-01       5.85e-01       6.72e-01       7.72e-01       8.28e-01
  7.1
    7.7220    8.4920    8.6230    8.9000    9.1850    9.6160   10.2830
       1.78e-01       3.02e-01       4.72e-01       5.85e-01       6.72e-01       7.72e-01       8.28e-01
 7.15
    7.7220    8.4920    8.6230    8.9000    9.1850    9.6160   10.2830
       1.78e-01       3.02e-01       4.72e-01       5.85e-01       6.72e-01       7.72e-01       8.28e-01
  7.2
    7.7220    8.4920    8.6230    8.9000    9.1850    9.6160   10.2830
       1.78e-01       3.02e-01       4.72e-01       5.85e-01       6.72e-01       7.72e-01       8.28e-01
 7.25
    7.7220    8.4920    8.6230    8.9000    9.1850    9.6160   10.2830
       1.78e-01       3.02e-01       4.72e-01       5.85e-01       6.72e-01       7.72e-01       8.28e-01
  7.3
    7.7220    8.4920    8.6230    8.9000    9.1850    9.6160   10.2830
       1.78e-01       3.02e-01       4.72e-01       5.85e-01       6.72e-01       7.72e-01       8.28e-01
 7.35
    7.7220    8.4920    8.6230    8.9000    9.1850    9.6160   10.2830
       1.78e-01       3.02e-01       4.72e-01       5.85e-01       6.72e-01       7.72e-01       8.28e-01
  7.4
    7.7220    8.4920    8.6230    8.9000    9.1850    9.6160   10.2830
       1.78e-01       3.02e-01       4.72e-01       5.85e-01       6.72e-01       7.72e-01       8.28e-01
 7.45
    7.7220    8.4920    8.6230    8.9000    9.1850    9.6160   10.2830
       1.78e-01       3.02e-01       4.72e-01       5.85e-01       6.72e-01       7.72e-01       8.28e-01
  7.5
    7.7220    8.4920    8.6230    8.9000    9.1850    9.6160   10.2830
       1.78e-01       3.02e-01       4.72e-01       5.85e-01       6.72e-01       7.72e-01       8.28e-01
  7.6
    7.7220    8.4920    8.6230    8.9000    9.1850    9.6160   10.2830
       1.78e-01       3.02e-01       4.72e-01       5.85e-01       6.72e-01       7.72e-01       8.28e-01
 7.65
    7.7220    8.4920    8.6230    8.9000    9.1850    9.6160   10.2830
       1.78e-01       3.02e-01       4.72e-01       5.85e-01       6.72e-01       7.72e-01       8.28e-01
  7.7
    7.7220    8.4920    8.6230    8.9000    9.1850    9.6160   10.2830
       1.78e-01       3.02e-01       4.72e-01       5.85e-01       6.72e-01       7.72e-01       8.28e-01
 7.75
    7.7220    8.4920    8.6230    8.9000    9.1850    9.6160   10.2830
       1.78e-01       3.02e-01       4.72e-01       5.85e-01       6.72e-01       7.72e-01       8.28e-01
 7.85
    7.7220    8.4920    8.6230    8.9000    9.1850    9.6160   10.2830
       1.78e-01       3.02e-01       4.72e-01       5.85e-01       6.72e-01       7.72e-01       8.28e-01
  7.9
    7.7210    8.4920    8.6230    8.9000    9.1850    9.6160   10.2830
       1.78e-01       3.02e-01       4.72e-01       5.85e-01       6.72e-01       7.72e-01       8.28e-01
 7.95
    7.7210    8.4920    8.6230    8.9000    9.1850    9.6160   10.2830
       1.78e-01       3.02e-01       4.72e-01       5.85e-01       6.72e-01       7.72e-01       8.28e-01
  8.0
    7.7210    8.4920    8.6230    8.9000    9.1850    9.6160   10.2830
       1.78e-01       3.02e-01       4.72e-01       5.85e-01       6.72e-01       7.72e-01       8.28e-01
 8.05
  -13.8760  -13.8740  -13.8660  -13.8650  -13.8500  -13.8300  -13.8070  -13.8040  -13.7940  -13.7920  -13.7850  -13.7770  -13.7770  -13.7690  -13.7580  -13.7470  -13.7350  -13.7210  -13.7080  -13.6930  -13.6790  -13.6640  -13.6490  -13.6330  -13.6180  -13.6020  -13.5870  -13.5710  -13.5550  -13.5390  -13.5240  -13.5080  -13.4920  -13.4770  -13.4610  -13.4450  -13.4290  -13.4130  -13.3980  -13.3820  -13.3650  -13.3490  -13.3320  -13.3150  -13.2980  -13.2810  -13.2630  -13.2440  -13.2250  -13.2220  -13.2040  -13.1820  -13.1600  -13.1360  -13.1140  -13.1130  -13.0840  -13.0540  -13.0360  -13.0220  -13.0180  -12.9950  -12.9870  -12.9510  -12.9130  -12.8980  -12.8730  -12.8410  -12.8400  -10.3910  -10.1150   -9.8680   -9.6360   -9.4300   -9.2720   -8.8230   -8.8100    7.7210    8.4920    8.6230    8.9000    9.1850    9.6160   10.2830
       1.49e-06       1.49e-06       1.53e-06       1.54e-06       1.58e-06       1.63e-06       3.19e-08       1.68e-06       5.33e-08       7.47e-08       9.62e-08       1.18e-07       1.72e-06       1.40e-07       1.61e-07       1.83e-07       2.05e-07       2.27e-07       2.49e-07       2.71e-07       2.93e-07       3.16e-07       3.38e-07       3.61e-07       3.83e-07       4.06e-07       4.28e-07       4.51e-07       4.74e-07       4.96e-07       5.20e-07       5.43e-07       5.65e-07       5.89e-07       6.12e-07       6.35e-07       6.58e-07       6.82e-07       7.05e-07       7.29e-07       7.52e-07       7.76e-07       7.99e-07       8.23e-07       8.47e-07       8.71e-07       8.95e-07       9.19e-07       9.43e-07       1.04e-06       9.67e-07       9.91e-07       1.01e-06       1.06e-06       1.17e-06       1.09e-06       1.11e-06       1.14e-06       1.24e-06       1.19e-06       1.27e-06       1.32e-06       1.22e-06       1.29e-06       1.34e-06       1.40e-06       1.37e-06       1.45e-06       1.42e-06       1.79e-06       1.86e-06       1.92e-06       1.96e-06       2.00e-06       2.02e-06       2.16e-06       3.13e-06       1.78e-01       3.02e-01       4.72e-01       5.85e-01       6.72e-01       7.72e-01       8.28e-01
  8.1
  -13.7760  -13.7700  -13.7680  -13.7630  -13.7580  -13.7580  -13.7480  -13.7420  -13.7350  -13.7330  -13.7250  -13.7180  -13.7150  -13.7040  -13.6950  -13.6920  -13.6790  -13.6660  -13.6530  -13.6390  -13.6250  -13.6110  -13.5960  -13.5810  -13.5660  -13.5520  -13.5370  -13.5220  -13.5080  -13.4920  -13.4780  -13.4630  -13.4490  -13.4340  -13.4190  -13.4050  -13.3900  -13.3750  -13.3610  -13.3450  -13.3310  -13.3160  -13.3010  -13.2860  -13.2700  -13.2550  -13.2400  -13.2230  -13.2110  -13.2070  -13.1900  -13.1730  -13.1540  -13.1360  -13.1310  -13.1100  -13.0860  -13.0610  -13.0340  -13.0060  -12.9730  -12.9470  -12.9390  -12.9070  -12.9050  -12.8940  -12.8880  -12.8850  -12.8810  -12.8780  -10.3790  -10.1060   -9.8440   -9.5920   -9.3400   -9.1250    7.7210    8.4920    8.6230    8.9000    9.1850    9.6160   10.2830
       1.94e-06       1.96e-06       2.05e-06       1.99e-06       4.14e-08       2.10e-06       6.91e-08       9.70e-08       2.17e-06       1.25e-07       1.53e-07       2.22e-06       1.81e-07       2.10e-07       2.28e-06       2.38e-07       2.66e-07       2.95e-07       3.24e-07       3.52e-07       3.81e-07       4.10e-07       4.39e-07       4.68e-07       4.97e-07       5.26e-07       5.56e-07       5.86e-07       6.15e-07       6.45e-07       6.75e-07       7.04e-07       7.34e-07       7.64e-07       7.94e-07       8.25e-07       8.55e-07       8.85e-07       9.16e-07       9.46e-07       9.77e-07       1.01e-06       1.04e-06       1.07e-06       1.10e-06       1.13e-06       1.16e-06       1.19e-06       1.38e-06       1.22e-06       1.25e-06       1.29e-06       1.32e-06       1.35e-06       1.41e-06       1.44e-06       1.48e-06       1.51e-06       1.54e-06       1.58e-06       1.61e-06       1.71e-06       1.64e-06       1.74e-06       1.67e-06       1.84e-06       1.81e-06       1.77e-06       1.91e-06       1.88e-06       2.40e-06       2.52e-06       2.61e-06       2.69e-06       2.75e-06       2.79e-06       1.78e-01       3.02e-01       4.72e-01       5.85e-01       6.72e-01       7.72e-01       8.28e-01
 8.15
  -13.6910  -13.6810  -13.6640  -13.6590  -13.6590  -13.6460  -13.6370  -13.6280  -13.6260  -13.6170  -13.6030  -13.6020  -13.5800  -13.5560  -13.5310  -13.5060  -13.4800  -13.4550  -13.4300  -13.4050  -13.3800  -13.3560  -13.3310  -13.3070  -13.2830  -13.2580  -13.2330  -13.2080  -13.1960  -13.1830  -13.1710  -13.1580  -13.1450  -13.1310  -13.1190  -13.1120  -13.1120  -13.0980  -13.0820  -13.0650  -13.0470  -13.0260  -13.0040  -12.9790  -12.9630  -12.9530  -12.9240  -12.8920  -12.8600  -12.8220  -12.7800  -12.7660  -12.7390  -12.6940  -12.6810  -10.4010  -10.0980   -9.6920   -9.3760   -9.0670    7.7210    8.4920    8.6230    8.9000    9.1850    9.6160   10.2830
       6.67e-08       1.34e-07       2.01e-07       2.57e-06       2.65e-06       2.68e-07       2.72e-06       2.78e-06       3.36e-07       2.85e-06       4.04e-07       2.91e-06       4.73e-07       5.42e-07       6.11e-07       6.80e-07       7.49e-07       8.19e-07       8.89e-07       9.59e-07       1.03e-06       1.10e-06       1.17e-06       1.24e-06       1.31e-06       1.39e-06       1.46e-06       1.51e-06       1.55e-06       1.58e-06       1.62e-06       1.66e-06       1.69e-06       1.73e-06       1.77e-06       1.80e-06       1.84e-06       1.88e-06       1.91e-06       1.95e-06       1.99e-06       2.03e-06       2.06e-06       2.10e-06       2.21e-06       2.14e-06       2.18e-06       2.25e-06       2.29e-06       2.33e-06       2.37e-06       2.44e-06       2.40e-06       2.48e-06       2.52e-06       3.10e-06       3.33e-06       3.50e-06       3.61e-06       3.69e-06       1.78e-01       3.02e-01       4.72e-01       5.85e-01       6.72e-01       7.72e-01       8.28e-01
  8.2
  -13.5330  -13.5220  -13.5050  -13.5020  -13.4970  -13.4880  -13.4740  -13.4690  -13.4590  -13.4480  -13.4440  -13.4370  -13.4280  -13.4060  -13.3840  -13.3610  -13.3390  -13.3170  -13.2950  -13.2740  -13.2520  -13.2300  -13.2090  -13.1870  -13.1650  -13.1420  -13.1190  -13.0960  -13.0840  -13.0740  -13.0720  -13.0600  -13.0470  -13.0350  -13.0230  -13.0090  -13.0000  -12.9940  -12.9790  -12.9640  -12.9480  -12.9320  -12.9130  -12.8920  -12.8690  -12.8440  -12.8160  -12.7860  -12.7530  -12.7140  -12.7120  -12.6710  -12.6250  -12.6230  -12.5740  -12.5350  -10.3020  -10.0680   -9.7270   -9.4450   -9.1500   -8.5480   -8.5430   -8.4480   -8.4080    7.7210    8.4920    8.6230    8.9000    9.1850    9.6160   10.2830
       9.67e-08       1.94e-07       2.91e-07       3.87e-06       3.94e-06       3.89e-07       4.04e-06       4.88e-07       4.13e-06       5.86e-07       4.23e-06       4.33e-06       6.86e-07       7.85e-07       8.86e-07       9.86e-07       1.09e-06       1.19e-06       1.29e-06       1.39e-06       1.49e-06       1.60e-06       1.70e-06       1.80e-06       1.91e-06       2.01e-06       2.11e-06       2.19e-06       2.24e-06       2.77e-06       2.30e-06       2.35e-06       2.40e-06       2.46e-06       2.51e-06       2.56e-06       2.62e-06       2.67e-06       2.83e-06       2.88e-06       2.93e-06       2.99e-06       3.04e-06       3.10e-06       3.15e-06       3.20e-06       3.26e-06       3.31e-06       3.37e-06       3.42e-06       3.53e-06       3.48e-06       3.59e-06       3.65e-06       3.71e-06       3.76e-06       4.58e-06       4.91e-06       5.14e-06       5.29e-06       5.40e-06       5.84e-06       6.14e-06       6.17e-06       6.79e-06       1.78e-01       3.02e-01       4.72e-01       5.85e-01       6.72e-01       7.72e-01       8.28e-01
 8.25
  -13.3520  -13.2940  -13.2900  -13.2220  -13.1560  -13.1300  -13.1230  -13.1030  -13.0850  -13.0660  -13.0450  -13.0250  -13.0030  -12.9810  -12.9710  -12.9600  -12.9480  -12.9360  -12.9240  -12.9120  -12.8990  -12.8860  -12.8720  -12.8580  -12.8440  -12.8300  -12.8140  -12.7970  -12.7780  -12.7570  -12.7340  -12.7080  -12.6790  -12.6730  -12.6450  -12.6040  -12.5710  -12.5450  -12.5160  -12.4760  -12.4730  -12.4480  -10.3220  -10.2800  -10.2410  -10.1490   -9.9850   -9.7050   -9.4340   -8.9100   -8.6590   -8.6530   -8.4580   -8.4090   -8.4070   -8.3370    7.7210    8.4920    8.6230    8.9000    9.1850    9.6160   10.2830
       4.59e-07       5.49e-06       9.24e-07       1.39e-06       1.72e-06       1.85e-06       1.94e-06       2.08e-06       2.22e-06       2.36e-06       2.51e-06       2.65e-06       2.79e-06       2.90e-06       2.97e-06       3.05e-06       3.12e-06       3.19e-06       3.26e-06       3.34e-06       3.41e-06       3.48e-06       3.56e-06       3.63e-06       3.70e-06       3.78e-06       3.85e-06       3.93e-06       4.00e-06       4.07e-06       4.15e-06       4.22e-06       4.30e-06       4.57e-06       4.37e-06       4.45e-06       4.65e-06       4.73e-06       4.81e-06       4.88e-06       4.96e-06       5.04e-06       5.74e-06       5.82e-06       5.97e-06       6.26e-06       6.62e-06       6.90e-06       7.08e-06       8.06e-06       8.51e-06       8.76e-06       9.19e-06       1.03e-05       1.15e-05       1.19e-05       1.78e-01       3.02e-01       4.72e-01       5.85e-01       6.72e-01       7.72e-01       8.28e-01
  8.3
  -13.2290  -13.1720  -13.1580  -13.0940  -13.0300  -12.9650  -12.8910  -12.8090  -12.7330  -12.7150  -12.6760  -12.5610  -10.2240  -10.1920  -10.1680  -10.0790   -9.9320   -9.6830   -9.4240   -8.9470   -8.6790   -8.6740   -8.4680   -8.4670   -8.4150   -8.3680   -8.3110   -8.3020   -8.2500   -8.2250   -8.1580    7.7210    8.4920    8.6230    8.9000    9.1850    9.6160   10.2830
       3.60e-07       4.10e-06       7.26e-07       1.09e-06       1.46e-06       1.84e-06       2.21e-06       2.59e-06       3.16e-06       2.83e-06       3.35e-06       3.75e-06       4.31e-06       4.38e-06       4.52e-06       4.79e-06       5.13e-06       5.39e-06       5.56e-06       6.43e-06       6.83e-06       7.10e-06       7.59e-06       8.80e-06       9.74e-06       1.11e-05       1.16e-05       1.20e-05       1.22e-05       1.24e-05       1.39e-05       1.78e-01       3.02e-01       4.72e-01       5.85e-01       6.72e-01       7.72e-01       8.28e-01
 8.35
  -13.0250  -13.0230  -12.9640  -12.9040  -12.8360  -12.7580  -12.7250  -12.6690  -12.6130  -12.5740  -12.5330  -10.2470  -10.1300  -10.1080  -10.0950  -10.0140   -9.8750   -9.6600   -9.4140   -8.9820   -8.6990   -8.6960   -8.5740   -8.5260   -8.4770   -8.4420   -8.3410   -8.3320   -8.2850   -8.2590   -8.0910    7.7210    8.4920    8.6230    8.9000    9.1850    9.6160   10.2830
       2.35e-07       2.43e-06       4.72e-07       7.10e-07       9.49e-07       1.19e-06       1.40e-06       1.65e-06       2.08e-06       1.80e-06       2.20e-06       2.66e-06       2.93e-06       2.99e-06       2.78e-06       3.23e-06       3.53e-06       3.77e-06       3.92e-06       4.66e-06       5.00e-06       5.30e-06       6.34e-06       7.71e-06       8.26e-06       8.76e-06       8.94e-06       1.05e-05       1.10e-05       1.13e-05       1.29e-05       1.78e-01       3.02e-01       4.72e-01       5.85e-01       6.72e-01       7.72e-01       8.28e-01
  8.4
  -12.8730  -12.8300  -12.7960  -12.7220  -12.6250  -12.5890  -12.5750  -12.5600  -12.5590  -12.5450  -12.5380  -12.5270  -12.5070  -12.4690  -12.4400  -10.2050  -10.0770  -10.0340   -9.9620   -9.8620   -9.7610   -9.6200   -9.3860   -8.6360   -8.6270   -8.5520   -8.4230   -8.3350   -8.2280   -8.2170   -8.1740   -7.9480    7.7210    8.4920    8.6230    8.9000    9.1850    9.6160   10.2830
       2.99e-07       6.23e-07       5.78e-07       9.45e-07       1.33e-06       1.72e-06       1.76e-06       1.87e-06       1.83e-06       2.11e-06       1.68e-06       2.15e-06       2.20e-06       2.07e-06       2.31e-06       2.56e-06       2.69e-06       2.84e-06       3.06e-06       3.28e-06       3.50e-06       3.71e-06       3.95e-06       4.84e-06       4.95e-06       5.34e-06       7.57e-06       8.08e-06       9.65e-06       9.95e-06       1.15e-05       1.31e-05       1.78e-01       3.02e-01       4.72e-01       5.85e-01       6.72e-01       7.72e-01       8.28e-01
 8.45
  -12.5740  -12.5230  -12.5010  -12.4590  -12.4490  -12.3870  -12.3500  -12.3250  -12.3200  -12.3140  -12.3050  -12.3030  -12.2880  -12.2700  -12.2490  -12.2220  -11.2060  -10.2540  -10.0560   -9.9880   -9.8310   -9.7180   -9.5980   -9.4390   -9.1970   -8.4420   -8.4150   -8.3310   -8.1560   -8.1210   -8.1090   -8.0800   -7.8950    7.7180    8.4920    8.6230    8.9000    9.1850    9.6160   10.2830
       7.32e-07       2.20e-06       1.52e-06       3.14e-06       4.84e-06       3.99e-06       4.46e-06       5.00e-06       5.10e-06       4.72e-06       5.21e-06       5.64e-06       5.32e-06       5.42e-06       5.53e-06       5.75e-06       5.86e-06       6.49e-06       6.80e-06       7.07e-06       7.41e-06       7.75e-06       8.08e-06       8.41e-06       8.77e-06       1.01e-05       1.02e-05       1.06e-05       1.12e-05       1.37e-05       1.55e-05       1.58e-05       1.75e-05       1.78e-01       3.02e-01       4.72e-01       5.85e-01       6.72e-01       7.72e-01       8.28e-01
  8.5
  -12.4510  -12.4260  -12.4140  -12.3680  -12.3640  -12.3560  -12.3550  -12.3530  -12.3510  -12.3480  -12.3480  -12.3460  -12.3380  -12.3120  -12.2600  -12.2030  -12.1960  -10.2030   -9.9140   -9.8140   -9.7340   -9.6880   -9.4360   -9.2580   -9.0090   -8.2500   -8.2030   -8.1090   -7.9880   -7.9760   -7.9430   -7.8180    7.7180    8.4920    8.6230    8.9000    9.1850    9.6160   10.2830
       2.26e-06       2.26e-06       4.34e-06       7.14e-06       3.89e-06       9.50e-06       8.40e-06       8.58e-06       8.76e-06       8.94e-06       9.31e-06       9.13e-06       6.86e-06       5.69e-06       9.69e-06       9.89e-06       1.01e-05       1.12e-05       1.17e-05       1.21e-05       1.26e-05       1.31e-05       1.35e-05       1.40e-05       1.45e-05       1.63e-05       1.65e-05       1.69e-05       1.89e-05       1.95e-05       1.99e-05       2.27e-05       1.78e-01       3.02e-01       4.72e-01       5.85e-01       6.72e-01       7.72e-01       8.28e-01
 8.55
  -12.4790  -12.4790  -12.4370  -12.4320  -12.3560  -12.3350  -12.2450  -12.1770   -9.6380   -9.6080   -9.5850   -9.5670   -9.5450   -9.5310   -9.5220   -9.5110   -9.4850   -9.4410   -9.0960   -8.8880   -8.7420   -8.6510   -8.5600   -8.0010   -7.9910   -7.8980   -7.7850   -7.7000    7.7170    8.4920    8.6230    8.9000    9.1850    9.6160   10.2830
       1.64e-06       3.60e-06       6.65e-06       5.72e-06       8.93e-06       1.19e-05       1.14e-05       1.45e-05       1.59e-05       1.60e-05       1.61e-05       1.63e-05       1.65e-05       1.67e-05       1.69e-05       1.72e-05       1.76e-05       1.80e-05       1.85e-05       1.89e-05       1.91e-05       1.93e-05       1.95e-05       2.05e-05       2.06e-05       2.14e-05       2.30e-05       2.49e-05       1.78e-01       3.02e-01       4.72e-01       5.85e-01       6.72e-01       7.72e-01       8.28e-01
  8.6
  -12.3440  -12.3430  -12.3130  -12.2470  -12.1720  -12.0710  -12.0270  -10.0940   -9.4480   -9.4270   -9.4140   -9.3990   -9.3770   -9.3680   -9.3620   -9.3520   -9.3270   -9.2760   -9.2100   -9.0810   -8.5790   -8.4840   -8.3830   -7.7990   -7.7710   -7.6870    7.7170    8.4920    8.6220    8.9000    9.1850    9.6160   10.2830
       2.37e-06       8.59e-07       4.19e-06       6.15e-06       8.25e-06       1.05e-05       1.10e-05       1.34e-05       1.47e-05       1.50e-05       1.52e-05       1.55e-05       1.59e-05       1.62e-05       1.66e-05       1.70e-05       1.76e-05       1.84e-05       1.92e-05       1.99e-05       2.03e-05       2.05e-05       2.09e-05       2.26e-05       2.27e-05       2.35e-05       1.78e-01       3.02e-01       4.72e-01       5.85e-01       6.72e-01       7.72e-01       8.28e-01
 8.65
  -12.2480  -12.2090  -12.1350  -12.0600  -11.9870  -11.8160  -10.4490   -9.5940   -9.2620   -9.2430   -9.2350   -9.2320   -9.2130   -9.2070   -9.2010   -9.1920   -9.1700   -9.1120   -9.0390   -8.9110   -8.8200   -8.3160   -8.2060   -7.5960   -7.5480    7.7170    8.4920    8.6220    8.9000    9.1850    9.6160   10.2830
       7.63e-07       2.11e-06       3.72e-06       5.46e-06       7.33e-06       7.81e-06       9.80e-06       1.19e-05       1.31e-05       1.35e-05       1.39e-05       1.44e-05       1.49e-05       1.53e-05       1.59e-05       1.66e-05       1.75e-05       1.86e-05       1.99e-05       2.09e-05       2.15e-05       2.18e-05       2.25e-05       2.48e-05       2.49e-05       1.78e-01       3.02e-01       4.72e-01       5.85e-01       6.72e-01       7.72e-01       8.28e-01
  8.7
  -12.1510  -12.0770  -12.0740  -11.9570  -11.8740  -10.1800   -9.5060   -9.1830   -9.0750   -9.0590   -9.0530   -9.0520   -9.0510   -9.0450   -9.0410   -9.0330   -9.0120   -8.9470   -8.8680   -8.7400   -8.6540   -8.5950   -8.0290   -7.3930    7.7170    8.4920    8.6250    8.9000    9.1850    9.6160   10.2830
       6.35e-07       2.16e-06       1.75e-06       3.51e-06       4.95e-06       6.51e-06       8.17e-06       9.91e-06       1.10e-05       1.16e-05       1.21e-05       1.27e-05       1.35e-05       1.41e-05       1.49e-05       1.58e-05       1.71e-05       1.87e-05       2.05e-05       2.19e-05       2.27e-05       2.32e-05       2.40e-05       2.72e-05       1.78e-01       3.02e-01       4.72e-01       5.85e-01       6.72e-01       7.72e-01       8.28e-01
 8.75
  -12.0540  -11.9400  -11.7790  -10.2960   -9.8490   -9.2440   -8.9740   -8.8920   -8.8840   -8.8810   -8.8790   -8.8730   -8.8720   -8.8650   -8.8650   -8.8640   -8.8550   -8.7830   -8.6970   -8.5890   -8.5550   -8.4780   -8.3720   -7.1910    7.7170    8.4920    8.6250    8.9000    9.1850    9.6160   10.2830
       4.71e-07       1.30e-06       2.30e-06       2.61e-06       3.68e-06       4.83e-06       6.06e-06       7.35e-06       1.24e-05       1.35e-05       1.16e-05       1.47e-05       1.06e-05       8.34e-06       9.69e-06       9.02e-06       1.64e-05       1.86e-05       2.08e-05       2.21e-05       2.31e-05       2.43e-05       2.57e-05       2.97e-05       1.78e-01       3.02e-01       4.72e-01       5.85e-01       6.72e-01       7.72e-01       8.28e-01
  8.8
  -11.8800  -11.8560   -9.2490   -8.7890   -8.7700   -8.7670   -8.7660   -8.7580   -8.7580   -8.7500   -8.7430   -8.7200   -8.6770   -8.6270   -8.5150   -8.4420   -8.3650   -8.2760   -7.5600    7.7160    8.4920    8.6240    8.9000    9.1850    9.6160   10.2830
       8.45e-07       2.50e-06       4.85e-06       7.18e-06       1.20e-05       1.31e-05       1.11e-05       1.02e-05       1.42e-05       9.00e-06       1.55e-05       1.67e-05       1.80e-05       2.00e-05       2.20e-05       2.34e-05       2.47e-05       2.60e-05       2.75e-05       1.78e-01       3.02e-01       4.72e-01       5.85e-01       6.72e-01       7.72e-01       8.28e-01
 8.85
  -11.7970  -11.6020   -9.0330   -8.6680   -8.6630   -8.6600   -8.6560   -8.6510   -8.6500   -8.6340   -8.6130   -8.5830   -8.5330   -8.4750   -8.3430   -8.2610   -8.1730   -8.0750    7.7160    8.4920    8.6240    8.9000    9.1850    9.6160   10.2830
       1.80e-06       2.73e-06       5.28e-06       7.83e-06       1.31e-05       1.21e-05       1.11e-05       9.82e-06       1.43e-05       1.55e-05       1.69e-05       1.83e-05       1.97e-05       2.19e-05       2.41e-05       2.56e-05       2.70e-05       2.85e-05       1.78e-01       3.02e-01       4.72e-01       5.85e-01       6.72e-01       7.72e-01       8.28e-01
  8.9
  -11.6580   -8.5760   -8.5560   -8.5550   -8.5370   -8.4980   -8.4430   -8.3540   -8.2470   -8.1280   -7.9880    7.7150    8.4920    8.6240    8.9000    9.1850    9.6160   10.2830
       3.35e-06       6.84e-06       9.74e-06       1.20e-05       1.43e-05       1.67e-05       1.90e-05       2.13e-05       2.36e-05       2.59e-05       2.82e-05       1.78e-01       3.02e-01       4.72e-01       5.85e-01       6.72e-01       7.72e-01       8.28e-01
 8.95
  -10.7460   -8.4890   -8.4770   -8.4750   -8.4300   -8.3720   -8.2970   -8.1950   -8.0780   -7.9490   -7.8070    7.7150    8.4920    8.6240    8.9000    9.1850    9.6160   10.2830
       3.56e-06       7.27e-06       1.04e-05       1.28e-05       1.53e-05       1.78e-05       2.02e-05       2.27e-05       2.52e-05       2.77e-05       3.01e-05       1.78e-01       3.02e-01       4.72e-01       5.85e-01       6.72e-01       7.72e-01       8.28e-01
  9.0
   -9.5090   -8.4070   -8.3980   -8.3840   -8.3240   -8.2460   -8.1520   -8.0360   -7.9090   -7.7700    7.7120    8.4920    8.6240    8.9000    9.1850    9.6160   10.2830
       3.78e-06       7.72e-06       1.10e-05       1.36e-05       1.63e-05       1.89e-05       2.16e-05       2.42e-05       2.68e-05       2.95e-05       1.78e-01       3.02e-01       4.72e-01       5.85e-01       6.72e-01       7.72e-01       8.28e-01
 9.05
  -11.5070   -8.8180   -8.3370   -8.3330   -8.2920   -8.2000   -8.0860   -7.9470   -7.7830   -6.6400    7.7110    8.4920    8.6240    8.9000    9.1850    9.6160   10.2830
       2.28e-06       5.66e-06       9.12e-06       1.25e-05       1.57e-05       1.90e-05       2.23e-05       2.56e-05       2.89e-05       3.21e-05       1.78e-01       3.02e-01       4.72e-01       5.85e-01       6.72e-01       7.72e-01       8.28e-01
  9.1
  -11.3310  -10.9210   -8.2760   -8.2610   -8.1830   -8.0690   -7.9330   -7.7690   -7.5890    7.7100    8.4920    8.6260    8.9000    9.1850    9.6160   10.2830
       1.98e-06       5.77e-06       1.01e-05       1.41e-05       1.78e-05       2.15e-05       2.52e-05       2.90e-05       3.27e-05       1.78e-01       3.02e-01       4.72e-01       5.85e-01       6.72e-01       7.72e-01       8.28e-01
 9.15
   -9.3350   -8.2190   -8.1820   -8.0740   -7.9500   -7.8060   -7.6400   -6.4960    7.7100    8.4920    8.6260    8.9000    9.1850    9.6160   10.2830
       8.97e-06       1.85e-05       2.69e-05       3.42e-05       4.15e-05       4.88e-05       5.61e-05       6.32e-05       1.78e-01       3.02e-01       4.72e-01       5.85e-01       6.72e-01       7.72e-01       8.28e-01
  9.2
  -11.6240  -11.4840   -8.2600   -8.1670   -8.0410   -7.8920   -7.7220   -6.5750    7.7090    8.4920    8.6260    8.9000    9.1850    9.6160   10.2830
       2.56e-06       7.76e-06       1.43e-05       1.97e-05       2.39e-05       2.81e-05       3.21e-05       3.59e-05       1.78e-01       3.02e-01       4.72e-01       5.85e-01       6.72e-01       7.72e-01       8.28e-01
 9.25
  -11.6180  -11.4360   -8.2370   -8.1280   -7.9910   -7.8350   -7.6650   -6.8830    7.7050    8.4920    8.6260    8.9000    9.1850    9.6160   10.2830
       1.96e-06       5.57e-06       9.82e-06       1.33e-05       1.60e-05       1.86e-05       2.11e-05       2.38e-05       1.78e-01       3.02e-01       4.72e-01       5.85e-01       6.72e-01       7.72e-01       8.28e-01
  9.3
  -11.5560  -11.5270   -8.3970   -8.0830   -7.9520   -7.8060   -7.6500   -6.9150    7.7040    8.4920    8.6280    8.9000    9.1850    9.6160   10.2830
       2.33e-06       3.10e-06       7.72e-06       1.12e-05       1.32e-05       1.53e-05       1.72e-05       1.94e-05       1.78e-01       3.02e-01       4.72e-01       5.85e-01       6.72e-01       7.72e-01       8.28e-01
 9.35
  -11.5350   -8.2950   -8.0350   -7.9030   -7.7540   -7.5980   -6.8570    7.7030    8.4920    8.6270    8.9000    9.1850    9.6160   10.2830
       2.73e-06       6.85e-06       9.85e-06       1.17e-05       1.35e-05       1.51e-05       1.71e-05       1.78e-01       3.02e-01       4.72e-01       5.85e-01       6.72e-01       7.72e-01       8.28e-01
  9.4
  -11.5140   -8.2320   -7.9720   -7.8450   -7.7060   -7.5600   -6.4700    7.6990    8.4920    8.6270    8.9000    9.1850    9.6160   10.2830
       2.80e-06       7.02e-06       1.00e-05       1.17e-05       1.34e-05       1.49e-05       1.67e-05       1.78e-01       3.02e-01       4.72e-01       5.85e-01       6.72e-01       7.72e-01       8.28e-01
 9.45
  -11.4580   -8.1870   -7.9330   -7.7820   -7.6240   -6.8930   -6.2490   -6.1770    7.6980    8.4920    8.6290    8.9000    9.1850    9.6160   10.2830
       2.75e-06       6.61e-06       9.49e-06       1.13e-05       1.30e-05       1.51e-05       1.54e-05       2.13e-05       1.78e-01       3.02e-01       4.72e-01       5.85e-01       6.72e-01       7.72e-01       8.28e-01
  9.5
  -11.4300   -8.1800   -7.9190   -7.7730   -7.6250   -6.9670   -6.3340   -6.3140   -6.2140    7.6930    8.4920    8.6290    8.9000    9.1850    9.6160   10.2830
       2.61e-06       6.28e-06       9.01e-06       1.07e-05       1.23e-05       1.43e-05       1.46e-05       1.75e-05       2.34e-05       1.78e-01       3.02e-01       4.72e-01       5.85e-01       6.72e-01       7.72e-01       8.28e-01
 9.55
  -10.0800   -8.1770   -7.8750   -7.7230   -7.5700   -6.9120   -6.2550   -6.2520   -6.2490   -6.1890    7.6910    8.4920    8.6310    8.9000    9.1850    9.6160   10.2830
       2.35e-06       5.95e-06       8.57e-06       1.02e-05       1.17e-05       1.35e-05       1.36e-05       1.62e-05       2.19e-05       2.30e-05       1.78e-01       3.02e-01       4.72e-01       5.85e-01       6.72e-01       7.72e-01       8.28e-01
 9.65
   -8.4100   -8.3290   -7.9900   -7.7150   -7.5170   -6.8050   -6.3050   -6.2400   -6.0160    7.6840    8.4920    8.6320    8.9000    9.1850    9.6160   10.2830
       2.13e-06       3.36e-06       5.92e-06       8.08e-06       9.77e-06       1.18e-05       1.28e-05       1.84e-05       1.85e-05       1.78e-01       3.02e-01       4.72e-01       5.85e-01       6.72e-01       7.72e-01       8.28e-01
  9.7
   -8.2690   -8.1210   -7.8700   -7.5820   -7.4170   -6.7210   -6.3330   -6.0310   -6.0150   -5.9980   -5.9520    7.6790    8.4920    8.6340    8.9000    9.1850    9.6160   10.2830
       1.20e-06       3.29e-06       5.79e-06       7.78e-06       9.19e-06       1.09e-05       1.46e-05       1.48e-05       2.24e-05       2.45e-05       2.56e-05       1.78e-01       3.02e-01       4.72e-01       5.85e-01       6.72e-01       7.72e-01       8.28e-01
 9.75
   -8.3200   -8.2780   -8.2260   -8.1770   -8.1420   -8.1350   -8.1290   -7.9610   -7.7050   -7.4770   -7.2600   -6.3650   -6.0450   -6.0360   -6.0050   -5.9530    7.6730    8.4920    8.6360    8.9000    9.1850    9.6160   10.2830
       2.26e-07       6.57e-07       7.93e-07       9.19e-07       1.04e-06       1.12e-06       2.19e-06       4.06e-06       6.04e-06       7.79e-06       9.67e-06       1.33e-05       1.34e-05       2.08e-05       2.29e-05       2.34e-05       1.78e-01       3.02e-01       4.72e-01       5.85e-01       6.72e-01       7.72e-01       8.28e-01
  9.8
   -8.3430   -8.3160   -8.2960   -8.2960   -8.2810   -8.1970   -8.0120   -7.7310   -7.4760   -6.7350   -6.3980   -6.0570   -6.0560   -6.0000   -5.9430    7.6670    8.4920    8.6370    8.9000    9.1850    9.6160   10.2830
       2.38e-07       3.84e-07       5.26e-07       1.11e-06       6.56e-07       2.25e-06       4.24e-06       6.35e-06       8.14e-06       9.98e-06       1.35e-05       2.07e-05       2.07e-05       2.27e-05       2.32e-05       1.78e-01       3.02e-01       4.72e-01       5.85e-01       6.72e-01       7.72e-01       8.28e-01
  9.9
   -8.1170   -8.1040   -8.0690   -7.9370   -7.5350   -7.2460   -6.8990   -6.4600   -6.4020   -6.0750   -6.0580   -6.0100   -5.9660   -5.7800   -5.7650    7.6540    8.4920    8.6430    8.9000    9.1850    9.6160   10.2830
       3.68e-07       7.25e-07       1.37e-06       3.01e-06       4.97e-06       6.58e-06       8.82e-06       9.39e-06       1.30e-05       1.89e-05       1.90e-05       2.18e-05       2.22e-05       2.86e-05       2.97e-05       1.78e-01       3.02e-01       4.72e-01       5.85e-01       6.72e-01       7.72e-01       8.28e-01
 9.95
   -8.0090   -7.9730   -7.9590   -7.8210   -7.3890   -7.0810   -6.7160   -6.4910   -6.4310   -6.0850   -6.0320   -6.0310   -5.9380   -5.7840   -5.7450    7.6440    8.4920    8.6450    8.9000    9.1850    9.6160   10.2830
       3.56e-07       6.87e-07       1.31e-06       2.88e-06       4.76e-06       6.31e-06       8.03e-06       8.58e-06       1.21e-05       1.78e-05       1.79e-05       1.97e-05       2.01e-05       2.63e-05       2.73e-05       1.78e-01       3.02e-01       4.72e-01       5.85e-01       6.72e-01       7.72e-01       8.28e-01
 10.0
   -7.8840   -7.8410   -7.8290   -7.7520   -7.2920   -6.7650   -6.5540   -6.5210   -6.4600   -6.1710   -6.0960   -6.0450   -6.0090   -5.9170   -5.7870    7.6360    8.4920    8.6480    8.9000    9.1850    9.6160   10.2830
       3.88e-07       7.49e-07       1.18e-06       2.52e-06       4.76e-06       6.30e-06       7.45e-06       6.83e-06       1.08e-05       1.17e-05       1.72e-05       1.77e-05       1.78e-05       1.84e-05       2.44e-05       1.78e-01       3.02e-01       4.72e-01       5.85e-01       6.72e-01       7.72e-01       8.28e-01
10.05
   -7.7530   -7.6980   -7.6880   -7.5270   -7.2580   -6.7690   -6.5760   -6.5520   -6.5020   -6.1660   -6.1580   -6.0180   -5.9990   -5.9030   -5.8660   -5.5970    7.6240    8.4920    8.6500    8.9000    9.1850    9.6160   10.2830
       3.89e-07       7.46e-07       1.98e-06       2.31e-06       4.37e-06       5.78e-06       6.77e-06       6.15e-06       9.41e-06       1.39e-05       1.50e-05       1.55e-05       1.56e-05       1.62e-05       2.07e-05       2.56e-05       1.78e-01       3.02e-01       4.72e-01       5.85e-01       6.72e-01       7.72e-01       8.28e-01
10.15
   -7.4940   -7.4780   -7.2740   -6.7980   -6.6120   -6.6070   -6.5510   -6.1940   -6.1440   -6.0070   -5.9870   -5.8730   -5.6780   -5.5930    7.5990    8.4920    8.6590    8.9000    9.1850    9.6160   10.2830
       4.88e-07       1.33e-06       2.96e-06       4.40e-06       7.90e-06       4.75e-06       7.19e-06       1.21e-05       1.34e-05       1.38e-05       1.45e-05       1.87e-05       1.96e-05       2.41e-05       1.78e-01       3.02e-01       4.72e-01       5.85e-01       6.72e-01       7.72e-01       8.28e-01
