 8.05
  -12.2620  -12.2550  -12.2540  -12.2490  -12.2430  -12.2360  -12.2260  -12.2160  -12.2060  -12.1930  -12.1810  -12.1670  -12.1540  -12.1400  -12.1260  -12.1110  -12.0970  -12.0820  -12.0680  -12.0520  -12.0380  -12.0230  -12.0080  -11.9930  -11.9790  -11.9640  -11.9490  -11.9340  -11.9190  -11.9040  -11.8900  -11.8750  -11.8600  -11.8450  -11.8290  -11.8140  -11.7980  -11.7830  -11.7660  -11.7490  -11.7320  -11.7140  -11.6950  -11.6750  -11.6550  -11.6340  -11.6290  -11.6100  -11.5850  -11.5580  -11.5390  -11.5290  -11.4990  -11.4830  -11.4790  -11.4710  -11.4670  -11.4330  -11.4170  -11.4020  -11.3920  -11.3240  -11.3240  -11.3200  -11.3090  -11.2920  -11.2910  -11.2720  -11.2500  -10.8670  -10.1600   -9.8860   -9.6400   -9.4100   -9.2050   -9.0480   -8.2180
       3.04e-07       5.09e-07       7.14e-07       9.19e-07       1.12e-06       1.33e-06       1.54e-06       1.75e-06       1.96e-06       2.17e-06       2.38e-06       2.59e-06       2.80e-06       3.02e-06       3.23e-06       3.44e-06       3.66e-06       3.87e-06       4.09e-06       4.31e-06       4.52e-06       4.74e-06       4.96e-06       5.18e-06       5.40e-06       5.62e-06       5.84e-06       6.06e-06       6.29e-06       6.51e-06       6.73e-06       6.96e-06       7.18e-06       7.41e-06       7.63e-06       7.86e-06       8.09e-06       8.32e-06       8.54e-06       8.77e-06       9.00e-06       9.23e-06       9.46e-06       9.69e-06       9.92e-06       1.02e-05       1.04e-05       1.06e-05       1.09e-05       1.11e-05       1.14e-05       1.16e-05       1.19e-05       1.21e-05       1.24e-05       1.26e-05       1.28e-05       1.31e-05       1.33e-05       1.36e-05       1.38e-05       1.42e-05       1.42e-05       1.46e-05       1.48e-05       1.51e-05       1.56e-05       1.60e-05       1.64e-05       1.66e-05       1.73e-05       1.80e-05       1.85e-05       1.90e-05       1.93e-05       1.96e-05       1.97e-05
  8.1
  -12.2170  -12.2100  -12.2050  -12.1980  -12.1910  -12.1810  -12.1720  -12.1600  -12.1490  -12.1370  -12.1240  -12.1110  -12.0970  -12.0840  -12.0700  -12.0560  -12.0420  -12.0280  -12.0130  -12.0000  -11.9860  -11.9710  -11.9570  -11.9430  -11.9290  -11.9160  -11.9010  -11.8870  -11.8730  -11.8590  -11.8460  -11.8320  -11.8180  -11.8040  -11.7890  -11.7760  -11.7610  -11.7470  -11.7330  -11.7180  -11.7030  -11.6880  -11.6720  -11.6550  -11.6390  -11.6310  -11.6120  -11.6100  -11.5920  -11.5710  -11.5470  -11.5230  -11.4960  -11.4670  -11.4380  -11.4160  -11.4130  -11.4100  -11.4010  -11.3950  -11.3760  -11.3670  -11.2310  -11.2220  -11.2210  -11.2190  -11.2170  -11.2070  -11.1950  -11.1790  -10.1480   -9.8770   -9.6160   -9.3650   -9.1150   -8.9020   -8.4490
       3.78e-07       6.31e-07       8.85e-07       1.14e-06       1.40e-06       1.65e-06       1.91e-06       2.17e-06       2.43e-06       2.69e-06       2.95e-06       3.21e-06       3.48e-06       3.74e-06       4.00e-06       4.27e-06       4.54e-06       4.80e-06       5.07e-06       5.34e-06       5.61e-06       5.88e-06       6.15e-06       6.42e-06       6.70e-06       6.97e-06       7.24e-06       7.52e-06       7.80e-06       8.07e-06       8.35e-06       8.63e-06       8.91e-06       9.19e-06       9.47e-06       9.75e-06       1.00e-05       1.03e-05       1.06e-05       1.09e-05       1.12e-05       1.14e-05       1.17e-05       1.20e-05       1.23e-05       1.26e-05       1.29e-05       1.32e-05       1.35e-05       1.38e-05       1.41e-05       1.44e-05       1.47e-05       1.50e-05       1.53e-05       1.56e-05       1.59e-05       1.62e-05       1.65e-05       1.68e-05       1.71e-05       1.74e-05       1.77e-05       1.79e-05       1.81e-05       1.86e-05       1.92e-05       1.98e-05       2.03e-05       2.08e-05       2.19e-05       2.30e-05       2.38e-05       2.45e-05       2.50e-05       2.55e-05       2.56e-05
 8.15
  -12.1530  -12.1450  -12.1310  -12.1140  -12.0950  -12.0740  -12.0510  -12.0280  -12.0040  -11.9800  -11.9550  -11.9310  -11.9070  -11.8830  -11.8590  -11.8360  -11.8120  -11.7890  -11.7660  -11.7430  -11.7200  -11.6960  -11.6840  -11.6730  -11.6610  -11.6490  -11.6370  -11.6250  -11.6130  -11.6050  -11.6010  -11.5890  -11.5740  -11.5590  -11.5430  -11.5260  -11.5070  -11.4860  -11.4640  -11.4400  -11.4130  -11.3890  -11.3870  -11.3550  -11.3200  -11.2860  -11.2640  -11.2460  -11.2240  -11.1230  -11.1190  -11.1060  -11.1050  -11.1020  -11.0930  -10.1680   -9.8680   -9.4640   -9.1500   -8.9880   -8.8440
       5.81e-07       1.16e-06       1.75e-06       2.34e-06       2.93e-06       3.52e-06       4.12e-06       4.72e-06       5.32e-06       5.92e-06       6.53e-06       7.13e-06       7.74e-06       8.36e-06       8.97e-06       9.59e-06       1.02e-05       1.08e-05       1.14e-05       1.21e-05       1.27e-05       1.32e-05       1.35e-05       1.38e-05       1.41e-05       1.44e-05       1.48e-05       1.51e-05       1.54e-05       1.57e-05       1.60e-05       1.64e-05       1.67e-05       1.70e-05       1.73e-05       1.76e-05       1.80e-05       1.83e-05       1.86e-05       1.89e-05       1.93e-05       1.96e-05       1.99e-05       2.03e-05       2.06e-05       2.09e-05       2.13e-05       2.16e-05       2.20e-05       2.24e-05       2.31e-05       2.36e-05       2.42e-05       2.48e-05       2.54e-05       2.70e-05       2.90e-05       3.05e-05       3.14e-05       3.22e-05       3.30e-05
  8.2
  -12.0000  -11.9920  -11.9770  -11.9610  -11.9440  -11.9250  -11.9060  -11.8860  -11.8650  -11.8440  -11.8230  -11.8030  -11.7820  -11.7620  -11.7420  -11.7210  -11.7010  -11.6810  -11.6610  -11.6400  -11.6190  -11.5970  -11.5870  -11.5760  -11.5650  -11.5530  -11.5420  -11.5310  -11.5190  -11.5090  -11.5020  -11.4890  -11.4760  -11.4710  -11.4620  -11.4480  -11.4320  -11.4140  -11.3950  -11.3740  -11.3520  -11.3270  -11.3010  -11.2690  -11.2350  -11.1980  -11.1980  -11.1600  -11.1560  -11.1210  -10.9720  -10.9700  -10.9540  -10.9460  -10.9380  -10.9340  -10.0670   -9.8370   -9.4980   -9.2180   -8.9250
       8.04e-07       1.61e-06       2.42e-06       3.24e-06       4.06e-06       4.88e-06       5.70e-06       6.53e-06       7.37e-06       8.20e-06       9.04e-06       9.88e-06       1.07e-05       1.16e-05       1.24e-05       1.33e-05       1.41e-05       1.50e-05       1.59e-05       1.67e-05       1.76e-05       1.82e-05       1.87e-05       1.91e-05       1.95e-05       2.00e-05       2.04e-05       2.09e-05       2.13e-05       2.18e-05       2.22e-05       2.26e-05       2.31e-05       2.40e-05       2.44e-05       2.49e-05       2.53e-05       2.58e-05       2.62e-05       2.67e-05       2.71e-05       2.76e-05       2.80e-05       2.85e-05       2.89e-05       2.99e-05       2.99e-05       3.03e-05       3.08e-05       3.13e-05       3.22e-05       3.28e-05       3.36e-05       3.44e-05       3.52e-05       3.60e-05       3.81e-05       4.08e-05       4.28e-05       4.40e-05       4.50e-05
 8.25
  -11.8290  -11.7740  -11.7130  -11.6540  -11.6300  -11.6240  -11.6060  -11.5900  -11.5730  -11.5550  -11.5370  -11.5170  -11.4980  -11.4880  -11.4780  -11.4680  -11.4570  -11.4470  -11.4360  -11.4250  -11.4140  -11.4020  -11.3890  -11.3770  -11.3650  -11.3520  -11.3370  -11.3210  -11.3040  -11.2850  -11.2630  -11.2410  -11.2140  -11.1830  -11.1600  -11.1460  -11.1370  -11.1300  -11.1080  -11.0530  -11.0120  -10.7920  -10.0460  -10.0190   -9.9930   -9.9140   -9.7550   -9.4750   -9.2060
       3.65e-06       7.34e-06       1.11e-05       1.37e-05       1.47e-05       1.54e-05       1.65e-05       1.77e-05       1.88e-05       1.99e-05       2.11e-05       2.22e-05       2.30e-05       2.36e-05       2.42e-05       2.48e-05       2.53e-05       2.59e-05       2.65e-05       2.71e-05       2.77e-05       2.82e-05       2.88e-05       2.94e-05       3.00e-05       3.06e-05       3.12e-05       3.18e-05       3.24e-05       3.30e-05       3.36e-05       3.42e-05       3.48e-05       3.54e-05       3.60e-05       3.66e-05       3.76e-05       3.82e-05       3.88e-05       3.94e-05       4.00e-05       4.36e-05       4.56e-05       4.62e-05       4.74e-05       4.97e-05       5.26e-05       5.48e-05       5.62e-05
  8.3
  -11.7050  -11.6510  -11.5980  -11.5450  -11.4880  -11.4240  -11.3530  -11.2730  -11.2570  -11.2380  -11.1090  -10.6690   -9.9310   -9.9190   -9.9080   -9.8420   -9.7010   -9.4530   -9.1950
       2.73e-06       5.51e-06       8.30e-06       1.11e-05       1.39e-05       1.68e-05       1.96e-05       2.15e-05       2.39e-05       2.54e-05       2.85e-05       3.11e-05       3.27e-05       3.32e-05       3.43e-05       3.63e-05       3.89e-05       4.09e-05       4.22e-05
 8.35
  -11.5280  -11.4830  -11.4360  -11.3800  -11.3140  -11.2400  -11.2250  -11.1610  -11.1250  -11.1140  -10.5230   -9.8350   -9.8230   -9.8190   -9.8160   -9.7700   -9.6420   -9.4300   -9.1850
       1.70e-06       3.42e-06       5.14e-06       6.88e-06       8.63e-06       1.04e-05       1.19e-05       1.30e-05       1.39e-05       1.60e-05       1.76e-05       1.93e-05       2.02e-05       2.06e-05       2.16e-05       2.34e-05       2.56e-05       2.73e-05       2.84e-05
  8.4
  -11.3840  -11.3360  -11.2840  -11.2470  -11.2090  -11.1500  -11.1080  -11.1000  -11.0930  -11.0920  -11.0750  -11.0580  -11.0390  -11.0280  -11.0190   -9.7200   -9.7080   -9.7020   -9.6950   -9.6210   -9.5250   -9.3890   -9.1560   -8.4630   -8.0620   -7.7310
       2.07e-06       4.00e-06       6.22e-06       6.54e-06       9.21e-06       1.16e-05       1.19e-05       1.32e-05       1.37e-05       1.40e-05       1.43e-05       1.46e-05       1.49e-05       1.57e-05       1.60e-05       1.77e-05       1.86e-05       1.97e-05       2.12e-05       2.27e-05       2.42e-05       2.57e-05       2.73e-05       2.76e-05       2.79e-05       2.84e-05
 8.45
  -11.1390  -11.1250  -11.1200  -11.1090  -11.0720  -11.0440  -10.9920  -10.9620  -10.9460  -10.9340  -10.9310  -10.9150  -10.8990  -10.8810  -10.8600  -10.8530   -9.8910   -9.7180   -9.6630   -9.6470   -9.5550   -9.4710   -9.3610   -9.2090   -8.9680   -7.9160
       4.84e-06       1.00e-05       1.45e-05       2.08e-05       2.63e-05       2.95e-05       3.12e-05       3.23e-05       3.30e-05       3.37e-05       3.44e-05       3.51e-05       3.58e-05       3.65e-05       3.73e-05       3.80e-05       3.87e-05       4.29e-05       4.49e-05       4.67e-05       4.90e-05       5.12e-05       5.34e-05       5.56e-05       5.79e-05       5.88e-05
  8.5
  -11.0560  -11.0540  -11.0330  -11.0260  -11.0080  -11.0000  -10.9960  -10.9840  -10.9820  -10.9770  -10.9700  -10.9620  -10.9540  -10.9460  -10.8780  -10.8230  -10.7240   -9.6030   -9.5010   -9.4700   -9.4470   -9.4110   -9.1960   -9.0280   -8.7800   -8.2350
       5.15e-06       1.43e-05       2.45e-05       2.74e-05       3.59e-05       4.33e-05       4.50e-05       4.62e-05       5.41e-05       5.53e-05       5.64e-05       5.76e-05       5.88e-05       6.00e-05       6.12e-05       6.24e-05       6.36e-05       7.04e-05       7.38e-05       7.64e-05       7.94e-05       8.25e-05       8.54e-05       8.84e-05       9.16e-05       9.29e-05
 8.55
  -11.0320  -11.0280  -11.0040  -11.0000  -10.9670  -10.9080  -10.8970  -10.8490   -9.3010   -9.2900   -9.2810   -9.2740   -9.2590   -9.2500   -9.2430   -9.2340   -9.2080   -9.1660   -8.8660   -8.6590   -8.5140   -8.4240   -8.3330
       9.87e-06       2.17e-05       3.45e-05       4.01e-05       5.38e-05       6.84e-05       7.20e-05       8.73e-05       9.56e-05       9.64e-05       9.73e-05       9.85e-05       9.97e-05       1.01e-04       1.02e-04       1.04e-04       1.06e-04       1.09e-04       1.12e-04       1.14e-04       1.15e-04       1.16e-04       1.17e-04
  8.6
  -10.9090  -10.8960  -10.8690  -10.8370  -10.7980  -10.7430  -10.6400   -9.4530   -9.1520   -9.1310   -9.1190   -9.1120   -9.0940   -9.0880   -9.0830   -9.0740   -9.0510   -9.0020   -8.9370   -8.8080   -8.3510   -8.2570   -8.1560
       4.94e-06       1.37e-05       2.41e-05       3.54e-05       4.75e-05       6.04e-05       6.35e-05       7.71e-05       8.47e-05       8.61e-05       8.75e-05       8.94e-05       9.14e-05       9.31e-05       9.53e-05       9.79e-05       1.01e-04       1.06e-04       1.11e-04       1.15e-04       1.17e-04       1.18e-04       1.20e-04
 8.65
  -10.8180  -10.7590  -10.7060  -10.6680  -10.6280  -10.4070   -9.5610   -9.1730   -9.0070   -8.9870   -8.9690   -8.9500   -8.9320   -8.9260   -8.9220   -8.9150   -8.8940   -8.8380   -8.7650   -8.6370   -8.5470   -8.0890   -7.9800
       4.19e-06       1.16e-05       2.04e-05       3.00e-05       4.03e-05       4.29e-05       5.39e-05       6.54e-05       7.22e-05       7.42e-05       7.62e-05       7.89e-05       8.18e-05       8.43e-05       8.74e-05       9.11e-05       9.59e-05       1.02e-04       1.09e-04       1.15e-04       1.18e-04       1.20e-04       1.23e-04
  8.7
  -10.7250  -10.6230  -10.5440  -10.5370  -10.4990   -9.3610   -9.0700   -8.9360   -8.8590   -8.8410   -8.8230   -8.8000   -8.7690   -8.7640   -8.7610   -8.7550   -8.7370   -8.6730   -8.5950   -8.4670   -8.3800   -8.3210   -7.8030
       3.33e-06       9.21e-06       1.63e-05       1.84e-05       2.60e-05       3.42e-05       4.29e-05       5.20e-05       5.80e-05       6.06e-05       6.33e-05       6.69e-05       7.07e-05       7.41e-05       7.82e-05       8.31e-05       8.96e-05       9.82e-05       1.08e-04       1.15e-04       1.19e-04       1.22e-04       1.26e-04
 8.75
  -10.6320  -10.4870  -10.3800   -9.1510   -9.1340   -8.8950   -8.7890   -8.7420   -8.7080   -8.6890   -8.6690   -8.6540   -8.6180   -8.6020   -8.6010   -8.5950   -8.5800   -8.5090   -8.4240   -8.3160   -8.2810   -8.2040   -8.0970
       2.36e-06       6.52e-06       1.15e-05       1.31e-05       1.84e-05       2.42e-05       3.04e-05       3.68e-05       4.18e-05       4.52e-05       4.86e-05       5.32e-05       5.81e-05       6.24e-05       6.76e-05       7.39e-05       8.22e-05       9.32e-05       1.04e-04       1.11e-04       1.16e-04       1.22e-04       1.29e-04
  8.8
  -10.4310  -10.4010   -8.8510   -8.6590   -8.5870   -8.5530   -8.5290   -8.5030   -8.4860   -8.4780   -8.4660   -8.4450   -8.4030   -8.3530   -8.2410   -8.1680   -8.0910   -8.0010   -7.3380
       4.05e-06       1.20e-05       2.32e-05       3.44e-05       4.31e-05       4.86e-05       5.30e-05       5.74e-05       6.25e-05       6.81e-05       7.40e-05       8.01e-05       8.64e-05       9.59e-05       1.05e-04       1.12e-04       1.18e-04       1.25e-04       1.32e-04
 8.85
  -10.3440  -10.2000   -8.7250   -8.5560   -8.4780   -8.4340   -8.4060   -8.3810   -8.3690   -8.3550   -8.3360   -8.3080   -8.2590   -8.2010   -8.0700   -7.9880   -7.8980   -7.7980   -6.7500
       8.24e-06       1.25e-05       2.42e-05       3.58e-05       4.49e-05       5.07e-05       5.52e-05       5.98e-05       6.52e-05       7.10e-05       7.72e-05       8.36e-05       9.02e-05       1.00e-04       1.10e-04       1.17e-04       1.23e-04       1.30e-04       1.38e-04
  8.9
  -10.2020   -8.4820   -8.3700   -8.2970   -8.2570   -8.2200   -8.1690   -8.0800   -7.9730   -7.8540   -7.7120   -6.6160
       1.46e-05       2.99e-05       4.25e-05       5.25e-05       6.26e-05       7.28e-05       8.29e-05       9.30e-05       1.03e-04       1.13e-04       1.23e-04       1.35e-04
 8.95
   -9.5010   -8.4050   -8.2800   -8.1940   -8.1510   -8.0960   -8.0240   -7.9210   -7.8050   -7.6740   -7.5290   -6.4190
       1.48e-05       3.03e-05       4.32e-05       5.34e-05       6.37e-05       7.41e-05       8.44e-05       9.47e-05       1.05e-04       1.15e-04       1.26e-04       1.37e-04
  9.0
   -8.8010   -8.3260   -8.1900   -8.1030   -8.0450   -7.9710   -7.8780   -7.7620   -7.6340   -7.4940   -6.4430   -6.2150
       1.51e-05       3.07e-05       4.38e-05       5.43e-05       6.48e-05       7.53e-05       8.58e-05       9.64e-05       1.07e-04       1.17e-04       1.28e-04       1.40e-04
 9.05
  -10.0620   -8.5060   -8.2460   -8.1190   -8.0110   -7.9230   -7.8120   -7.6730   -7.5080   -6.4570   -6.1900   -5.9430
       8.67e-06       2.15e-05       3.47e-05       4.74e-05       5.98e-05       7.23e-05       8.48e-05       9.73e-05       1.10e-04       1.22e-04       1.34e-04       1.48e-04
  9.1
   -9.8620   -9.5560   -8.1890   -8.0110   -7.9040   -7.7940   -7.6600   -7.4940   -7.3120   -6.1940   -5.9460
       7.18e-06       2.09e-05       3.67e-05       5.12e-05       6.45e-05       7.80e-05       9.16e-05       1.05e-04       1.19e-04       1.32e-04       1.52e-04
 9.15
   -8.6490   -8.1160   -7.9000   -7.7970   -7.6760   -7.5320   -7.3640   -7.1410   -6.3140   -6.0750   -5.8580
       3.11e-05       6.41e-05       9.34e-05       1.19e-04       1.44e-04       1.69e-04       1.94e-04       2.10e-04       2.35e-04       2.58e-04       2.94e-04
  9.2
  -10.1810  -10.0230   -8.1780   -7.8860   -7.7640   -7.6180   -7.4470   -6.3930
       8.49e-06       2.57e-05       4.74e-05       6.53e-05       7.92e-05       9.30e-05       1.06e-04       1.19e-04
 9.25
  -10.1740   -9.9800   -8.1330   -7.8480   -7.7170   -7.5620   -7.3900   -6.6610
       6.21e-06       1.76e-05       3.11e-05       4.21e-05       5.06e-05       5.89e-05       6.66e-05       7.54e-05
  9.3
  -10.1040  -10.0690   -8.2180   -7.8040   -7.6790   -7.5320   -7.3750   -6.6910
       7.04e-06       9.35e-06       2.33e-05       3.37e-05       4.00e-05       4.62e-05       5.19e-05       5.87e-05
 9.35
  -10.0810   -8.1500   -7.7590   -7.6290   -7.4800   -7.3220   -6.6340
       7.87e-06       1.98e-05       2.84e-05       3.37e-05       3.88e-05       4.36e-05       4.92e-05
  9.4
  -10.0580   -8.0810   -7.6970   -7.5710   -7.4320   -7.2850   -6.2770
       7.71e-06       1.93e-05       2.76e-05       3.22e-05       3.68e-05       4.10e-05       4.60e-05
 9.45
   -9.9980   -8.0070   -7.6580   -7.5080   -7.3500   -6.6690
       7.23e-06       1.74e-05       2.50e-05       2.97e-05       3.42e-05       3.96e-05
  9.5
   -9.9690   -7.9750   -7.6450   -7.4990   -7.3520   -6.7410
       6.56e-06       1.58e-05       2.26e-05       2.69e-05       3.10e-05       3.58e-05
 9.55
   -8.8880   -7.9170   -7.6000   -7.4490   -7.2960   -6.6870
       5.64e-06       1.43e-05       2.06e-05       2.44e-05       2.80e-05       3.23e-05
 9.65
   -8.0550   -8.0130   -7.7130   -7.4410   -7.2430   -6.5790
       2.68e-06       7.35e-06       1.29e-05       1.77e-05       2.14e-05       2.59e-05
  9.7
   -7.9740   -7.8390   -7.5940   -7.3090   -7.1430   -6.4960
       2.50e-06       6.87e-06       1.21e-05       1.63e-05       1.92e-05       2.28e-05
 9.75
   -7.9400   -7.9230   -7.9050   -7.8840   -7.8680   -7.8600   -7.8440   -7.6840   -7.4310   -7.2030   -6.9840
       4.52e-07       1.31e-06       1.59e-06       1.84e-06       2.08e-06       2.23e-06       4.37e-06       8.11e-06       1.21e-05       1.56e-05       1.93e-05
  9.8
   -8.0150   -8.0070   -8.0040   -8.0020   -7.9910   -7.9200   -7.7370   -7.4570   -7.2020   -6.7930   -6.5090
       4.75e-07       7.69e-07       1.03e-06       1.31e-06       2.23e-06       4.51e-06       8.49e-06       1.27e-05       1.63e-05       1.64e-05       2.01e-05
  9.9
   -7.8690   -7.8490   -7.8310   -7.7040   -7.3040   -7.0170   -6.6720
       7.37e-07       1.45e-06       2.73e-06       6.02e-06       9.93e-06       1.32e-05       1.76e-05
 9.95
   -7.7660   -7.7330   -7.7210   -7.5870   -7.1590   -6.8520   -6.4890
       7.11e-07       1.37e-06       2.61e-06       5.76e-06       9.52e-06       1.26e-05       1.61e-05
 10.0
   -7.6470   -7.6090   -7.5910   -7.5150   -7.0610   -6.5370   -6.3280
       7.76e-07       1.50e-06       2.35e-06       5.03e-06       9.51e-06       1.26e-05       1.39e-05
10.05
   -7.5220   -7.4690   -7.4570   -7.3040   -7.0290   -6.5420   -6.3500
       7.79e-07       1.49e-06       3.95e-06       4.62e-06       8.73e-06       1.16e-05       1.28e-05
10.15
   -7.2660   -7.2490   -7.0450   -6.5700   -6.5620   -6.3860
       9.77e-07       2.65e-06       5.92e-06       8.80e-06       9.72e-06       1.11e-05
