 8.05
   -7.0110   -7.0100   -7.0080   -7.0080   -7.0060   -7.0030   -6.9980   -6.9960   -6.9890   -6.9830   -6.9800   -6.9710   -6.9610   -6.9500   -6.9390   -6.9280   -6.9160   -6.9050   -6.8930   -6.8810   -6.8690   -6.8560   -6.8440   -6.8330   -6.8200   -6.8080   -6.7960   -6.7840   -6.7730   -6.7620   -6.7490   -6.7380   -6.7270   -6.7160   -6.7050   -6.6940   -6.6830   -6.6720   -6.6690   -6.6620   -6.6530   -6.6420   -6.6330   -6.6250   -6.6170   -6.6080   -6.5980   -6.5910   -6.5830   -6.5750   -6.5660   -6.5560   -6.5440   -6.5280   -6.5050   -6.4530   -6.4070   -6.3490   -6.2060   -6.1720   -6.1360   -6.0960   -6.0890   -6.0800   -6.0700   -6.0690   -6.0580   -6.0390   -6.0000   -5.9800   -5.9680   -5.9510   -5.8830   -5.7560   -5.6090   -5.5480   -5.0080
       2.06e-07       4.15e-07       8.28e-07       8.28e-07       1.03e-06       1.24e-06       1.44e-06       1.65e-06       1.86e-06       2.17e-06       2.38e-06       2.59e-06       2.80e-06       3.02e-06       3.23e-06       3.44e-06       3.66e-06       3.87e-06       4.09e-06       4.31e-06       4.52e-06       4.74e-06       4.96e-06       5.18e-06       5.40e-06       5.62e-06       5.84e-06       6.06e-06       6.29e-06       6.51e-06       6.73e-06       6.96e-06       7.18e-06       7.41e-06       7.63e-06       7.86e-06       8.09e-06       8.32e-06       9.01e-06       9.23e-06       9.46e-06       9.69e-06       9.92e-06       1.02e-05       1.04e-05       1.06e-05       1.08e-05       1.11e-05       1.13e-05       1.16e-05       1.18e-05       1.20e-05       1.23e-05       1.25e-05       1.28e-05       1.30e-05       1.37e-05       1.40e-05       1.42e-05       1.47e-05       1.50e-05       1.54e-05       1.58e-05       1.63e-05       1.65e-05       1.69e-05       1.71e-05       1.73e-05       1.75e-05       1.77e-05       1.81e-05       1.85e-05       1.87e-05       1.91e-05       1.93e-05       1.96e-05       1.97e-05
  8.1
   -7.0480   -7.0460   -7.0460   -7.0430   -7.0410   -7.0380   -7.0320   -7.0240   -7.0160   -7.0050   -6.9950   -6.9840   -6.9730   -6.9610   -6.9480   -6.9370   -6.9250   -6.9120   -6.9000   -6.8870   -6.8740   -6.8620   -6.8490   -6.8370   -6.8240   -6.8120   -6.8000   -6.7890   -6.7770   -6.7650   -6.7530   -6.7420   -6.7360   -6.7310   -6.7200   -6.7090   -6.6970   -6.6870   -6.6760   -6.6660   -6.6560   -6.6450   -6.6350   -6.6260   -6.6170   -6.6070   -6.5850   -6.5760   -6.5670   -6.5590   -6.5510   -6.5430   -6.5340   -6.5250   -6.5120   -6.4860   -6.4770   -6.4360   -6.3670   -6.3290   -6.2920   -6.2290   -6.2250   -6.1590   -6.1470   -6.1300   -6.1020   -6.0880   -6.0710   -6.0700   -6.0370   -6.0180   -5.9870   -5.8490   -5.7490   -5.5490   -5.4040
       2.54e-07       7.63e-07       7.63e-07       1.02e-06       1.40e-06       1.65e-06       1.91e-06       2.17e-06       2.43e-06       2.69e-06       2.95e-06       3.21e-06       3.48e-06       3.74e-06       4.00e-06       4.27e-06       4.54e-06       4.80e-06       5.07e-06       5.34e-06       5.61e-06       5.88e-06       6.15e-06       6.42e-06       6.70e-06       6.97e-06       7.24e-06       7.52e-06       7.80e-06       8.07e-06       8.35e-06       8.63e-06       9.73e-06       1.00e-05       1.03e-05       1.06e-05       1.09e-05       1.11e-05       1.14e-05       1.17e-05       1.20e-05       1.23e-05       1.26e-05       1.28e-05       1.31e-05       1.34e-05       1.37e-05       1.40e-05       1.43e-05       1.46e-05       1.49e-05       1.52e-05       1.55e-05       1.58e-05       1.61e-05       1.64e-05       1.75e-05       1.78e-05       1.81e-05       1.84e-05       1.87e-05       1.96e-05       1.99e-05       2.04e-05       2.09e-05       2.15e-05       2.18e-05       2.23e-05       2.25e-05       2.28e-05       2.30e-05       2.35e-05       2.42e-05       2.45e-05       2.50e-05       2.55e-05       2.56e-05
 8.15
   -7.0720   -7.0670   -7.0660   -7.0550   -7.0400   -7.0220   -7.0030   -6.9810   -6.9590   -6.9360   -6.9140   -6.8910   -6.8690   -6.8470   -6.8350   -6.8260   -6.8050   -6.7840   -6.7640   -6.7450   -6.7260   -6.7060   -6.6880   -6.6790   -6.6700   -6.6610   -6.6520   -6.6420   -6.6340   -6.6250   -6.6100   -6.5880   -6.5790   -6.5720   -6.5650   -6.5580   -6.5520   -6.5460   -6.5460   -6.5410   -6.5370   -6.5320   -6.5270   -6.5210   -6.5130   -6.5040   -6.4930   -6.4690   -6.4060   -6.2540   -6.1820   -6.1630   -6.1610   -6.1320   -6.0950   -6.0850   -6.0590   -5.9970   -5.8600   -5.7700   -5.5700
       5.83e-07       1.16e-06       1.75e-06       2.34e-06       2.93e-06       3.52e-06       4.12e-06       4.72e-06       5.32e-06       5.92e-06       6.53e-06       7.13e-06       7.74e-06       8.36e-06       9.98e-06       1.06e-05       1.12e-05       1.18e-05       1.24e-05       1.31e-05       1.37e-05       1.43e-05       1.48e-05       1.51e-05       1.54e-05       1.57e-05       1.61e-05       1.64e-05       1.67e-05       1.70e-05       1.73e-05       1.77e-05       1.80e-05       1.83e-05       1.86e-05       1.89e-05       1.93e-05       2.16e-05       2.16e-05       2.19e-05       2.23e-05       2.26e-05       2.29e-05       2.33e-05       2.36e-05       2.39e-05       2.43e-05       2.46e-05       2.49e-05       2.53e-05       2.59e-05       2.64e-05       2.79e-05       2.85e-05       2.91e-05       2.95e-05       3.02e-05       3.05e-05       3.14e-05       3.22e-05       3.30e-05
  8.2
   -7.0150   -7.0120   -7.0100   -7.0020   -6.9900   -6.9770   -6.9630   -6.9480   -6.9300   -6.9130   -6.8980   -6.8820   -6.8650   -6.8500   -6.8340   -6.8200   -6.8190   -6.8040   -6.7890   -6.7740   -6.7590   -6.7440   -6.7290   -6.7210   -6.7140   -6.7080   -6.7000   -6.6920   -6.6850   -6.6780   -6.6680   -6.6530   -6.6460   -6.6400   -6.6340   -6.6280   -6.6220   -6.6160   -6.6120   -6.6080   -6.6040   -6.6010   -6.5970   -6.5940   -6.5940   -6.5890   -6.5830   -6.5710   -6.5390   -6.3960   -6.2730   -6.2090   -6.1260   -6.1120   -6.0910   -6.0660   -6.0520   -6.0340   -6.0030   -5.8440   -5.7240
       8.06e-07       1.61e-06       2.42e-06       3.24e-06       4.06e-06       4.88e-06       5.70e-06       6.53e-06       7.37e-06       8.20e-06       9.04e-06       9.88e-06       1.07e-05       1.16e-05       1.24e-05       1.46e-05       1.54e-05       1.63e-05       1.71e-05       1.80e-05       1.89e-05       1.97e-05       2.04e-05       2.08e-05       2.13e-05       2.17e-05       2.21e-05       2.26e-05       2.30e-05       2.35e-05       2.39e-05       2.43e-05       2.48e-05       2.52e-05       2.57e-05       2.61e-05       2.66e-05       2.70e-05       2.75e-05       2.79e-05       2.84e-05       2.88e-05       2.93e-05       3.24e-05       3.24e-05       3.29e-05       3.34e-05       3.38e-05       3.43e-05       3.48e-05       3.67e-05       3.72e-05       3.80e-05       3.88e-05       3.96e-05       4.04e-05       4.10e-05       4.19e-05       4.31e-05       4.40e-05       4.50e-05
 8.25
   -7.1810   -7.1310   -6.9560   -6.9310   -6.8940   -6.8940   -6.8650   -6.8590   -6.8460   -6.8430   -6.8350   -6.8330   -6.8230   -6.8140   -6.8040   -6.7930   -6.7830   -6.7720   -6.7650   -6.7600   -6.7550   -6.7510   -6.7490   -6.7420   -6.7370   -6.7310   -6.7260   -6.7190   -6.7140   -6.7090   -6.7040   -6.7000   -6.6930   -6.6870   -6.6820   -6.6780   -6.6760   -6.6740   -6.6740   -6.6740   -6.6730   -6.6690   -6.5920   -6.5370   -6.4300   -6.3280   -6.1200   -6.0710   -6.0610
       6.19e-07       1.24e-06       4.89e-06       8.59e-06       1.44e-05       1.44e-05       1.49e-05       1.76e-05       1.85e-05       1.93e-05       2.05e-05       2.16e-05       2.27e-05       2.38e-05       2.50e-05       2.61e-05       2.72e-05       2.81e-05       2.87e-05       2.92e-05       2.98e-05       3.21e-05       3.27e-05       3.33e-05       3.39e-05       3.44e-05       3.50e-05       3.56e-05       3.62e-05       3.68e-05       3.74e-05       3.79e-05       3.85e-05       3.91e-05       3.97e-05       4.03e-05       4.09e-05       4.27e-05       4.27e-05       4.27e-05       4.33e-05       4.39e-05       4.68e-05       4.74e-05       4.80e-05       5.03e-05       5.13e-05       5.27e-05       5.62e-05
  8.3
   -6.9250   -6.9180   -6.9020   -6.8990   -6.8780   -6.8630   -6.8510   -6.8480   -6.8370   -6.8170   -6.7800   -6.7640   -6.7600   -6.6250   -6.6180   -6.5630   -6.3830   -6.1400   -6.0110
       2.77e-06       5.56e-06       8.37e-06       1.11e-05       1.39e-05       1.55e-05       1.60e-05       1.89e-05       1.99e-05       2.28e-05       2.46e-05       2.67e-05       2.81e-05       3.06e-05       3.31e-05       3.62e-05       3.82e-05       3.95e-05       4.22e-05
 8.35
   -6.9440   -6.9420   -6.9310   -6.9180   -6.9050   -6.8810   -6.8460   -6.8390   -6.8360   -6.8340   -6.8330   -6.8140   -6.7800   -6.6440   -6.5710   -6.4510   -6.4380   -6.2060   -5.9570
       1.72e-06       3.44e-06       5.17e-06       6.88e-06       8.63e-06       1.04e-05       1.15e-05       1.24e-05       1.28e-05       1.39e-05       1.55e-05       1.64e-05       1.82e-05       2.04e-05       2.19e-05       2.39e-05       2.56e-05       2.67e-05       2.84e-05
  8.4
   -7.4670   -7.3860   -6.9850   -6.9820   -6.9540   -6.8790   -6.8160   -6.8130   -6.8050   -6.8040   -6.7870   -6.7180   -6.6590   -6.6130   -6.6100   -6.5840   -6.5590   -6.5330   -6.5080   -6.4820   -6.4760   -6.2550   -6.1760   -5.9140   -5.4850   -5.0260
       2.38e-06       3.73e-06       5.95e-06       8.63e-06       1.06e-05       1.26e-05       1.35e-05       1.46e-05       1.63e-05       1.79e-05       1.86e-05       2.01e-05       2.06e-05       2.21e-05       2.24e-05       2.27e-05       2.30e-05       2.33e-05       2.36e-05       2.39e-05       2.54e-05       2.70e-05       2.73e-05       2.76e-05       2.79e-05       2.84e-05
 8.45
   -7.5090   -7.4580   -7.3750   -7.3130   -7.3110   -7.3080   -7.2940   -7.2910   -7.2720   -7.2520   -7.2270   -7.1960   -6.9970   -6.9880   -6.9210   -6.9010   -6.8520   -6.7720   -6.6660   -6.5510   -6.5340   -6.3800   -6.3520   -6.1540   -6.1290   -5.4220
       5.19e-06       1.14e-05       1.70e-05       2.01e-05       2.12e-05       2.19e-05       2.36e-05       2.43e-05       2.50e-05       2.57e-05       2.65e-05       2.72e-05       3.13e-05       3.58e-05       4.06e-05       4.27e-05       4.45e-05       4.67e-05       4.90e-05       4.97e-05       5.19e-05       5.41e-05       5.48e-05       5.72e-05       5.79e-05       5.88e-05
  8.5
   -7.4340   -7.4090   -7.3790   -7.3420   -7.2860   -7.2440   -7.2250   -7.2220   -7.2140   -7.2000   -7.1820   -7.1620   -7.1350   -7.0970   -7.0720   -7.0720   -7.0160   -6.9300   -6.8520   -6.7520   -6.6140   -6.4580   -6.3970   -6.2850   -6.0540   -5.8040
       7.94e-06       1.53e-05       2.39e-05       3.41e-05       4.32e-05       4.84e-05       5.13e-05       5.30e-05       5.41e-05       5.53e-05       5.64e-05       5.76e-05       5.88e-05       6.00e-05       6.80e-05       6.80e-05       6.92e-05       7.26e-05       7.52e-05       7.83e-05       8.13e-05       8.43e-05       8.54e-05       8.84e-05       9.16e-05       9.29e-05
 8.55
   -7.3160   -7.2770   -7.2440   -7.2170   -7.1900   -7.1400   -6.9900   -6.8790   -6.8440   -6.8120   -6.7820   -6.7550   -6.7080   -6.6620   -6.6170   -6.5570   -6.4750   -6.3550   -6.2060   -6.0150   -5.8780   -5.7910   -5.7040
       1.54e-05       3.00e-05       4.37e-05       5.65e-05       6.83e-05       7.82e-05       8.38e-05       8.73e-05       9.56e-05       9.64e-05       9.73e-05       9.85e-05       9.97e-05       1.01e-04       1.02e-04       1.04e-04       1.06e-04       1.09e-04       1.12e-04       1.14e-04       1.15e-04       1.16e-04       1.17e-04
  8.6
   -7.4660   -7.2010   -7.1750   -7.1490   -7.1260   -7.0780   -6.9780   -6.9400   -6.7920   -6.7600   -6.7310   -6.7040   -6.6520   -6.6110   -6.5670   -6.4910   -6.3840   -6.2630   -6.1230   -5.9340   -5.7980   -5.7080   -5.6130
       1.36e-05       2.65e-05       3.86e-05       4.98e-05       6.03e-05       6.90e-05       7.21e-05       7.71e-05       8.47e-05       8.61e-05       8.75e-05       8.94e-05       9.14e-05       9.31e-05       9.53e-05       9.79e-05       1.01e-04       1.06e-04       1.11e-04       1.15e-04       1.17e-04       1.18e-04       1.20e-04
 8.65
   -7.3400   -7.3280   -7.2520   -7.2420   -7.1050   -7.0840   -7.0620   -7.0160   -6.8890   -6.6820   -6.6540   -6.5990   -6.5620   -6.5420   -6.5180   -6.4260   -6.2930   -6.1740   -6.0390   -5.8530   -5.7180   -5.6240   -5.5220
       1.15e-05       2.24e-05       2.93e-05       3.13e-05       4.15e-05       5.11e-05       5.99e-05       6.73e-05       7.15e-05       7.35e-05       7.62e-05       7.91e-05       8.16e-05       8.43e-05       8.74e-05       9.11e-05       9.59e-05       1.02e-04       1.09e-04       1.15e-04       1.18e-04       1.20e-04       1.23e-04
  8.7
   -7.2780   -7.2620   -7.2050   -7.1690   -7.1620   -7.1560   -7.0190   -6.9980   -6.9540   -6.8760   -6.6020   -6.5480   -6.5120   -6.4690   -6.3610   -6.2300   -6.2020   -6.0840   -5.9560   -5.7710   -5.6370   -5.5410   -5.4310
       8.17e-06       1.69e-05       2.60e-05       3.20e-05       3.46e-05       3.73e-05       4.49e-05       5.19e-05       5.78e-05       6.11e-05       6.47e-05       6.86e-05       7.19e-05       7.60e-05       8.10e-05       8.31e-05       8.96e-05       9.82e-05       1.08e-04       1.15e-04       1.19e-04       1.22e-04       1.26e-04
 8.75
   -7.2100   -7.1600   -7.1200   -7.0970   -7.0840   -7.0780   -7.0720   -7.0690   -6.9360   -6.8920   -6.8680   -6.4970   -6.4620   -6.4190   -6.2950   -6.1540   -6.1100   -5.9940   -5.8720   -5.7180   -5.6660   -5.5390   -5.3470
       5.38e-06       1.12e-05       1.73e-05       2.38e-05       2.87e-05       3.21e-05       3.55e-05       4.01e-05       4.51e-05       4.92e-05       5.16e-05       5.65e-05       6.08e-05       6.61e-05       7.24e-05       7.39e-05       8.22e-05       9.32e-05       1.04e-04       1.11e-04       1.16e-04       1.22e-04       1.29e-04
  8.8
   -7.1580   -7.0870   -7.0560   -7.0440   -7.0360   -6.8930   -6.8500   -6.4610   -6.4160   -6.3570   -6.2280   -6.0690   -5.9730   -5.8950   -5.7310   -5.6220   -5.5020   -5.3490   -5.1540
       1.12e-05       2.24e-05       3.11e-05       3.66e-05       4.10e-05       4.89e-05       5.30e-05       5.74e-05       6.25e-05       6.81e-05       7.40e-05       8.01e-05       8.64e-05       9.59e-05       1.05e-04       1.12e-04       1.18e-04       1.25e-04       1.32e-04
 8.85
   -7.1330   -7.0720   -7.0370   -7.0170   -6.9080   -6.8850   -6.4550   -6.4130   -6.3620   -6.2920   -6.1490   -5.9880   -5.8900   -5.8010   -5.6040   -5.4760   -5.3310   -5.1600   -4.9660
       1.17e-05       2.33e-05       3.24e-05       3.82e-05       4.24e-05       5.07e-05       5.52e-05       5.98e-05       6.52e-05       7.10e-05       7.72e-05       8.36e-05       9.02e-05       1.00e-04       1.10e-04       1.17e-04       1.23e-04       1.30e-04       1.38e-04
  8.9
   -7.0700   -7.0190   -6.9050   -6.4260   -6.3240   -6.1540   -5.9070   -5.7540   -5.5920   -5.4040   -5.1730   -4.9060
       1.52e-05       2.79e-05       4.25e-05       5.25e-05       6.26e-05       7.28e-05       8.29e-05       9.30e-05       1.03e-04       1.13e-04       1.23e-04       1.35e-04
 8.95
   -7.0760   -7.0340   -7.0170   -6.3950   -6.2520   -6.0410   -5.8100   -5.6460   -5.4690   -5.2670   -5.0360   -4.7910
       1.55e-05       3.03e-05       4.32e-05       5.34e-05       6.37e-05       7.41e-05       8.44e-05       9.47e-05       1.05e-04       1.15e-04       1.26e-04       1.37e-04
  9.0
   -7.2240   -7.0840   -7.0160   -6.3640   -6.1810   -5.9280   -5.7130   -5.5380   -5.3420   -5.1290   -4.9020   -4.6780
       1.51e-05       3.07e-05       4.38e-05       5.43e-05       6.48e-05       7.53e-05       8.58e-05       9.64e-05       1.07e-04       1.17e-04       1.28e-04       1.40e-04
 9.05
   -7.1920   -7.1000   -7.0320   -7.0310   -6.3230   -6.0590   -5.7370   -5.5030   -5.2550   -4.9950   -4.7290   -4.4910
       1.29e-05       2.60e-05       3.47e-05       4.74e-05       5.98e-05       7.23e-05       8.48e-05       9.73e-05       1.10e-04       1.22e-04       1.34e-04       1.48e-04
  9.1
   -6.7900   -6.5150   -6.1890   -6.1450   -5.9020   -5.5740   -5.2750   -5.0160   -4.7490   -4.4840   -4.2320
       1.57e-05       2.95e-05       3.67e-05       5.12e-05       6.45e-05       7.80e-05       9.16e-05       1.05e-04       1.19e-04       1.32e-04       1.52e-04
 9.15
   -6.8700   -6.7250   -6.5970   -6.4900   -5.6580   -5.5900   -5.3320   -5.0880   -4.8490   -4.6170   -4.4020
       3.11e-05       6.41e-05       9.34e-05       1.19e-04       1.34e-04       1.60e-04       1.85e-04       2.10e-04       2.35e-04       2.58e-04       2.94e-04
  9.2
   -6.7700   -6.7560   -6.7000   -6.5820   -6.4560   -5.7600   -5.4400   -5.1490
       8.49e-06       3.02e-05       4.74e-05       6.53e-05       7.92e-05       9.30e-05       1.06e-04       1.19e-04
 9.25
   -6.8940   -6.8480   -6.6840   -6.5430   -6.4070   -6.2460   -6.0730   -5.4800
       6.21e-06       1.97e-05       3.11e-05       4.21e-05       5.06e-05       5.89e-05       6.66e-05       7.54e-05
  9.3
   -6.9380   -6.9340   -6.9030   -6.5540   -6.3680   -6.2170   -6.0580   -5.6850
       7.04e-06       2.10e-05       2.33e-05       3.37e-05       4.00e-05       4.62e-05       5.19e-05       5.87e-05
 9.35
   -7.0070   -6.9760   -6.5960   -6.3830   -6.1640   -6.0050   -5.8100
       7.87e-06       1.98e-05       2.84e-05       3.37e-05       3.88e-05       4.36e-05       4.92e-05
  9.4
   -7.0560   -7.0040   -6.5630   -6.4150   -6.2510   -6.0380   -5.9280
       7.71e-06       1.93e-05       2.76e-05       3.22e-05       3.68e-05       4.10e-05       4.60e-05
 9.45
   -7.0060   -6.9490   -6.5190   -6.3460   -6.1410   -6.0000
       7.23e-06       1.74e-05       2.50e-05       2.97e-05       3.42e-05       3.96e-05
  9.5
   -6.9830   -6.9230   -6.5050   -6.3380   -6.1590   -6.0350
       6.56e-06       1.58e-05       2.26e-05       2.69e-05       3.10e-05       3.58e-05
 9.55
   -6.9950   -6.8860   -6.4590   -6.2880   -6.1040   -5.9760
       5.64e-06       1.43e-05       2.06e-05       2.44e-05       2.80e-05       3.23e-05
 9.65
   -6.9260   -6.8730   -6.6150   -6.2920   -6.0690   -5.8720
       4.67e-06       7.35e-06       1.29e-05       1.77e-05       2.14e-05       2.59e-05
  9.7
   -6.8410   -6.7830   -6.4730   -6.1500   -5.9540   -5.8010
       2.50e-06       6.87e-06       1.21e-05       1.63e-05       1.92e-05       2.28e-05
 9.75
   -6.8310   -6.8250   -6.7770   -6.7700   -6.7380   -6.7080   -6.6550   -6.5750   -6.2850   -6.0360   -5.7520
       8.61e-07       1.31e-06       1.59e-06       3.73e-06       3.98e-06       4.22e-06       4.37e-06       8.11e-06       1.21e-05       1.56e-05       1.93e-05
  9.8
   -6.8840   -6.8770   -6.8610   -6.8490   -6.8110   -6.7350   -6.6920   -6.6000   -6.3010   -6.0270   -5.8050
       4.75e-07       1.39e-06       1.68e-06       1.97e-06       4.25e-06       4.51e-06       4.66e-06       8.64e-06       1.28e-05       1.64e-05       2.01e-05
  9.9
   -6.9700   -6.9490   -6.9080   -6.7880   -6.4480   -6.2140   -5.9300
       7.13e-07       1.45e-06       2.73e-06       6.02e-06       9.93e-06       1.32e-05       1.76e-05
 9.95
   -6.8570   -6.8440   -6.8020   -6.6660   -6.3020   -6.0520   -5.7540
       6.62e-07       1.37e-06       2.61e-06       5.76e-06       9.52e-06       1.26e-05       1.61e-05
 10.0
   -6.7450   -6.7250   -6.6720   -6.5940   -6.1970   -5.7690   -5.5990
       7.23e-07       1.50e-06       2.35e-06       5.03e-06       9.51e-06       1.26e-05       1.39e-05
10.05
   -6.6550   -6.6360   -6.6150   -6.5490   -6.1800   -5.7790   -5.6220
       7.12e-07       1.38e-06       2.15e-06       4.62e-06       8.73e-06       1.16e-05       1.28e-05
10.15
   -6.4980   -6.4260   -6.3090   -6.2190   -5.8160   -5.6640
       9.77e-07       2.65e-06       3.57e-06       6.83e-06       9.72e-06       1.11e-05
