  5.5
    7.8400    8.5900    8.7470    8.9880    9.2650    9.6750   10.2780
       1.78e-01       3.02e-01       4.72e-01       5.85e-01       6.72e-01       7.72e-01       8.28e-01
 5.55
    7.8400    8.5900    8.7470    8.9880    9.2650    9.6750   10.2780
       1.78e-01       3.02e-01       4.72e-01       5.85e-01       6.72e-01       7.72e-01       8.28e-01
  5.6
    7.8400    8.5900    8.7470    8.9880    9.2650    9.6750   10.2780
       1.78e-01       3.02e-01       4.72e-01       5.85e-01       6.72e-01       7.72e-01       8.28e-01
 5.65
    7.8400    8.5900    8.7470    8.9880    9.2650    9.6750   10.2780
       1.78e-01       3.02e-01       4.72e-01       5.85e-01       6.72e-01       7.72e-01       8.28e-01
  5.7
    7.8400    8.5900    8.7470    8.9880    9.2650    9.6750   10.2780
       1.78e-01       3.02e-01       4.72e-01       5.85e-01       6.72e-01       7.72e-01       8.28e-01
 5.75
    7.8400    8.5900    8.7470    8.9880    9.2650    9.6750   10.2780
       1.78e-01       3.02e-01       4.72e-01       5.85e-01       6.72e-01       7.72e-01       8.28e-01
  5.8
    7.8400    8.5900    8.7470    8.9880    9.2650    9.6750   10.2780
       1.78e-01       3.02e-01       4.72e-01       5.85e-01       6.72e-01       7.72e-01       8.28e-01
 5.85
    7.8400    8.5900    8.7470    8.9880    9.2650    9.6750   10.2780
       1.78e-01       3.02e-01       4.72e-01       5.85e-01       6.72e-01       7.72e-01       8.28e-01
  5.9
    7.8400    8.5900    8.7470    8.9880    9.2650    9.6750   10.2780
       1.78e-01       3.02e-01       4.72e-01       5.85e-01       6.72e-01       7.72e-01       8.28e-01
 5.95
    7.8400    8.5900    8.7470    8.9880    9.2650    9.6750   10.2780
       1.78e-01       3.02e-01       4.72e-01       5.85e-01       6.72e-01       7.72e-01       8.28e-01
  6.0
    7.8400    8.5900    8.7470    8.9880    9.2650    9.6750   10.2780
       1.78e-01       3.02e-01       4.72e-01       5.85e-01       6.72e-01       7.72e-01       8.28e-01
 6.05
    7.8400    8.5900    8.7470    8.9880    9.2650    9.6750   10.2780
       1.78e-01       3.02e-01       4.72e-01       5.85e-01       6.72e-01       7.72e-01       8.28e-01
  6.1
    7.8400    8.5900    8.7470    8.9880    9.2650    9.6750   10.2780
       1.78e-01       3.02e-01       4.72e-01       5.85e-01       6.72e-01       7.72e-01       8.28e-01
 6.15
    7.8400    8.5900    8.7470    8.9880    9.2650    9.6750   10.2780
       1.78e-01       3.02e-01       4.72e-01       5.85e-01       6.72e-01       7.72e-01       8.28e-01
  6.2
    7.8400    8.5900    8.7470    8.9880    9.2650    9.6750   10.2780
       1.78e-01       3.02e-01       4.72e-01       5.85e-01       6.72e-01       7.72e-01       8.28e-01
 6.25
    7.8400    8.5900    8.7470    8.9880    9.2650    9.6750   10.2780
       1.78e-01       3.02e-01       4.72e-01       5.85e-01       6.72e-01       7.72e-01       8.28e-01
  6.3
    7.8400    8.5900    8.7470    8.9880    9.2650    9.6750   10.2780
       1.78e-01       3.02e-01       4.72e-01       5.85e-01       6.72e-01       7.72e-01       8.28e-01
 6.35
    7.8400    8.5900    8.7470    8.9880    9.2650    9.6750   10.2780
       1.78e-01       3.02e-01       4.72e-01       5.85e-01       6.72e-01       7.72e-01       8.28e-01
  6.4
    7.8400    8.5900    8.7470    8.9880    9.2650    9.6750   10.2780
       1.78e-01       3.02e-01       4.72e-01       5.85e-01       6.72e-01       7.72e-01       8.28e-01
 6.45
    7.8400    8.5900    8.7470    8.9880    9.2650    9.6750   10.2780
       1.78e-01       3.02e-01       4.72e-01       5.85e-01       6.72e-01       7.72e-01       8.28e-01
  6.5
    7.8400    8.5900    8.7470    8.9880    9.2650    9.6750   10.2780
       1.78e-01       3.02e-01       4.72e-01       5.85e-01       6.72e-01       7.72e-01       8.28e-01
 6.55
    7.8400    8.5900    8.7470    8.9880    9.2650    9.6750   10.2780
       1.78e-01       3.02e-01       4.72e-01       5.85e-01       6.72e-01       7.72e-01       8.28e-01
  6.6
    7.8400    8.5900    8.7470    8.9880    9.2650    9.6750   10.2780
       1.78e-01       3.02e-01       4.72e-01       5.85e-01       6.72e-01       7.72e-01       8.28e-01
 6.65
    7.8400    8.5900    8.7470    8.9880    9.2650    9.6750   10.2780
       1.78e-01       3.02e-01       4.72e-01       5.85e-01       6.72e-01       7.72e-01       8.28e-01
  6.7
    7.8400    8.5900    8.7470    8.9880    9.2650    9.6750   10.2780
       1.78e-01       3.02e-01       4.72e-01       5.85e-01       6.72e-01       7.72e-01       8.28e-01
 6.75
    7.8400    8.5900    8.7470    8.9880    9.2650    9.6750   10.2780
       1.78e-01       3.02e-01       4.72e-01       5.85e-01       6.72e-01       7.72e-01       8.28e-01
  6.8
    7.8400    8.5900    8.7470    8.9880    9.2650    9.6750   10.2780
       1.78e-01       3.02e-01       4.72e-01       5.85e-01       6.72e-01       7.72e-01       8.28e-01
 6.85
    7.8400    8.5900    8.7470    8.9880    9.2650    9.6750   10.2780
       1.78e-01       3.02e-01       4.72e-01       5.85e-01       6.72e-01       7.72e-01       8.28e-01
  6.9
    7.8400    8.5900    8.7470    8.9880    9.2650    9.6750   10.2780
       1.78e-01       3.02e-01       4.72e-01       5.85e-01       6.72e-01       7.72e-01       8.28e-01
 6.95
    7.8400    8.5900    8.7470    8.9880    9.2650    9.6750   10.2780
       1.78e-01       3.02e-01       4.72e-01       5.85e-01       6.72e-01       7.72e-01       8.28e-01
  7.0
    7.8400    8.5900    8.7470    8.9880    9.2650    9.6750   10.2780
       1.78e-01       3.02e-01       4.72e-01       5.85e-01       6.72e-01       7.72e-01       8.28e-01
 7.05
    7.8400    8.5900    8.7470    8.9880    9.2650    9.6750   10.2780
       1.78e-01       3.02e-01       4.72e-01       5.85e-01       6.72e-01       7.72e-01       8.28e-01
  7.1
    7.8400    8.5900    8.7470    8.9880    9.2650    9.6750   10.2780
       1.78e-01       3.02e-01       4.72e-01       5.85e-01       6.72e-01       7.72e-01       8.28e-01
 7.15
    7.8400    8.5900    8.7470    8.9880    9.2650    9.6750   10.2780
       1.78e-01       3.02e-01       4.72e-01       5.85e-01       6.72e-01       7.72e-01       8.28e-01
  7.2
    7.8400    8.5900    8.7470    8.9880    9.2650    9.6750   10.2780
       1.78e-01       3.02e-01       4.72e-01       5.85e-01       6.72e-01       7.72e-01       8.28e-01
 7.25
    7.8400    8.5900    8.7470    8.9880    9.2650    9.6750   10.2780
       1.78e-01       3.02e-01       4.72e-01       5.85e-01       6.72e-01       7.72e-01       8.28e-01
  7.3
    7.8400    8.5900    8.7470    8.9880    9.2650    9.6750   10.2780
       1.78e-01       3.02e-01       4.72e-01       5.85e-01       6.72e-01       7.72e-01       8.28e-01
 7.35
    7.8400    8.5900    8.7470    8.9880    9.2650    9.6750   10.2780
       1.78e-01       3.02e-01       4.72e-01       5.85e-01       6.72e-01       7.72e-01       8.28e-01
  7.4
    7.8400    8.5900    8.7470    8.9880    9.2650    9.6750   10.2780
       1.78e-01       3.02e-01       4.72e-01       5.85e-01       6.72e-01       7.72e-01       8.28e-01
 7.45
    7.8400    8.5900    8.7470    8.9880    9.2650    9.6750   10.2780
       1.78e-01       3.02e-01       4.72e-01       5.85e-01       6.72e-01       7.72e-01       8.28e-01
  7.5
    7.8400    8.5900    8.7470    8.9880    9.2650    9.6750   10.2780
       1.78e-01       3.02e-01       4.72e-01       5.85e-01       6.72e-01       7.72e-01       8.28e-01
  7.6
    7.8400    8.5900    8.7470    8.9880    9.2650    9.6750   10.2780
       1.78e-01       3.02e-01       4.72e-01       5.85e-01       6.72e-01       7.72e-01       8.28e-01
 7.65
    7.8400    8.5900    8.7470    8.9880    9.2650    9.6750   10.2780
       1.78e-01       3.02e-01       4.72e-01       5.85e-01       6.72e-01       7.72e-01       8.28e-01
  7.7
    7.8400    8.5900    8.7470    8.9880    9.2650    9.6750   10.2780
       1.78e-01       3.02e-01       4.72e-01       5.85e-01       6.72e-01       7.72e-01       8.28e-01
 7.75
    7.8400    8.5900    8.7470    8.9880    9.2650    9.6750   10.2780
       1.78e-01       3.02e-01       4.72e-01       5.85e-01       6.72e-01       7.72e-01       8.28e-01
 7.85
    7.8400    8.5900    8.7470    8.9880    9.2650    9.6750   10.2780
       1.78e-01       3.02e-01       4.72e-01       5.85e-01       6.72e-01       7.72e-01       8.28e-01
  7.9
    7.8390    8.5900    8.7470    8.9880    9.2650    9.6750   10.2780
       1.78e-01       3.02e-01       4.72e-01       5.85e-01       6.72e-01       7.72e-01       8.28e-01
 7.95
    7.8390    8.5900    8.7470    8.9880    9.2650    9.6750   10.2780
       1.78e-01       3.02e-01       4.72e-01       5.85e-01       6.72e-01       7.72e-01       8.28e-01
  8.0
    7.8390    8.5900    8.7470    8.9880    9.2650    9.6750   10.2780
       1.78e-01       3.02e-01       4.72e-01       5.85e-01       6.72e-01       7.72e-01       8.28e-01
 8.05
  -12.6320  -12.6230  -12.6210  -12.6160  -12.6090  -12.6010  -12.5910  -12.5800  -12.5690  -12.5560  -12.5430  -12.5290  -12.5150  -12.5000  -12.4850  -12.4700  -12.4550  -12.4400  -12.4240  -12.4090  -12.3930  -12.3780  -12.3620  -12.3470  -12.3310  -12.3160  -12.3010  -12.2850  -12.2700  -12.2540  -12.2390  -12.2230  -12.2070  -12.1910  -12.1750  -12.1590  -12.1420  -12.1260  -12.1080  -12.0900  -12.0730  -12.0520  -12.0320  -12.0110  -11.9950  -11.9890  -11.9670  -11.9410  -11.9140  -11.9020  -11.8840  -11.8520  -11.8390  -11.8300  -11.8200  -11.8160  -11.7850  -11.7480  -11.7460  -11.7160  -11.7100  -11.6550  -11.6550  -11.6500  -11.6420  -11.6240  -11.6190  -11.5980  -11.5750  -10.1660   -9.8910   -9.6450   -9.4150   -9.2110   -9.0540   -8.6500   -8.6370    7.8390    8.5900    8.7470    8.9880    9.2650    9.6750   10.2780
       3.19e-08       5.33e-08       7.47e-08       9.62e-08       1.18e-07       1.40e-07       1.61e-07       1.83e-07       2.05e-07       2.27e-07       2.49e-07       2.71e-07       2.93e-07       3.16e-07       3.38e-07       3.61e-07       3.83e-07       4.06e-07       4.28e-07       4.51e-07       4.74e-07       4.96e-07       5.20e-07       5.43e-07       5.65e-07       5.89e-07       6.12e-07       6.35e-07       6.58e-07       6.82e-07       7.05e-07       7.29e-07       7.52e-07       7.76e-07       7.99e-07       8.23e-07       8.47e-07       8.71e-07       8.95e-07       9.19e-07       9.43e-07       9.67e-07       9.91e-07       1.01e-06       1.04e-06       1.06e-06       1.09e-06       1.11e-06       1.14e-06       1.17e-06       1.19e-06       1.22e-06       1.24e-06       1.27e-06       1.29e-06       1.32e-06       1.34e-06       1.37e-06       1.40e-06       1.42e-06       1.45e-06       1.49e-06       1.49e-06       1.53e-06       1.54e-06       1.58e-06       1.63e-06       1.68e-06       1.72e-06       1.79e-06       1.86e-06       1.92e-06       1.96e-06       2.00e-06       2.02e-06       2.16e-06       3.13e-06       1.78e-01       3.02e-01       4.72e-01       5.85e-01       6.72e-01       7.72e-01       8.28e-01
  8.1
  -12.5850  -12.5770  -12.5720  -12.5640  -12.5560  -12.5460  -12.5350  -12.5240  -12.5110  -12.4990  -12.4860  -12.4720  -12.4580  -12.4440  -12.4290  -12.4150  -12.4000  -12.3850  -12.3700  -12.3560  -12.3420  -12.3260  -12.3120  -12.2970  -12.2830  -12.2690  -12.2540  -12.2390  -12.2250  -12.2100  -12.1960  -12.1810  -12.1670  -12.1520  -12.1370  -12.1230  -12.1080  -12.0930  -12.0780  -12.0620  -12.0460  -12.0300  -12.0130  -11.9960  -11.9790  -11.9760  -11.9710  -11.9510  -11.9290  -11.9060  -11.8810  -11.8550  -11.8250  -11.7940  -11.7630  -11.7520  -11.7470  -11.7410  -11.7380  -11.7300  -11.7120  -11.7060  -11.5600  -11.5510  -11.5490  -11.5480  -11.5470  -11.5320  -11.5190  -11.5020  -10.1530   -9.8820   -9.6210   -9.3700   -9.1200   -8.9070    7.8390    8.5900    8.7470    8.9880    9.2650    9.6750   10.2780
       4.14e-08       6.91e-08       9.70e-08       1.25e-07       1.53e-07       1.81e-07       2.10e-07       2.38e-07       2.66e-07       2.95e-07       3.24e-07       3.52e-07       3.81e-07       4.10e-07       4.39e-07       4.68e-07       4.97e-07       5.26e-07       5.56e-07       5.86e-07       6.15e-07       6.45e-07       6.75e-07       7.04e-07       7.34e-07       7.64e-07       7.94e-07       8.25e-07       8.55e-07       8.85e-07       9.16e-07       9.46e-07       9.77e-07       1.01e-06       1.04e-06       1.07e-06       1.10e-06       1.13e-06       1.16e-06       1.19e-06       1.22e-06       1.25e-06       1.29e-06       1.32e-06       1.35e-06       1.38e-06       1.41e-06       1.44e-06       1.48e-06       1.51e-06       1.54e-06       1.58e-06       1.61e-06       1.64e-06       1.67e-06       1.71e-06       1.74e-06       1.77e-06       1.81e-06       1.84e-06       1.88e-06       1.91e-06       1.94e-06       1.96e-06       1.99e-06       2.05e-06       2.10e-06       2.17e-06       2.22e-06       2.28e-06       2.40e-06       2.52e-06       2.61e-06       2.69e-06       2.75e-06       2.79e-06       1.78e-01       3.02e-01       4.72e-01       5.85e-01       6.72e-01       7.72e-01       8.28e-01
 8.15
  -12.5190  -12.5100  -12.4940  -12.4760  -12.4570  -12.4340  -12.4110  -12.3870  -12.3620  -12.3370  -12.3110  -12.2870  -12.2620  -12.2370  -12.2120  -12.1880  -12.1630  -12.1400  -12.1150  -12.0910  -12.0670  -12.0420  -12.0300  -12.0170  -12.0050  -11.9930  -11.9800  -11.9670  -11.9550  -11.9470  -11.9450  -11.9320  -11.9160  -11.9000  -11.8830  -11.8640  -11.8440  -11.8210  -11.7970  -11.7710  -11.7480  -11.7410  -11.7120  -11.6780  -11.6400  -11.6030  -11.5970  -11.5600  -11.5410  -11.4490  -11.4460  -11.4310  -11.4280  -11.4230  -11.4130  -10.1730   -9.8730   -9.4690   -9.1550   -8.8490    7.8390    8.5900    8.7470    8.9880    9.2650    9.6750   10.2780
       6.67e-08       1.34e-07       2.01e-07       2.68e-07       3.36e-07       4.04e-07       4.73e-07       5.42e-07       6.11e-07       6.80e-07       7.49e-07       8.19e-07       8.89e-07       9.59e-07       1.03e-06       1.10e-06       1.17e-06       1.24e-06       1.31e-06       1.39e-06       1.46e-06       1.51e-06       1.55e-06       1.58e-06       1.62e-06       1.66e-06       1.69e-06       1.73e-06       1.77e-06       1.80e-06       1.84e-06       1.88e-06       1.91e-06       1.95e-06       1.99e-06       2.03e-06       2.06e-06       2.10e-06       2.14e-06       2.18e-06       2.21e-06       2.25e-06       2.29e-06       2.33e-06       2.37e-06       2.40e-06       2.44e-06       2.48e-06       2.52e-06       2.57e-06       2.65e-06       2.72e-06       2.78e-06       2.85e-06       2.91e-06       3.10e-06       3.33e-06       3.50e-06       3.61e-06       3.69e-06       1.78e-01       3.02e-01       4.72e-01       5.85e-01       6.72e-01       7.72e-01       8.28e-01
  8.2
  -12.3610  -12.3510  -12.3350  -12.3180  -12.3000  -12.2800  -12.2600  -12.2390  -12.2170  -12.1950  -12.1730  -12.1520  -12.1300  -12.1090  -12.0880  -12.0670  -12.0460  -12.0250  -12.0030  -11.9810  -11.9590  -11.9360  -11.9250  -11.9130  -11.9020  -11.8900  -11.8780  -11.8660  -11.8530  -11.8440  -11.8370  -11.8340  -11.8230  -11.8090  -11.7940  -11.7790  -11.7610  -11.7420  -11.7210  -11.6990  -11.6740  -11.6470  -11.6170  -11.5830  -11.5450  -11.5340  -11.5040  -11.4770  -11.4580  -11.4210  -11.2960  -11.2930  -11.2750  -11.2660  -11.2570  -11.2530  -10.0730   -9.8420   -9.5030   -9.2230   -8.9300   -8.3770   -8.3720   -8.2750   -8.2340    7.8390    8.5900    8.7470    8.9880    9.2650    9.6750   10.2780
       9.67e-08       1.94e-07       2.91e-07       3.89e-07       4.88e-07       5.86e-07       6.86e-07       7.85e-07       8.86e-07       9.86e-07       1.09e-06       1.19e-06       1.29e-06       1.39e-06       1.49e-06       1.60e-06       1.70e-06       1.80e-06       1.91e-06       2.01e-06       2.11e-06       2.19e-06       2.24e-06       2.30e-06       2.35e-06       2.40e-06       2.46e-06       2.51e-06       2.56e-06       2.62e-06       2.67e-06       2.77e-06       2.83e-06       2.88e-06       2.93e-06       2.99e-06       3.04e-06       3.10e-06       3.15e-06       3.20e-06       3.26e-06       3.31e-06       3.37e-06       3.42e-06       3.48e-06       3.53e-06       3.59e-06       3.65e-06       3.71e-06       3.76e-06       3.87e-06       3.94e-06       4.04e-06       4.13e-06       4.23e-06       4.33e-06       4.58e-06       4.91e-06       5.14e-06       5.29e-06       5.40e-06       5.84e-06       6.14e-06       6.17e-06       6.79e-06       1.78e-01       3.02e-01       4.72e-01       5.85e-01       6.72e-01       7.72e-01       8.28e-01
 8.25
  -12.1820  -12.1230  -12.0580  -11.9950  -11.9700  -11.9640  -11.9450  -11.9280  -11.9100  -11.8900  -11.8710  -11.8500  -11.8290  -11.8190  -11.8090  -11.7980  -11.7860  -11.7750  -11.7640  -11.7510  -11.7400  -11.7270  -11.7140  -11.7010  -11.6880  -11.6730  -11.6570  -11.6390  -11.6210  -11.6000  -11.5770  -11.5510  -11.5220  -11.4870  -11.4790  -11.4610  -11.4460  -11.4280  -11.4040  -11.3540  -11.3170  -11.1110  -10.0520  -10.0250   -9.9980   -9.9200   -9.7600   -9.4800   -9.2110   -8.7500   -8.4940   -8.4870   -8.2880   -8.2370   -8.2350   -8.1640    7.8390    8.5900    8.7470    8.9880    9.2650    9.6750   10.2780
       4.59e-07       9.24e-07       1.39e-06       1.72e-06       1.85e-06       1.94e-06       2.08e-06       2.22e-06       2.36e-06       2.51e-06       2.65e-06       2.79e-06       2.90e-06       2.97e-06       3.05e-06       3.12e-06       3.19e-06       3.26e-06       3.34e-06       3.41e-06       3.48e-06       3.56e-06       3.63e-06       3.70e-06       3.78e-06       3.85e-06       3.93e-06       4.00e-06       4.07e-06       4.15e-06       4.22e-06       4.30e-06       4.37e-06       4.45e-06       4.57e-06       4.65e-06       4.73e-06       4.81e-06       4.88e-06       4.96e-06       5.04e-06       5.49e-06       5.74e-06       5.82e-06       5.97e-06       6.26e-06       6.62e-06       6.90e-06       7.08e-06       8.06e-06       8.51e-06       8.76e-06       9.19e-06       1.03e-05       1.15e-05       1.19e-05       1.78e-01       3.02e-01       4.72e-01       5.85e-01       6.72e-01       7.72e-01       8.28e-01
  8.3
  -12.0550  -11.9940  -11.9360  -11.8780  -11.8170  -11.7480  -11.6720  -11.5850  -11.5810  -11.5480  -11.4220  -10.9880   -9.9380   -9.9250   -9.9140   -9.8470   -9.7060   -9.4590   -9.2000   -8.7910   -8.5160   -8.5110   -8.3010   -8.3000   -8.2460   -8.1990   -8.1400   -8.1310   -8.0780   -8.0520   -7.9850    7.8390    8.5900    8.7470    8.9880    9.2650    9.6750   10.2780
       3.60e-07       7.26e-07       1.09e-06       1.46e-06       1.84e-06       2.21e-06       2.59e-06       2.83e-06       3.16e-06       3.35e-06       3.75e-06       4.10e-06       4.31e-06       4.38e-06       4.52e-06       4.79e-06       5.13e-06       5.39e-06       5.56e-06       6.43e-06       6.83e-06       7.10e-06       7.59e-06       8.80e-06       9.74e-06       1.11e-05       1.16e-05       1.20e-05       1.22e-05       1.24e-05       1.39e-05       1.78e-01       3.02e-01       4.72e-01       5.85e-01       6.72e-01       7.72e-01       8.28e-01
 8.35
  -11.8650  -11.8140  -11.7610  -11.6990  -11.6280  -11.5570  -11.5480  -11.4620  -11.4430  -11.4250  -10.8420   -9.8450   -9.8290   -9.8270   -9.8260   -9.7750   -9.6470   -9.4350   -9.1900   -8.8300   -8.5390   -8.5360   -8.4110   -8.3630   -8.3120   -8.2770   -8.1740   -8.1640   -8.1160   -8.0900   -7.9180    7.8390    8.5900    8.7470    8.9880    9.2650    9.6750   10.2780
       2.35e-07       4.72e-07       7.10e-07       9.49e-07       1.19e-06       1.40e-06       1.65e-06       1.80e-06       2.08e-06       2.20e-06       2.43e-06       2.66e-06       2.78e-06       2.93e-06       2.99e-06       3.23e-06       3.53e-06       3.77e-06       3.92e-06       4.66e-06       5.00e-06       5.30e-06       6.34e-06       7.71e-06       8.26e-06       8.76e-06       8.94e-06       1.05e-05       1.10e-05       1.13e-05       1.29e-05       1.78e-01       3.02e-01       4.72e-01       5.85e-01       6.72e-01       7.72e-01       8.28e-01
  8.4
  -11.7150  -11.6560  -11.6030  -11.5950  -11.5110  -11.4490  -11.4300  -11.4150  -11.4100  -11.3980  -11.3960  -11.3820  -11.3630  -11.3420  -11.3260   -9.7360   -9.7220   -9.7150   -9.7010   -9.6260   -9.5310   -9.3950   -9.1610   -8.4780   -8.4680   -8.3910   -8.2600   -8.1700   -8.0600   -8.0490   -8.0050   -7.7750    7.8390    8.5900    8.7470    8.9880    9.2650    9.6750   10.2780
       2.99e-07       5.78e-07       6.23e-07       9.45e-07       1.33e-06       1.68e-06       1.72e-06       1.76e-06       1.83e-06       1.87e-06       2.07e-06       2.11e-06       2.15e-06       2.20e-06       2.31e-06       2.56e-06       2.69e-06       2.84e-06       3.06e-06       3.28e-06       3.50e-06       3.71e-06       3.95e-06       4.84e-06       4.95e-06       5.34e-06       7.57e-06       8.08e-06       9.65e-06       9.95e-06       1.15e-05       1.31e-05       1.78e-01       3.02e-01       4.72e-01       5.85e-01       6.72e-01       7.72e-01       8.28e-01
 8.45
  -11.4470  -11.4220  -11.4200  -11.4040  -11.3640  -11.3340  -11.2830  -11.2650  -11.2550  -11.2400  -11.2250  -11.2080  -11.1910  -11.1730  -11.1600  -11.1510  -10.3220   -9.8120   -9.7060   -9.6720   -9.5600   -9.4760   -9.3660   -9.2140   -8.9730   -8.2820   -8.2540   -8.1680   -7.9890   -7.9530   -7.9410   -7.9110   -7.7220    7.8360    8.5900    8.7470    8.9880    9.2650    9.6750   10.2780
       7.32e-07       1.52e-06       2.20e-06       3.14e-06       3.99e-06       4.46e-06       4.72e-06       4.84e-06       5.00e-06       5.10e-06       5.21e-06       5.32e-06       5.42e-06       5.53e-06       5.64e-06       5.75e-06       5.86e-06       6.49e-06       6.80e-06       7.07e-06       7.41e-06       7.75e-06       8.08e-06       8.41e-06       8.77e-06       1.01e-05       1.02e-05       1.06e-05       1.12e-05       1.37e-05       1.55e-05       1.58e-05       1.75e-05       1.78e-01       3.02e-01       4.72e-01       5.85e-01       6.72e-01       7.72e-01       8.28e-01
  8.5
  -11.3360  -11.3360  -11.3200  -11.3060  -11.2980  -11.2920  -11.2770  -11.2760  -11.2660  -11.2590  -11.2500  -11.2420  -11.2330  -11.2230  -11.1560  -11.1010  -11.0360   -9.7210   -9.5510   -9.4980   -9.4560   -9.4170   -9.2010   -9.0330   -8.7850   -8.0890   -8.0400   -7.9430   -7.8200   -7.8070   -7.7730   -7.6460    7.8350    8.5900    8.7470    8.9880    9.2650    9.6750   10.2780
       2.26e-06       2.26e-06       3.89e-06       4.34e-06       5.69e-06       6.86e-06       7.14e-06       8.40e-06       8.58e-06       8.76e-06       8.94e-06       9.13e-06       9.31e-06       9.50e-06       9.69e-06       9.89e-06       1.01e-05       1.12e-05       1.17e-05       1.21e-05       1.26e-05       1.31e-05       1.35e-05       1.40e-05       1.45e-05       1.63e-05       1.65e-05       1.69e-05       1.89e-05       1.95e-05       1.99e-05       2.27e-05       1.78e-01       3.02e-01       4.72e-01       5.85e-01       6.72e-01       7.72e-01       8.28e-01
 8.55
  -11.3050  -11.3020  -11.2800  -11.2720  -11.2460  -11.1920  -11.1680  -11.1380   -9.3250   -9.3060   -9.2930   -9.2830   -9.2700   -9.2580   -9.2500   -9.2400   -9.2140   -9.1710   -8.8710   -8.6640   -8.5190   -8.4290   -8.3380   -7.8350   -7.8250   -7.7300   -7.6150   -7.5280    7.8350    8.5900    8.7470    8.9880    9.2650    9.6750   10.2780
       1.64e-06       3.60e-06       5.72e-06       6.65e-06       8.93e-06       1.14e-05       1.19e-05       1.45e-05       1.59e-05       1.60e-05       1.61e-05       1.63e-05       1.65e-05       1.67e-05       1.69e-05       1.72e-05       1.76e-05       1.80e-05       1.85e-05       1.89e-05       1.91e-05       1.93e-05       1.95e-05       2.05e-05       2.06e-05       2.14e-05       2.30e-05       2.49e-05       1.78e-01       3.02e-01       4.72e-01       5.85e-01       6.72e-01       7.72e-01       8.28e-01
  8.6
  -11.1800  -11.1670  -11.1400  -11.1120  -11.0760  -11.0250  -10.9140   -9.6280   -9.1750   -9.1480   -9.1270   -9.1200   -9.1040   -9.0950   -9.0890   -9.0800   -9.0560   -9.0070   -8.9400   -8.8090   -8.3560   -8.2620   -8.1610   -7.6310   -7.6010   -7.5160    7.8350    8.5900    8.7470    8.9880    9.2650    9.6750   10.2780
       8.59e-07       2.37e-06       4.19e-06       6.15e-06       8.25e-06       1.05e-05       1.10e-05       1.34e-05       1.47e-05       1.50e-05       1.52e-05       1.55e-05       1.59e-05       1.62e-05       1.66e-05       1.70e-05       1.76e-05       1.84e-05       1.92e-05       1.99e-05       2.03e-05       2.05e-05       2.09e-05       2.26e-05       2.27e-05       2.35e-05       1.78e-01       3.02e-01       4.72e-01       5.85e-01       6.72e-01       7.72e-01       8.28e-01
 8.65
  -11.0870  -11.0280  -10.9770  -10.9420  -10.9050  -10.6930   -9.8300   -9.2720   -9.0250   -8.9980   -8.9780   -8.9590   -8.9400   -8.9330   -8.9290   -8.9210   -8.8990   -8.8420   -8.7690   -8.6390   -8.5470   -8.0940   -7.9850   -7.4280   -7.3760    7.8350    8.5900    8.7470    8.9880    9.2650    9.6750   10.2780
       7.63e-07       2.11e-06       3.72e-06       5.46e-06       7.33e-06       7.81e-06       9.80e-06       1.19e-05       1.31e-05       1.35e-05       1.39e-05       1.44e-05       1.49e-05       1.53e-05       1.59e-05       1.66e-05       1.75e-05       1.86e-05       1.99e-05       2.09e-05       2.15e-05       2.18e-05       2.25e-05       2.48e-05       2.49e-05       1.78e-01       3.02e-01       4.72e-01       5.85e-01       6.72e-01       7.72e-01       8.28e-01
  8.7
  -10.9930  -10.8900  -10.8680  -10.8130  -10.7710   -9.5930   -9.1830   -8.9820   -8.8750   -8.8490   -8.8300   -8.8120   -8.7770   -8.7720   -8.7680   -8.7610   -8.7420   -8.6780   -8.5980   -8.4680   -8.3810   -8.3210   -7.8080   -7.2220    7.8350    8.5900    8.7490    8.9880    9.2650    9.6750   10.2780
       6.35e-07       1.75e-06       2.16e-06       3.51e-06       4.95e-06       6.51e-06       8.17e-06       9.91e-06       1.10e-05       1.16e-05       1.21e-05       1.27e-05       1.35e-05       1.41e-05       1.49e-05       1.58e-05       1.71e-05       1.87e-05       2.05e-05       2.19e-05       2.27e-05       2.32e-05       2.40e-05       2.72e-05       1.78e-01       3.02e-01       4.72e-01       5.85e-01       6.72e-01       7.72e-01       8.28e-01
 8.75
  -10.8980  -10.7510  -10.6490   -9.5030   -9.3260   -8.9760   -8.8270   -8.7600   -8.7150   -8.6970   -8.6790   -8.6610   -8.6250   -8.6100   -8.6080   -8.6010   -8.5850   -8.5140   -8.4270   -8.3180   -8.2830   -8.2050   -8.0970   -7.0190    7.8340    8.5900    8.7490    8.9880    9.2650    9.6750   10.2780
       4.71e-07       1.30e-06       2.30e-06       2.61e-06       3.68e-06       4.83e-06       6.06e-06       7.35e-06       8.34e-06       9.02e-06       9.69e-06       1.06e-05       1.16e-05       1.24e-05       1.35e-05       1.47e-05       1.64e-05       1.86e-05       2.08e-05       2.21e-05       2.31e-05       2.43e-05       2.57e-05       2.97e-05       1.78e-01       3.02e-01       4.72e-01       5.85e-01       6.72e-01       7.72e-01       8.28e-01
  8.8
  -10.6950  -10.6640   -8.9430   -8.6760   -8.5970   -8.5580   -8.5350   -8.5100   -8.4930   -8.4850   -8.4720   -8.4500   -8.4070   -8.3570   -8.2430   -8.1690   -8.0910   -8.0020   -7.3430    7.8340    8.5900    8.7490    8.9880    9.2650    9.6750   10.2780
       8.45e-07       2.50e-06       4.85e-06       7.18e-06       9.00e-06       1.02e-05       1.11e-05       1.20e-05       1.31e-05       1.42e-05       1.55e-05       1.67e-05       1.80e-05       2.00e-05       2.20e-05       2.34e-05       2.47e-05       2.60e-05       2.75e-05       1.78e-01       3.02e-01       4.72e-01       5.85e-01       6.72e-01       7.72e-01       8.28e-01
 8.85
  -10.6060  -10.4650   -8.7910   -8.5640   -8.4830   -8.4400   -8.4130   -8.3890   -8.3760   -8.3620   -8.3410   -8.3130   -8.2630   -8.2040   -8.0710   -7.9880   -7.8980   -7.7980    7.8340    8.5900    8.7490    8.9880    9.2650    9.6750   10.2780
       1.80e-06       2.73e-06       5.28e-06       7.83e-06       9.82e-06       1.11e-05       1.21e-05       1.31e-05       1.43e-05       1.55e-05       1.69e-05       1.83e-05       1.97e-05       2.19e-05       2.41e-05       2.56e-05       2.70e-05       2.85e-05       1.78e-01       3.02e-01       4.72e-01       5.85e-01       6.72e-01       7.72e-01       8.28e-01
  8.9
  -10.4630   -8.4900   -8.3750   -8.3040   -8.2640   -8.2270   -8.1730   -8.0830   -7.9740   -7.8540   -7.7130    7.8330    8.5900    8.7480    8.9880    9.2650    9.6750   10.2780
       3.35e-06       6.84e-06       9.74e-06       1.20e-05       1.43e-05       1.67e-05       1.90e-05       2.13e-05       2.36e-05       2.59e-05       2.82e-05       1.78e-01       3.02e-01       4.72e-01       5.85e-01       6.72e-01       7.72e-01       8.28e-01
 8.95
   -9.8210   -8.4110   -8.2850   -8.2010   -8.1580   -8.1010   -8.0270   -7.9230   -7.8050   -7.6740   -7.5300    7.8330    8.5900    8.7480    8.9880    9.2650    9.6750   10.2780
       3.56e-06       7.27e-06       1.04e-05       1.28e-05       1.53e-05       1.78e-05       2.02e-05       2.27e-05       2.52e-05       2.77e-05       3.01e-05       1.78e-01       3.02e-01       4.72e-01       5.85e-01       6.72e-01       7.72e-01       8.28e-01
  9.0
   -8.9760   -8.3340   -8.1950   -8.1100   -8.0510   -7.9760   -7.8800   -7.7630   -7.6350   -7.4950    7.8300    8.5900    8.7480    8.9880    9.2650    9.6750   10.2780
       3.78e-06       7.72e-06       1.10e-05       1.36e-05       1.63e-05       1.89e-05       2.16e-05       2.42e-05       2.68e-05       2.95e-05       1.78e-01       3.02e-01       4.72e-01       5.85e-01       6.72e-01       7.72e-01       8.28e-01
 9.05
  -10.3210   -8.5670   -8.2530   -8.1250   -8.0180   -7.9290   -7.8150   -7.6740   -7.5080   -6.4620    7.8290    8.5900    8.7480    8.9880    9.2650    9.6750   10.2780
       2.28e-06       5.66e-06       9.12e-06       1.25e-05       1.57e-05       1.90e-05       2.23e-05       2.56e-05       2.89e-05       3.21e-05       1.78e-01       3.02e-01       4.72e-01       5.85e-01       6.72e-01       7.72e-01       8.28e-01
  9.1
  -10.1540   -9.8930   -8.1950   -8.0180   -7.9100   -7.7990   -7.6610   -7.4940   -7.3120    7.8280    8.5900    8.7500    8.9880    9.2650    9.6750   10.2780
       1.98e-06       5.77e-06       1.01e-05       1.41e-05       1.78e-05       2.15e-05       2.52e-05       2.90e-05       3.27e-05       1.78e-01       3.02e-01       4.72e-01       5.85e-01       6.72e-01       7.72e-01       8.28e-01
 9.15
   -8.8140   -8.1190   -7.9080   -7.8030   -7.6790   -7.5320   -7.3640   -6.3190    7.8280    8.5900    8.7500    8.9880    9.2650    9.6750   10.2780
       8.97e-06       1.85e-05       2.69e-05       3.42e-05       4.15e-05       4.88e-05       5.61e-05       6.32e-05       1.78e-01       3.02e-01       4.72e-01       5.85e-01       6.72e-01       7.72e-01       8.28e-01
  9.2
  -10.4410  -10.2810   -8.1860   -7.8940   -7.7700   -7.6200   -7.4470   -6.3980    7.8270    8.5900    8.7500    8.9880    9.2650    9.6750   10.2780
       2.56e-06       7.76e-06       1.43e-05       1.97e-05       2.39e-05       2.81e-05       3.21e-05       3.59e-05       1.78e-01       3.02e-01       4.72e-01       5.85e-01       6.72e-01       7.72e-01       8.28e-01
 9.25
  -10.4330  -10.2380   -8.1400   -7.8550   -7.7210   -7.5630   -7.3900   -6.6660    7.8230    8.5900    8.7500    8.9880    9.2650    9.6750   10.2780
       1.96e-06       5.57e-06       9.82e-06       1.33e-05       1.60e-05       1.86e-05       2.11e-05       2.38e-05       1.78e-01       3.02e-01       4.72e-01       5.85e-01       6.72e-01       7.72e-01       8.28e-01
  9.3
  -10.3620  -10.3270   -8.2510   -7.8110   -7.6830   -7.5340   -7.3750   -6.6960    7.8220    8.5900    8.7520    8.9880    9.2650    9.6750   10.2780
       2.33e-06       3.10e-06       7.72e-06       1.12e-05       1.32e-05       1.53e-05       1.72e-05       1.94e-05       1.78e-01       3.02e-01       4.72e-01       5.85e-01       6.72e-01       7.72e-01       8.28e-01
 9.35
  -10.3390   -8.1750   -7.7640   -7.6330   -7.4810   -7.3230   -6.6390    7.8210    8.5900    8.7520    8.9880    9.2650    9.6750   10.2780
       2.73e-06       6.85e-06       9.85e-06       1.17e-05       1.35e-05       1.51e-05       1.71e-05       1.78e-01       3.02e-01       4.72e-01       5.85e-01       6.72e-01       7.72e-01       8.28e-01
  9.4
  -10.3150   -8.0960   -7.7020   -7.5740   -7.4330   -7.2850   -6.2820    7.8170    8.5900    8.7510    8.9880    9.2650    9.6750   10.2780
       2.80e-06       7.02e-06       1.00e-05       1.17e-05       1.34e-05       1.49e-05       1.67e-05       1.78e-01       3.02e-01       4.72e-01       5.85e-01       6.72e-01       7.72e-01       8.28e-01
 9.45
  -10.2550   -8.0150   -7.6630   -7.5110   -7.3500   -6.6740   -6.0780   -6.0060    7.8160    8.5900    8.7530    8.9880    9.2650    9.6750   10.2780
       2.75e-06       6.61e-06       9.49e-06       1.13e-05       1.30e-05       1.51e-05       1.54e-05       2.13e-05       1.78e-01       3.02e-01       4.72e-01       5.85e-01       6.72e-01       7.72e-01       8.28e-01
  9.5
  -10.2250   -7.9820   -7.6500   -7.5020   -7.3520   -6.7470   -6.1660   -6.1450   -6.0440    7.8110    8.5900    8.7530    8.9880    9.2650    9.6750   10.2780
       2.61e-06       6.28e-06       9.01e-06       1.07e-05       1.23e-05       1.43e-05       1.46e-05       1.75e-05       2.34e-05       1.78e-01       3.02e-01       4.72e-01       5.85e-01       6.72e-01       7.72e-01       8.28e-01
 9.55
   -9.2290   -7.9290   -7.6050   -7.4520   -7.2970   -6.6920   -6.0870   -6.0840   -6.0810   -6.0190    7.8090    8.5900    8.7550    8.9880    9.2650    9.6750   10.2780
       2.35e-06       5.95e-06       8.57e-06       1.02e-05       1.17e-05       1.35e-05       1.36e-05       1.62e-05       2.19e-05       2.30e-05       1.78e-01       3.02e-01       4.72e-01       5.85e-01       6.72e-01       7.72e-01       8.28e-01
 9.65
   -8.0640   -8.0550   -7.7190   -7.4450   -7.2440   -6.5850   -6.1400   -6.0740   -5.8450    7.8020    8.5900    8.7570    8.9880    9.2650    9.6750   10.2780
       2.13e-06       3.36e-06       5.92e-06       8.08e-06       9.77e-06       1.18e-05       1.28e-05       1.84e-05       1.85e-05       1.78e-01       3.02e-01       4.72e-01       5.85e-01       6.72e-01       7.72e-01       8.28e-01
  9.7
   -7.9830   -7.8480   -7.5990   -7.3120   -7.1440   -6.5010   -6.1690   -5.8610   -5.8450   -5.8270   -5.7800    7.7970    8.5900    8.7580    8.9880    9.2650    9.6750   10.2780
       1.20e-06       3.29e-06       5.79e-06       7.78e-06       9.19e-06       1.09e-05       1.46e-05       1.48e-05       2.24e-05       2.45e-05       2.56e-05       1.78e-01       3.02e-01       4.72e-01       5.85e-01       6.72e-01       7.72e-01       8.28e-01
 9.75
   -7.9780   -7.9530   -7.9230   -7.8920   -7.8710   -7.8610   -7.8550   -7.6900   -7.4360   -7.2050   -6.9850   -6.2030   -5.8770   -5.8680   -5.8340   -5.7830    7.7910    8.5900    8.7600    8.9880    9.2650    9.6750   10.2780
       2.26e-07       6.57e-07       7.93e-07       9.19e-07       1.04e-06       1.12e-06       2.19e-06       4.06e-06       6.04e-06       7.79e-06       9.67e-06       1.33e-05       1.34e-05       2.08e-05       2.29e-05       2.34e-05       1.78e-01       3.02e-01       4.72e-01       5.85e-01       6.72e-01       7.72e-01       8.28e-01
  9.8
   -8.0370   -8.0210   -8.0100   -8.0040   -8.0030   -7.9260   -7.7420   -7.4610   -7.2030   -6.5140   -6.2370   -5.8900   -5.8900   -5.8290   -5.7740    7.7850    8.5900    8.7620    8.9880    9.2650    9.6750   10.2780
       2.38e-07       3.84e-07       5.26e-07       6.56e-07       1.11e-06       2.25e-06       4.24e-06       6.35e-06       8.14e-06       9.98e-06       1.35e-05       2.07e-05       2.07e-05       2.27e-05       2.32e-05       1.78e-01       3.02e-01       4.72e-01       5.85e-01       6.72e-01       7.72e-01       8.28e-01
  9.9
   -7.8750   -7.8560   -7.8360   -7.7090   -7.3100   -7.0220   -6.6770   -6.3020   -6.2440   -5.9100   -5.8920   -5.8410   -5.7990   -5.6090   -5.5940    7.7720    8.5900    8.7680    8.9880    9.2650    9.6750   10.2780
       3.68e-07       7.25e-07       1.37e-06       3.01e-06       4.97e-06       6.58e-06       8.82e-06       9.39e-06       1.30e-05       1.89e-05       1.90e-05       2.18e-05       2.22e-05       2.86e-05       2.97e-05       1.78e-01       3.02e-01       4.72e-01       5.85e-01       6.72e-01       7.72e-01       8.28e-01
 9.95
   -7.7720   -7.7390   -7.7270   -7.5920   -7.1640   -6.8570   -6.4940   -6.3350   -6.2740   -5.9210   -5.8670   -5.8650   -5.7710   -5.6150   -5.5740    7.7610    8.5900    8.7690    8.9880    9.2650    9.6750   10.2780
       3.56e-07       6.87e-07       1.31e-06       2.88e-06       4.76e-06       6.31e-06       8.03e-06       8.58e-06       1.21e-05       1.78e-05       1.79e-05       1.97e-05       2.01e-05       2.63e-05       2.73e-05       1.78e-01       3.02e-01       4.72e-01       5.85e-01       6.72e-01       7.72e-01       8.28e-01
 10.0
   -7.6530   -7.6140   -7.5970   -7.5210   -7.0670   -6.5420   -6.3660   -6.3330   -6.3040   -6.0100   -5.9330   -5.8830   -5.8440   -5.7500   -5.6180    7.7530    8.5900    8.7730    8.9880    9.2650    9.6750   10.2780
       3.88e-07       7.49e-07       1.18e-06       2.52e-06       4.76e-06       6.30e-06       6.83e-06       7.45e-06       1.08e-05       1.17e-05       1.72e-05       1.77e-05       1.78e-05       1.84e-05       2.44e-05       1.78e-01       3.02e-01       4.72e-01       5.85e-01       6.72e-01       7.72e-01       8.28e-01
10.05
   -7.5280   -7.4740   -7.4620   -7.3090   -7.0340   -6.5470   -6.3980   -6.3550   -6.3470   -6.0050   -5.9970   -5.8550   -5.8350   -5.7360   -5.6990   -5.4260    7.7420    8.5900    8.7740    8.9880    9.2650    9.6750   10.2780
       3.89e-07       7.46e-07       1.98e-06       2.31e-06       4.37e-06       5.78e-06       6.15e-06       6.77e-06       9.41e-06       1.39e-05       1.50e-05       1.55e-05       1.56e-05       1.62e-05       2.07e-05       2.56e-05       1.78e-01       3.02e-01       4.72e-01       5.85e-01       6.72e-01       7.72e-01       8.28e-01
10.15
   -7.2710   -7.2540   -7.0500   -6.5750   -6.4550   -6.3990   -6.3910   -6.0350   -5.9810   -5.8440   -5.8230   -5.7090   -5.5080   -5.4230    7.7160    8.5900    8.7840    8.9880    9.2650    9.6750   10.2780
       4.88e-07       1.33e-06       2.96e-06       4.40e-06       4.75e-06       7.19e-06       7.90e-06       1.21e-05       1.34e-05       1.38e-05       1.45e-05       1.87e-05       1.96e-05       2.41e-05       1.78e-01       3.02e-01       4.72e-01       5.85e-01       6.72e-01       7.72e-01       8.28e-01
