 8.05
  -12.4770  -12.4760  -12.4750  -12.4740  -12.4730  -12.4700  -12.4650  -12.4640  -12.4570  -12.4510  -12.4490  -12.4410  -12.4320  -12.4210  -12.4110  -12.4010  -12.3910  -12.3810  -12.3690  -12.3590  -12.3480  -12.3360  -12.3250  -12.3140  -12.3030  -12.2920  -12.2810  -12.2700  -12.2600  -12.2490  -12.2380  -12.2280  -12.2180  -12.2080  -12.1980  -12.1880  -12.1780  -12.1680  -12.1590  -12.1500  -12.1410  -12.1330  -12.1260  -12.1190  -12.1120  -12.1040  -12.0980  -12.0920  -12.0850  -12.0780  -12.0700  -12.0600  -12.0460  -12.0260  -11.9920  -11.9850  -11.9770  -11.9760  -11.9670  -11.9570  -11.9410  -11.9070  -11.8790  -11.8760  -11.7430  -11.6790  -11.6200  -11.5400  -11.4560  -11.1670   -9.1470   -8.8920   -8.6610   -8.4430   -8.2520   -8.1070   -7.4940
       2.40e-08       4.84e-08       7.22e-08       9.66e-08       1.20e-07       1.45e-07       1.69e-07       1.93e-07       2.18e-07       2.53e-07       2.78e-07       3.02e-07       3.27e-07       3.52e-07       3.77e-07       4.02e-07       4.27e-07       4.52e-07       4.77e-07       5.03e-07       5.28e-07       5.53e-07       5.79e-07       6.04e-07       6.30e-07       6.56e-07       6.82e-07       7.08e-07       7.34e-07       7.60e-07       7.86e-07       8.12e-07       8.38e-07       8.64e-07       8.91e-07       9.17e-07       9.44e-07       9.70e-07       9.97e-07       1.02e-06       1.05e-06       1.08e-06       1.10e-06       1.13e-06       1.16e-06       1.19e-06       1.21e-06       1.24e-06       1.27e-06       1.30e-06       1.33e-06       1.35e-06       1.38e-06       1.41e-06       1.46e-06       1.50e-06       1.56e-06       1.59e-06       1.64e-06       1.66e-06       1.68e-06       1.70e-06       1.74e-06       1.77e-06       1.80e-06       1.83e-06       1.86e-06       1.89e-06       1.91e-06       1.94e-06       2.02e-06       2.10e-06       2.16e-06       2.21e-06       2.25e-06       2.28e-06       2.30e-06
  8.1
  -12.4310  -12.4300  -12.4300  -12.4270  -12.4250  -12.4220  -12.4170  -12.4090  -12.4020  -12.3930  -12.3830  -12.3730  -12.3630  -12.3520  -12.3410  -12.3300  -12.3190  -12.3070  -12.2960  -12.2850  -12.2730  -12.2620  -12.2500  -12.2390  -12.2280  -12.2160  -12.2050  -12.1950  -12.1840  -12.1730  -12.1620  -12.1530  -12.1420  -12.1320  -12.1220  -12.1120  -12.1020  -12.0920  -12.0830  -12.0730  -12.0640  -12.0550  -12.0460  -12.0380  -12.0290  -12.0080  -12.0000  -11.9930  -11.9850  -11.9790  -11.9720  -11.9690  -11.9660  -11.9580  -11.9580  -11.9470  -11.9420  -11.9230  -11.9050  -11.8910  -11.8890  -11.8760  -11.8610  -11.8440  -11.8100  -11.7750  -11.7410  -11.6800  -11.5690  -11.3470   -9.1280   -8.8760   -8.6320   -8.3950   -8.1610   -7.9640   -7.9100
       3.39e-08       1.02e-07       1.02e-07       1.36e-07       1.86e-07       2.21e-07       2.55e-07       2.89e-07       3.24e-07       3.59e-07       3.93e-07       4.28e-07       4.63e-07       4.98e-07       5.34e-07       5.69e-07       6.05e-07       6.40e-07       6.76e-07       7.12e-07       7.48e-07       7.84e-07       8.20e-07       8.56e-07       8.93e-07       9.29e-07       9.66e-07       1.00e-06       1.04e-06       1.08e-06       1.11e-06       1.15e-06       1.19e-06       1.22e-06       1.26e-06       1.30e-06       1.34e-06       1.37e-06       1.41e-06       1.45e-06       1.49e-06       1.53e-06       1.56e-06       1.60e-06       1.64e-06       1.68e-06       1.72e-06       1.76e-06       1.80e-06       1.84e-06       1.88e-06       1.94e-06       1.98e-06       2.09e-06       2.09e-06       2.13e-06       2.21e-06       2.25e-06       2.32e-06       2.35e-06       2.38e-06       2.42e-06       2.45e-06       2.53e-06       2.57e-06       2.61e-06       2.65e-06       2.69e-06       2.73e-06       2.77e-06       2.92e-06       3.06e-06       3.18e-06       3.27e-06       3.34e-06       3.39e-06       3.41e-06
 8.15
  -12.3730  -12.3700  -12.3680  -12.3590  -12.3450  -12.3290  -12.3110  -12.2910  -12.2710  -12.2500  -12.2300  -12.2090  -12.1880  -12.1690  -12.1490  -12.1300  -12.1120  -12.0930  -12.0760  -12.0580  -12.0400  -12.0240  -12.0160  -12.0070  -11.9990  -11.9900  -11.9820  -11.9740  -11.9660  -11.9530  -11.9330  -11.9240  -11.9180  -11.9110  -11.9110  -11.9050  -11.8990  -11.8940  -11.8940  -11.8890  -11.8870  -11.8830  -11.8800  -11.8750  -11.8690  -11.8660  -11.8630  -11.8530  -11.8340  -11.8320  -11.8240  -11.8010  -11.7720  -11.6270  -11.3960   -9.1410   -9.0150   -8.8590   -8.4820   -8.1860   -7.9010
       8.74e-08       1.75e-07       2.62e-07       3.51e-07       4.39e-07       5.28e-07       6.18e-07       7.08e-07       7.98e-07       8.88e-07       9.79e-07       1.07e-06       1.16e-06       1.25e-06       1.35e-06       1.44e-06       1.53e-06       1.62e-06       1.72e-06       1.81e-06       1.90e-06       1.98e-06       2.02e-06       2.07e-06       2.12e-06       2.17e-06       2.21e-06       2.26e-06       2.31e-06       2.36e-06       2.40e-06       2.45e-06       2.50e-06       2.64e-06       2.64e-06       2.68e-06       2.73e-06       2.87e-06       2.87e-06       2.92e-06       2.97e-06       3.01e-06       3.06e-06       3.11e-06       3.16e-06       3.25e-06       3.30e-06       3.35e-06       3.44e-06       3.49e-06       3.55e-06       3.65e-06       3.70e-06       3.76e-06       3.81e-06       4.05e-06       4.17e-06       4.47e-06       4.70e-06       4.84e-06       4.94e-06
  8.2
  -12.2430  -12.2400  -12.2370  -12.2300  -12.2200  -12.2080  -12.1950  -12.1810  -12.1650  -12.1490  -12.1350  -12.1210  -12.1060  -12.0920  -12.0780  -12.0640  -12.0500  -12.0370  -12.0230  -12.0090  -11.9950  -11.9810  -11.9740  -11.9680  -11.9620  -11.9550  -11.9480  -11.9420  -11.9360  -11.9260  -11.9120  -11.9070  -11.9010  -11.8970  -11.8920  -11.8870  -11.8820  -11.8780  -11.8760  -11.8740  -11.8710  -11.8690  -11.8680  -11.8650  -11.8600  -11.8500  -11.8220  -11.7850  -11.7720  -11.7530  -11.7310  -11.7190  -11.7020  -11.6830  -11.5060  -11.1820   -9.0410   -8.8210   -8.5070   -8.2430   -7.9680
       1.34e-07       2.68e-07       4.03e-07       5.39e-07       6.76e-07       8.13e-07       9.50e-07       1.09e-06       1.23e-06       1.37e-06       1.51e-06       1.65e-06       1.79e-06       1.93e-06       2.07e-06       2.21e-06       2.36e-06       2.50e-06       2.64e-06       2.79e-06       2.93e-06       3.04e-06       3.11e-06       3.18e-06       3.26e-06       3.33e-06       3.40e-06       3.48e-06       3.55e-06       3.63e-06       3.70e-06       3.77e-06       3.85e-06       3.92e-06       4.00e-06       4.07e-06       4.15e-06       4.22e-06       4.30e-06       4.37e-06       4.45e-06       4.52e-06       4.60e-06       4.68e-06       4.76e-06       4.83e-06       4.91e-06       5.05e-06       5.18e-06       5.31e-06       5.44e-06       5.54e-06       5.69e-06       5.77e-06       5.85e-06       6.00e-06       6.35e-06       6.80e-06       7.13e-06       7.33e-06       7.49e-06
 8.25
  -12.6570  -12.5870  -12.1090  -12.0860  -12.0530  -12.0210  -12.0080  -12.0060  -11.9970  -11.9870  -11.9790  -11.9710  -11.9620  -11.9530  -11.9430  -11.9370  -11.9320  -11.9290  -11.9230  -11.9180  -11.9130  -11.9080  -11.9040  -11.8980  -11.8930  -11.8890  -11.8850  -11.8820  -11.8760  -11.8720  -11.8710  -11.8670  -11.8660  -11.8650  -11.8650  -11.8630  -11.8630  -11.8620  -11.7390  -11.6510  -11.6390  -11.3470   -9.0530   -9.0130   -8.9810   -8.8880   -8.7340   -8.4760   -8.2250
       1.14e-07       2.28e-07       8.97e-07       1.57e-06       2.26e-06       2.74e-06       2.92e-06       3.05e-06       3.26e-06       3.47e-06       3.67e-06       3.88e-06       4.09e-06       4.30e-06       4.45e-06       4.56e-06       4.66e-06       4.77e-06       4.88e-06       4.98e-06       5.09e-06       5.19e-06       5.30e-06       5.41e-06       5.51e-06       5.62e-06       5.73e-06       5.84e-06       5.94e-06       6.06e-06       6.16e-06       6.27e-06       6.38e-06       6.60e-06       6.60e-06       6.82e-06       6.82e-06       6.93e-06       7.05e-06       7.70e-06       7.81e-06       7.99e-06       8.37e-06       8.47e-06       8.69e-06       9.11e-06       9.64e-06       1.01e-05       1.03e-05
  8.3
  -12.0010  -11.9940  -11.9820  -11.9780  -11.9620  -11.9360  -11.9110  -11.8790  -11.8610  -11.7310  -11.6790  -11.5300   -8.9500   -8.9230   -8.9000   -8.8160   -8.6740   -8.4460   -8.2080
       5.55e-07       1.11e-06       1.67e-06       2.22e-06       2.78e-06       3.35e-06       3.93e-06       4.29e-06       4.59e-06       5.08e-06       5.69e-06       6.23e-06       6.54e-06       6.65e-06       6.86e-06       7.27e-06       7.78e-06       8.18e-06       8.43e-06
 8.35
  -11.9440  -11.9400  -11.9350  -11.9160  -11.9120  -11.8930  -11.8630  -11.8350  -11.5980  -11.4890  -11.4050   -8.9410   -8.8510   -8.8350   -8.8270   -8.7560   -8.6140   -8.4140   -8.1870
       3.74e-07       7.45e-07       1.12e-06       1.49e-06       1.87e-06       2.25e-06       2.50e-06       2.69e-06       3.02e-06       3.46e-06       3.82e-06       4.18e-06       4.40e-06       4.50e-06       4.69e-06       5.07e-06       5.54e-06       5.92e-06       6.15e-06
  8.4
  -12.6840  -12.5830  -11.9080  -11.9070  -11.8750  -11.8020  -11.7300  -11.6040  -11.5570  -11.5330  -11.5090  -11.4860  -11.4630  -11.4390  -11.1630   -8.8970   -8.7940   -8.7590   -8.7000   -8.6000   -8.4980   -8.3660   -8.1510   -7.9760   -7.4380   -6.9220
       5.56e-07       8.69e-07       1.49e-06       2.01e-06       2.46e-06       2.95e-06       3.12e-06       3.23e-06       3.30e-06       3.37e-06       3.44e-06       3.51e-06       3.58e-06       3.65e-06       3.72e-06       4.14e-06       4.34e-06       4.59e-06       4.95e-06       5.30e-06       5.65e-06       5.99e-06       6.37e-06       6.45e-06       6.52e-06       6.63e-06
 8.45
  -12.6250  -12.5420  -12.4390  -12.4260  -12.4230  -12.4190  -12.4040  -12.3830  -12.3560  -12.3560  -12.3350  -12.3190  -11.8380  -11.7700  -11.4290  -11.2390   -9.3080   -9.2110   -8.8790   -8.7490   -8.5790   -8.4610   -8.3340   -8.1880   -7.9680   -7.2820
       1.30e-06       2.86e-06       3.03e-06       3.30e-06       3.47e-06       4.86e-06       5.04e-06       5.22e-06       5.83e-06       5.83e-06       6.61e-06       6.79e-06       7.92e-06       9.13e-06       9.31e-06       9.50e-06       9.68e-06       1.07e-05       1.12e-05       1.17e-05       1.22e-05       1.28e-05       1.33e-05       1.39e-05       1.45e-05       1.47e-05
  8.5
  -12.4730  -12.4020  -12.3300  -12.2550  -12.1550  -12.0970  -12.0940  -12.0860  -12.0780  -12.0750  -12.0540  -12.0280  -11.9890  -11.9470  -11.9340  -11.8990  -11.2040   -9.4190   -8.8950   -8.6840   -8.4810   -8.3430   -8.1730   -8.0100   -7.9050   -7.7860
       2.12e-06       4.09e-06       6.36e-06       9.10e-06       1.15e-05       1.20e-05       1.23e-05       1.37e-05       1.44e-05       1.47e-05       1.50e-05       1.54e-05       1.57e-05       1.60e-05       1.63e-05       1.66e-05       1.70e-05       1.88e-05       1.97e-05       2.04e-05       2.12e-05       2.20e-05       2.28e-05       2.36e-05       2.39e-05       2.48e-05
 8.55
  -12.2240  -12.1100  -12.0160  -11.9500  -11.8990  -11.8210  -11.6040  -11.5050   -8.6110   -8.5320   -8.4720   -8.4240   -8.3530   -8.3010   -8.2570   -8.1990   -8.1220   -8.0080   -7.8480   -7.6630   -7.5290   -7.4440   -7.3580
       4.35e-06       8.49e-06       1.24e-05       1.60e-05       1.94e-05       2.21e-05       2.37e-05       2.47e-05       2.71e-05       2.73e-05       2.76e-05       2.79e-05       2.82e-05       2.85e-05       2.89e-05       2.94e-05       3.00e-05       3.07e-05       3.16e-05       3.23e-05       3.26e-05       3.29e-05       3.33e-05
  8.6
  -11.9730  -11.8940  -11.8230  -11.7750  -11.7000  -11.6860  -11.4500  -10.2210   -8.4700   -8.3820   -8.3250   -8.2800   -8.2090   -8.1680   -8.1240   -8.0500   -7.9490   -7.8340   -7.7020   -7.5190   -7.3650   -7.2770   -7.1840
       3.87e-06       7.50e-06       1.09e-05       1.40e-05       1.50e-05       1.76e-05       1.91e-05       2.31e-05       2.54e-05       2.58e-05       2.62e-05       2.68e-05       2.74e-05       2.79e-05       2.86e-05       2.94e-05       3.04e-05       3.17e-05       3.32e-05       3.44e-05       3.50e-05       3.54e-05       3.61e-05
 8.65
  -11.7710  -11.7090  -11.6510  -11.5520  -11.2930  -11.1070  -10.5420   -9.6380   -9.1170   -9.0690   -8.1830   -8.1380   -8.0720   -8.0350   -7.9910   -7.9000   -7.7760   -7.6610   -7.5340   -7.3530   -7.2220   -7.1100   -7.0110
       3.25e-06       6.28e-06       9.08e-06       1.14e-05       1.27e-05       1.36e-05       1.71e-05       2.07e-05       2.29e-05       2.35e-05       2.41e-05       2.50e-05       2.59e-05       2.67e-05       2.77e-05       2.88e-05       3.04e-05       3.24e-05       3.47e-05       3.64e-05       3.74e-05       3.80e-05       3.91e-05
  8.7
  -11.5950  -11.5260  -11.4170  -11.2010  -10.7290  -10.1830   -9.5400   -9.1360   -8.9350   -8.8910   -8.8650   -8.0110   -7.9370   -7.9010   -7.8580   -7.7510   -7.6030   -7.4890   -7.3670   -7.1880   -7.0580   -6.9650   -6.8370
       2.53e-06       4.88e-06       6.84e-06       7.95e-06       8.67e-06       1.14e-05       1.43e-05       1.73e-05       1.93e-05       2.02e-05       2.11e-05       2.23e-05       2.36e-05       2.47e-05       2.61e-05       2.77e-05       2.99e-05       3.27e-05       3.59e-05       3.84e-05       3.97e-05       4.06e-05       4.21e-05
 8.75
  -11.4120  -11.2820  -11.1160   -9.7930   -9.1970   -8.9220   -8.7860   -8.7170   -8.6960   -8.6810   -8.6720   -8.5050   -7.8030   -7.7680   -7.7260   -7.6020   -7.4290   -7.3170   -7.1990   -7.0490   -6.9990   -6.8760   -6.6920
       1.75e-06       3.20e-06       4.03e-06       5.91e-06       7.93e-06       1.01e-05       1.23e-05       1.41e-05       1.53e-05       1.65e-05       1.81e-05       1.86e-05       2.03e-05       2.18e-05       2.37e-05       2.59e-05       2.88e-05       3.26e-05       3.65e-05       3.88e-05       4.04e-05       4.26e-05       4.50e-05
  8.8
  -11.2100  -11.1200   -9.1710   -8.6890   -8.5850   -8.5630   -8.5580   -7.6840   -7.6390   -7.5800   -7.4530   -7.3030   -7.2120   -7.1370   -6.9780   -6.8730   -6.7560   -6.6090   -6.3980
       2.90e-06       4.39e-06       8.51e-06       1.26e-05       1.58e-05       1.78e-05       1.94e-05       2.10e-05       2.29e-05       2.50e-05       2.71e-05       2.94e-05       3.17e-05       3.52e-05       3.87e-05       4.10e-05       4.33e-05       4.57e-05       4.83e-05
 8.85
  -11.2260  -11.1020   -8.9240   -8.5480   -8.4680   -8.4540   -7.5990   -7.5530   -7.5020   -7.4320   -7.2930   -7.1410   -7.0480   -6.9630   -6.7720   -6.6470   -6.5070   -6.3410   -6.1390
       1.62e-06       4.78e-06       9.26e-06       1.37e-05       1.72e-05       1.94e-05       2.12e-05       2.29e-05       2.50e-05       2.72e-05       2.96e-05       3.21e-05       3.46e-05       3.84e-05       4.22e-05       4.48e-05       4.73e-05       4.99e-05       5.28e-05
  8.9
  -11.0940   -8.4670   -8.3680   -7.4830   -7.3810   -7.2120   -6.9790   -6.8330   -6.6760   -6.4940   -6.2700   -6.0200
       5.85e-06       1.19e-05       1.70e-05       2.10e-05       2.51e-05       2.91e-05       3.32e-05       3.72e-05       4.13e-05       4.53e-05       4.93e-05       5.39e-05
 8.95
  -10.4050   -8.3730   -8.2850   -7.3680   -7.2260   -7.0200   -6.8030   -6.6440   -6.4720   -6.2760   -6.0530   -5.8270
       6.19e-06       1.26e-05       1.80e-05       2.23e-05       2.66e-05       3.09e-05       3.52e-05       3.95e-05       4.38e-05       4.81e-05       5.23e-05       5.72e-05
  9.0
   -9.2930   -8.2860   -8.2010   -7.2530   -7.0710   -6.8290   -6.6250   -6.4550   -6.2650   -6.0580   -5.8420   -5.6110
       6.53e-06       1.33e-05       1.90e-05       2.35e-05       2.81e-05       3.26e-05       3.72e-05       4.18e-05       4.63e-05       5.09e-05       5.53e-05       6.06e-05
 9.05
  -10.9820   -8.6260   -8.2060   -8.1340   -7.1300   -6.8700   -6.5650   -6.3400   -6.0990   -5.8470   -5.5990   -5.3460
       3.90e-06       9.68e-06       1.56e-05       2.13e-05       2.69e-05       3.25e-05       3.82e-05       4.38e-05       4.94e-05       5.50e-05       6.03e-05       6.65e-05
  9.1
  -10.7170  -10.4830   -8.2470   -8.0570   -7.9450   -7.8310   -7.6830   -7.5200   -7.3490   -6.2660   -6.0140
       3.35e-06       9.78e-06       1.71e-05       2.39e-05       3.01e-05       3.64e-05       4.27e-05       4.91e-05       5.54e-05       6.15e-05       7.08e-05
 9.15
   -9.1020   -8.1720   -7.9430   -7.8360   -7.7060   -7.5520   -7.3940   -7.1970   -6.3890   -6.1460   -5.9120
       1.50e-05       3.10e-05       4.51e-05       5.73e-05       6.96e-05       8.18e-05       9.40e-05       1.02e-04       1.13e-04       1.25e-04       1.42e-04
  9.2
  -11.0970  -10.9670   -8.2450   -7.9290   -7.8030   -7.6460   -7.4740   -6.4670
       4.24e-06       1.28e-05       2.37e-05       3.27e-05       3.96e-05       4.65e-05       5.32e-05       5.94e-05
 9.25
  -11.0910  -10.9250   -8.1930   -7.8900   -7.7530   -7.5860   -7.4180   -6.7130
       3.21e-06       9.10e-06       1.60e-05       2.17e-05       2.61e-05       3.04e-05       3.44e-05       3.90e-05
  9.3
  -11.0330  -11.0100   -8.3470   -7.8450   -7.7140   -7.5570   -7.4020   -6.7440
       3.75e-06       4.99e-06       1.24e-05       1.80e-05       2.13e-05       2.46e-05       2.77e-05       3.13e-05
 9.35
  -11.0130   -8.2570   -7.7970   -7.6630   -7.5040   -7.3500   -6.6870
       4.33e-06       1.09e-05       1.56e-05       1.85e-05       2.13e-05       2.40e-05       2.71e-05
  9.4
  -10.9930   -8.1570   -7.7340   -7.6030   -7.4540   -7.3160   -6.3400
       4.37e-06       1.10e-05       1.56e-05       1.83e-05       2.08e-05       2.32e-05       2.61e-05
 9.45
  -10.9400   -8.0600   -7.6950   -7.5370   -7.3740   -6.7220
       4.22e-06       1.01e-05       1.46e-05       1.73e-05       2.00e-05       2.31e-05
  9.5
  -10.9140   -8.0260   -7.6820   -7.5290   -7.3720   -6.7960
       3.94e-06       9.47e-06       1.36e-05       1.62e-05       1.86e-05       2.15e-05
 9.55
   -9.6250   -7.9630   -7.6370   -7.4780   -7.3170   -6.7410
       3.48e-06       8.80e-06       1.27e-05       1.50e-05       1.72e-05       1.99e-05
 9.65
   -8.1530   -8.0760   -7.7520   -7.4760   -7.2660   -6.6340
       3.04e-06       4.78e-06       8.41e-06       1.15e-05       1.39e-05       1.68e-05
  9.7
   -8.0210   -7.8810   -7.6320   -7.3390   -7.1630   -6.5500
       1.67e-06       4.58e-06       8.06e-06       1.08e-05       1.28e-05       1.52e-05
 9.75
   -8.0440   -8.0120   -7.9690   -7.9300   -7.8980   -7.8880   -7.8840   -7.7230   -7.4670   -7.2290   -7.0130
       3.09e-07       8.97e-07       1.08e-06       1.26e-06       1.42e-06       2.89e-06       2.99e-06       5.54e-06       8.25e-06       1.06e-05       1.32e-05
  9.8
   -8.0850   -8.0630   -8.0480   -8.0450   -8.0400   -7.9590   -7.7740   -7.4890   -7.2250   -6.8460   -6.5640
       3.33e-07       5.38e-07       7.36e-07       1.38e-06       1.56e-06       3.16e-06       5.94e-06       8.89e-06       1.14e-05       1.15e-05       1.41e-05
  9.9
   -7.9340   -7.9130   -7.8950   -7.7660   -7.3640   -7.0750   -6.7270
       5.40e-07       1.06e-06       2.00e-06       4.41e-06       7.28e-06       9.65e-06       1.29e-05
 9.95
   -7.8320   -7.7960   -7.7850   -7.6490   -7.2180   -6.9100   -6.5450
       5.33e-07       1.03e-06       1.96e-06       4.32e-06       7.14e-06       9.47e-06       1.20e-05
 10.0
   -7.7110   -7.6690   -7.6550   -7.5790   -7.1210   -6.5940   -6.3830
       5.95e-07       1.15e-06       1.80e-06       3.86e-06       7.29e-06       9.67e-06       1.06e-05
10.05
   -7.5830   -7.5270   -7.5180   -7.3570   -7.0870   -6.5980   -6.4050
       6.10e-07       1.17e-06       3.10e-06       3.62e-06       6.84e-06       9.06e-06       1.00e-05
10.15
   -7.3230   -7.3070   -7.1030   -6.6260   -6.6040   -6.4410
       7.98e-07       2.17e-06       4.83e-06       7.19e-06       7.93e-06       9.08e-06
