 8.05
   -7.2000   -7.1990   -7.1980   -7.1970   -7.1950   -7.1920   -7.1870   -7.1860   -7.1790   -7.1720   -7.1710   -7.1620   -7.1530   -7.1420   -7.1310   -7.1210   -7.1100   -7.0990   -7.0870   -7.0760   -7.0640   -7.0520   -7.0400   -7.0290   -7.0170   -7.0050   -6.9930   -6.9820   -6.9720   -6.9610   -6.9490   -6.9380   -6.9270   -6.9170   -6.9060   -6.8960   -6.8850   -6.8750   -6.8650   -6.8560   -6.8460   -6.8380   -6.8300   -6.8220   -6.8140   -6.8050   -6.7980   -6.7910   -6.7840   -6.7750   -6.7660   -6.7550   -6.7400   -6.7180   -6.6690   -6.6660   -6.5930   -6.5850   -6.5770   -6.5650   -6.5640   -6.5540   -6.5360   -6.4980   -6.4670   -6.4210   -6.4070   -6.3520   -6.2880   -6.1970   -6.1720   -6.1010   -5.9510   -5.7660   -5.7560   -5.6090   -5.0080
       2.06e-07       4.15e-07       6.19e-07       8.28e-07       1.03e-06       1.24e-06       1.44e-06       1.65e-06       1.86e-06       2.17e-06       2.38e-06       2.59e-06       2.80e-06       3.02e-06       3.23e-06       3.44e-06       3.66e-06       3.87e-06       4.09e-06       4.31e-06       4.52e-06       4.74e-06       4.96e-06       5.18e-06       5.40e-06       5.62e-06       5.84e-06       6.06e-06       6.29e-06       6.51e-06       6.73e-06       6.96e-06       7.18e-06       7.41e-06       7.63e-06       7.86e-06       8.09e-06       8.32e-06       8.54e-06       8.77e-06       9.00e-06       9.23e-06       9.46e-06       9.69e-06       9.92e-06       1.02e-05       1.04e-05       1.06e-05       1.09e-05       1.11e-05       1.14e-05       1.16e-05       1.18e-05       1.21e-05       1.28e-05       1.30e-05       1.34e-05       1.38e-05       1.43e-05       1.47e-05       1.50e-05       1.52e-05       1.54e-05       1.55e-05       1.59e-05       1.61e-05       1.68e-05       1.70e-05       1.73e-05       1.75e-05       1.81e-05       1.83e-05       1.87e-05       1.90e-05       1.93e-05       1.96e-05       1.97e-05
  8.1
   -7.2350   -7.2340   -7.2340   -7.2310   -7.2290   -7.2260   -7.2210   -7.2130   -7.2050   -7.1950   -7.1850   -7.1750   -7.1640   -7.1520   -7.1400   -7.1290   -7.1170   -7.1050   -7.0930   -7.0810   -7.0690   -7.0570   -7.0440   -7.0330   -7.0210   -7.0090   -6.9970   -6.9860   -6.9750   -6.9640   -6.9520   -6.9420   -6.9310   -6.9200   -6.9090   -6.8980   -6.8880   -6.8780   -6.8680   -6.8580   -6.8490   -6.8390   -6.8300   -6.8210   -6.8120   -6.7900   -6.7820   -6.7740   -6.7660   -6.7580   -6.7510   -6.7430   -6.7360   -6.7340   -6.7220   -6.6970   -6.6540   -6.6480   -6.6420   -6.6250   -6.5840   -6.5800   -6.5680   -6.5660   -6.5430   -6.5350   -6.5160   -6.5070   -6.4770   -6.4410   -6.3190   -6.2290   -6.0670   -5.9870   -5.7490   -5.5490   -5.3850
       2.54e-07       7.63e-07       7.63e-07       1.02e-06       1.40e-06       1.65e-06       1.91e-06       2.17e-06       2.43e-06       2.69e-06       2.95e-06       3.21e-06       3.48e-06       3.74e-06       4.00e-06       4.27e-06       4.54e-06       4.80e-06       5.07e-06       5.34e-06       5.61e-06       5.88e-06       6.15e-06       6.42e-06       6.70e-06       6.97e-06       7.24e-06       7.52e-06       7.80e-06       8.07e-06       8.35e-06       8.63e-06       8.91e-06       9.19e-06       9.47e-06       9.75e-06       1.00e-05       1.03e-05       1.06e-05       1.09e-05       1.12e-05       1.14e-05       1.17e-05       1.20e-05       1.23e-05       1.26e-05       1.29e-05       1.32e-05       1.35e-05       1.38e-05       1.41e-05       1.44e-05       1.55e-05       1.58e-05       1.61e-05       1.64e-05       1.69e-05       1.72e-05       1.77e-05       1.83e-05       1.88e-05       1.91e-05       1.94e-05       1.96e-05       1.99e-05       2.01e-05       2.07e-05       2.10e-05       2.21e-05       2.24e-05       2.27e-05       2.35e-05       2.38e-05       2.45e-05       2.50e-05       2.55e-05       2.56e-05
 8.15
   -7.2590   -7.2540   -7.2530   -7.2430   -7.2280   -7.2120   -7.1930   -7.1720   -7.1500   -7.1280   -7.1070   -7.0850   -7.0630   -7.0430   -7.0220   -7.0020   -6.9820   -6.9620   -6.9440   -6.9250   -6.9070   -6.8890   -6.8810   -6.8720   -6.8630   -6.8540   -6.8450   -6.8370   -6.8360   -6.8280   -6.8140   -6.7930   -6.7840   -6.7780   -6.7710   -6.7640   -6.7580   -6.7530   -6.7480   -6.7450   -6.7400   -6.7360   -6.7300   -6.7230   -6.7160   -6.7040   -6.6820   -6.6770   -6.6580   -6.6270   -6.6200   -6.5920   -6.5810   -6.5560   -6.5460   -6.4700   -6.2140   -6.1610   -5.8600   -5.7660   -5.5700
       5.83e-07       1.16e-06       1.75e-06       2.34e-06       2.93e-06       3.52e-06       4.12e-06       4.72e-06       5.32e-06       5.92e-06       6.53e-06       7.13e-06       7.74e-06       8.36e-06       8.97e-06       9.59e-06       1.02e-05       1.08e-05       1.14e-05       1.21e-05       1.27e-05       1.32e-05       1.35e-05       1.38e-05       1.41e-05       1.44e-05       1.48e-05       1.51e-05       1.67e-05       1.70e-05       1.73e-05       1.77e-05       1.80e-05       1.83e-05       1.86e-05       1.89e-05       1.93e-05       1.96e-05       1.99e-05       2.02e-05       2.06e-05       2.09e-05       2.12e-05       2.16e-05       2.19e-05       2.22e-05       2.26e-05       2.31e-05       2.37e-05       2.43e-05       2.46e-05       2.52e-05       2.56e-05       2.63e-05       2.83e-05       2.87e-05       2.90e-05       3.05e-05       3.14e-05       3.22e-05       3.30e-05
  8.2
   -7.2050   -7.2010   -7.1990   -7.1920   -7.1810   -7.1680   -7.1550   -7.1400   -7.1230   -7.1070   -7.0920   -7.0770   -7.0610   -7.0460   -7.0310   -7.0160   -7.0020   -6.9880   -6.9740   -6.9590   -6.9440   -6.9300   -6.9230   -6.9160   -6.9090   -6.9020   -6.8940   -6.8880   -6.8810   -6.8710   -6.8570   -6.8510   -6.8450   -6.8390   -6.8340   -6.8280   -6.8220   -6.8210   -6.8180   -6.8150   -6.8120   -6.8090   -6.8060   -6.8030   -6.7990   -6.7940   -6.7830   -6.7520   -6.6240   -6.6100   -6.6090   -6.5940   -6.5890   -6.5650   -6.5510   -6.5330   -6.4250   -6.2730   -6.0610   -6.0030   -5.7240
       8.06e-07       1.61e-06       2.42e-06       3.24e-06       4.06e-06       4.88e-06       5.70e-06       6.53e-06       7.37e-06       8.20e-06       9.04e-06       9.88e-06       1.07e-05       1.16e-05       1.24e-05       1.33e-05       1.41e-05       1.50e-05       1.59e-05       1.67e-05       1.76e-05       1.82e-05       1.87e-05       1.91e-05       1.95e-05       2.00e-05       2.04e-05       2.09e-05       2.13e-05       2.18e-05       2.22e-05       2.26e-05       2.31e-05       2.35e-05       2.40e-05       2.44e-05       2.49e-05       2.70e-05       2.75e-05       2.79e-05       2.84e-05       2.88e-05       2.93e-05       2.98e-05       3.02e-05       3.07e-05       3.11e-05       3.16e-05       3.24e-05       3.29e-05       3.37e-05       3.64e-05       3.72e-05       3.80e-05       3.86e-05       3.95e-05       3.99e-05       4.19e-05       4.28e-05       4.40e-05       4.50e-05
 8.25
   -7.3900   -7.3420   -7.1480   -7.1240   -7.0890   -7.0550   -7.0430   -7.0400   -7.0310   -7.0210   -7.0120   -7.0030   -6.9930   -6.9830   -6.9720   -6.9660   -6.9610   -6.9570   -6.9500   -6.9450   -6.9400   -6.9340   -6.9290   -6.9230   -6.9180   -6.9130   -6.9080   -6.9040   -6.8980   -6.8970   -6.8920   -6.8880   -6.8850   -6.8830   -6.8820   -6.8820   -6.8810   -6.8810   -6.8790   -6.8670   -6.8360   -6.7520   -6.7500   -6.6450   -6.5920   -6.5620   -6.3380   -6.3280   -6.0710
       6.19e-07       1.24e-06       4.89e-06       8.59e-06       1.23e-05       1.49e-05       1.59e-05       1.67e-05       1.78e-05       1.89e-05       2.00e-05       2.12e-05       2.23e-05       2.34e-05       2.43e-05       2.49e-05       2.54e-05       2.60e-05       2.66e-05       2.72e-05       2.77e-05       2.83e-05       2.89e-05       2.95e-05       3.01e-05       3.07e-05       3.12e-05       3.18e-05       3.24e-05       3.45e-05       3.51e-05       3.57e-05       3.62e-05       3.69e-05       3.81e-05       3.81e-05       3.93e-05       3.93e-05       3.99e-05       4.05e-05       4.16e-05       4.39e-05       4.46e-05       4.52e-05       4.80e-05       5.16e-05       5.26e-05       5.48e-05       5.62e-05
  8.3
   -7.1190   -7.1130   -7.0980   -7.0930   -7.0760   -7.0480   -7.0190   -6.9840   -6.9640   -6.8670   -6.8530   -6.8390   -6.8310   -6.7730   -6.7650   -6.6180   -6.5140   -6.3830   -6.1400
       2.77e-06       5.56e-06       8.37e-06       1.11e-05       1.39e-05       1.68e-05       1.96e-05       2.15e-05       2.29e-05       2.45e-05       2.50e-05       2.61e-05       2.85e-05       3.16e-05       3.37e-05       3.62e-05       3.89e-05       4.09e-05       4.22e-05
 8.35
   -7.1410   -7.1380   -7.1290   -7.1140   -7.1040   -7.0820   -7.0490   -7.0190   -6.8470   -6.8410   -6.8390   -6.8380   -6.7800   -6.7770   -6.6610   -6.6440   -6.4630   -6.4380   -6.2060
       1.72e-06       3.44e-06       5.17e-06       6.88e-06       8.63e-06       1.04e-05       1.15e-05       1.24e-05       1.41e-05       1.49e-05       1.54e-05       1.64e-05       1.82e-05       1.97e-05       2.17e-05       2.39e-05       2.56e-05       2.73e-05       2.84e-05
  8.4
   -7.6680   -7.5890   -7.1820   -7.1810   -7.1500   -7.0760   -6.9930   -6.8650   -6.8240   -6.8240   -6.8190   -6.8160   -6.8060   -6.7910   -6.7660   -6.7410   -6.7190   -6.7170   -6.6920   -6.6130   -6.4760   -6.3870   -6.2550   -5.8960   -5.4850   -5.0260
       2.38e-06       3.73e-06       5.95e-06       8.63e-06       1.06e-05       1.26e-05       1.34e-05       1.38e-05       1.65e-05       1.65e-05       1.75e-05       1.78e-05       1.94e-05       1.97e-05       2.00e-05       2.03e-05       2.18e-05       2.21e-05       2.24e-05       2.39e-05       2.54e-05       2.57e-05       2.73e-05       2.76e-05       2.79e-05       2.84e-05
 8.45
   -7.7080   -7.6580   -7.5790   -7.5190   -7.5160   -7.5130   -7.5000   -7.4970   -7.4790   -7.4590   -7.4350   -7.4050   -7.1870   -7.1200   -6.9460   -6.8740   -6.8370   -6.7740   -6.7610   -6.6670   -6.5640   -6.5340   -6.3800   -6.1540   -6.1510   -5.4220
       5.19e-06       1.14e-05       1.70e-05       2.01e-05       2.12e-05       2.19e-05       2.36e-05       2.43e-05       2.50e-05       2.57e-05       2.65e-05       2.72e-05       3.17e-05       3.65e-05       4.06e-05       4.27e-05       4.45e-05       4.67e-05       4.75e-05       4.97e-05       5.05e-05       5.27e-05       5.48e-05       5.72e-05       5.79e-05       5.88e-05
  8.5
   -7.6350   -7.6110   -7.5830   -7.5480   -7.4950   -7.4550   -7.4360   -7.4330   -7.4250   -7.4110   -7.3950   -7.3760   -7.3490   -7.3130   -7.2880   -7.2330   -7.0110   -6.8960   -6.8360   -6.7440   -6.6140   -6.6110   -6.4580   -6.2850   -6.0540   -5.7660
       7.94e-06       1.53e-05       2.39e-05       3.41e-05       4.32e-05       4.84e-05       5.13e-05       5.30e-05       5.41e-05       5.53e-05       5.64e-05       5.76e-05       5.88e-05       6.00e-05       6.12e-05       6.24e-05       6.92e-05       7.26e-05       7.52e-05       7.83e-05       8.13e-05       8.25e-05       8.54e-05       8.84e-05       9.16e-05       9.29e-05
 8.55
   -7.5220   -7.4860   -7.4550   -7.4300   -7.4050   -7.3580   -7.2160   -7.1080   -6.8280   -6.8000   -6.7750   -6.7490   -6.7020   -6.6620   -6.6170   -6.5570   -6.4750   -6.3550   -6.2060   -6.0150   -5.8780   -5.7910   -5.7040
       1.54e-05       3.00e-05       4.37e-05       5.65e-05       6.83e-05       7.82e-05       8.38e-05       8.73e-05       9.56e-05       9.64e-05       9.73e-05       9.85e-05       9.97e-05       1.01e-04       1.02e-04       1.04e-04       1.06e-04       1.09e-04       1.12e-04       1.14e-04       1.15e-04       1.16e-04       1.17e-04
  8.6
   -7.4280   -7.4120   -7.3870   -7.3640   -7.3420   -7.2980   -7.1970   -7.1680   -6.7790   -6.7520   -6.7260   -6.6970   -6.6510   -6.6110   -6.5670   -6.4910   -6.3840   -6.2630   -6.1230   -5.9340   -5.7980   -5.7080   -5.6130
       1.36e-05       2.65e-05       3.86e-05       4.98e-05       6.03e-05       6.90e-05       7.21e-05       7.71e-05       8.47e-05       8.61e-05       8.75e-05       8.94e-05       9.14e-05       9.31e-05       9.53e-05       9.79e-05       1.01e-04       1.06e-04       1.11e-04       1.15e-04       1.17e-04       1.18e-04       1.20e-04
 8.65
   -7.3690   -7.3190   -7.3000   -7.2990   -7.2800   -7.2410   -7.2380   -7.2360   -7.1200   -6.7550   -6.6750   -6.6470   -6.5990   -6.5620   -6.5180   -6.4260   -6.2930   -6.1740   -6.0390   -5.8530   -5.7180   -5.6240   -5.5220
       1.09e-05       2.12e-05       3.08e-05       4.22e-05       5.11e-05       5.80e-05       6.53e-05       6.73e-05       7.15e-05       7.42e-05       7.62e-05       7.89e-05       8.18e-05       8.43e-05       8.74e-05       9.11e-05       9.59e-05       1.02e-04       1.09e-04       1.15e-04       1.18e-04       1.20e-04       1.23e-04
  8.7
   -7.2780   -7.2360   -7.2240   -7.2170   -7.1840   -7.1770   -7.1620   -7.1560   -7.1490   -7.1090   -6.6000   -6.5480   -6.5120   -6.4690   -6.4440   -6.3610   -6.2020   -6.0840   -5.9560   -5.7710   -5.6370   -5.5410   -5.4310
       8.17e-06       1.58e-05       2.44e-05       3.15e-05       4.06e-05       4.65e-05       5.25e-05       5.51e-05       5.78e-05       6.11e-05       6.47e-05       6.86e-05       7.19e-05       7.60e-05       7.82e-05       8.31e-05       8.96e-05       9.82e-05       1.08e-04       1.15e-04       1.19e-04       1.22e-04       1.26e-04
 8.75
   -7.1840   -7.1560   -7.1310   -7.1170   -7.1050   -7.1020   -7.0900   -7.0770   -7.0750   -7.0720   -7.0690   -6.4970   -6.4620   -6.4190   -6.2950   -6.1100   -6.0940   -5.9940   -5.8720   -5.7180   -5.6660   -5.5390   -5.3470
       5.38e-06       1.04e-05       1.61e-05       2.03e-05       2.65e-05       2.88e-05       3.53e-05       4.02e-05       4.36e-05       4.70e-05       5.16e-05       5.65e-05       6.08e-05       6.61e-05       7.24e-05       8.07e-05       8.22e-05       9.32e-05       1.04e-04       1.11e-04       1.16e-04       1.22e-04       1.29e-04
  8.8
   -7.1290   -7.1180   -7.0810   -7.0780   -7.0560   -7.0440   -7.0360   -6.4610   -6.4160   -6.3570   -6.2280   -6.0690   -5.9730   -5.8950   -5.7310   -5.6220   -5.5020   -5.3490   -5.1540
       1.12e-05       1.92e-05       3.03e-05       3.44e-05       4.31e-05       4.86e-05       5.30e-05       5.74e-05       6.25e-05       6.81e-05       7.40e-05       8.01e-05       8.64e-05       9.59e-05       1.05e-04       1.12e-04       1.18e-04       1.25e-04       1.32e-04
 8.85
   -7.1290   -7.1110   -7.1110   -7.0650   -7.0370   -7.0170   -6.4550   -6.4130   -6.3620   -6.2920   -6.1490   -5.9880   -5.8900   -5.8010   -5.6040   -5.4760   -5.3310   -5.1600   -4.9660
       4.22e-06       2.42e-05       2.42e-05       3.58e-05       4.49e-05       5.07e-05       5.52e-05       5.98e-05       6.52e-05       7.10e-05       7.72e-05       8.36e-05       9.02e-05       1.00e-04       1.10e-04       1.17e-04       1.23e-04       1.30e-04       1.38e-04
  8.9
   -7.1280   -7.0640   -7.0190   -6.4260   -6.3240   -6.1540   -5.9070   -5.7540   -5.5920   -5.4040   -5.1730   -4.9060
       1.46e-05       2.99e-05       4.25e-05       5.25e-05       6.26e-05       7.28e-05       8.29e-05       9.30e-05       1.03e-04       1.13e-04       1.23e-04       1.35e-04
 8.95
   -7.1870   -7.0740   -7.0170   -6.3950   -6.2520   -6.0410   -5.8100   -5.6460   -5.4690   -5.2670   -5.0360   -4.7910
       1.48e-05       3.03e-05       4.32e-05       5.34e-05       6.37e-05       7.41e-05       8.44e-05       9.47e-05       1.05e-04       1.15e-04       1.26e-04       1.37e-04
  9.0
   -7.1960   -7.0840   -7.0160   -6.3640   -6.1810   -5.9280   -5.7130   -5.5380   -5.3420   -5.1290   -4.9020   -4.6780
       1.51e-05       3.07e-05       4.38e-05       5.43e-05       6.48e-05       7.53e-05       8.58e-05       9.64e-05       1.07e-04       1.17e-04       1.28e-04       1.40e-04
 9.05
   -7.2510   -7.1780   -7.1000   -7.0310   -6.3230   -6.0590   -5.7370   -5.5030   -5.2550   -4.9950   -4.7290   -4.4910
       8.67e-06       2.15e-05       3.47e-05       4.74e-05       5.98e-05       7.23e-05       8.48e-05       9.73e-05       1.10e-04       1.22e-04       1.34e-04       1.48e-04
  9.1
   -6.8490   -6.7900   -6.4110   -6.1450   -5.9020   -5.5740   -5.2750   -5.0160   -4.7490   -4.4840   -4.2320
       1.38e-05       2.95e-05       3.67e-05       5.12e-05       6.45e-05       7.80e-05       9.16e-05       1.05e-04       1.19e-04       1.32e-04       1.52e-04
 9.15
   -6.8600   -6.7250   -6.5970   -6.4900   -5.6580   -5.5900   -5.3320   -5.0880   -4.8490   -4.6170   -4.4020
       3.11e-05       6.41e-05       9.34e-05       1.19e-04       1.34e-04       1.60e-04       1.85e-04       2.10e-04       2.35e-04       2.58e-04       2.94e-04
  9.2
   -7.0130   -6.9420   -6.7560   -6.5820   -6.4560   -5.7600   -5.4400   -5.1490
       8.49e-06       2.57e-05       4.74e-05       6.53e-05       7.92e-05       9.30e-05       1.06e-04       1.19e-04
 9.25
   -7.1220   -6.9300   -6.8480   -6.5430   -6.4070   -6.2460   -6.0730   -5.4800
       6.21e-06       1.76e-05       3.11e-05       4.21e-05       5.06e-05       5.89e-05       6.66e-05       7.54e-05
  9.3
   -7.1580   -7.1280   -6.9330   -6.5540   -6.3680   -6.2170   -6.0580   -5.6850
       7.04e-06       9.35e-06       2.33e-05       3.37e-05       4.00e-05       4.62e-05       5.19e-05       5.87e-05
 9.35
   -7.2150   -6.9730   -6.5960   -6.3830   -6.1640   -6.0050   -5.8100
       7.87e-06       1.98e-05       2.84e-05       3.37e-05       3.88e-05       4.36e-05       4.92e-05
  9.4
   -7.2540   -7.0040   -6.5630   -6.4150   -6.2510   -6.0380   -5.9280
       7.71e-06       1.93e-05       2.76e-05       3.22e-05       3.68e-05       4.10e-05       4.60e-05
 9.45
   -7.2080   -6.9490   -6.5190   -6.3460   -6.1410   -6.0000
       7.23e-06       1.74e-05       2.50e-05       2.97e-05       3.42e-05       3.96e-05
  9.5
   -7.1860   -6.9240   -6.5050   -6.3380   -6.1590   -6.0350
       6.56e-06       1.58e-05       2.26e-05       2.69e-05       3.10e-05       3.58e-05
 9.55
   -7.0960   -6.8860   -6.4590   -6.2880   -6.1040   -5.9760
       5.64e-06       1.43e-05       2.06e-05       2.44e-05       2.80e-05       3.23e-05
 9.65
   -6.9240   -6.8730   -6.6150   -6.2920   -6.0690   -5.8720
       4.67e-06       7.35e-06       1.29e-05       1.77e-05       2.14e-05       2.59e-05
  9.7
   -6.8410   -6.7830   -6.4730   -6.1500   -5.9540   -5.8010
       2.50e-06       6.87e-06       1.21e-05       1.63e-05       1.92e-05       2.28e-05
 9.75
   -6.8300   -6.8240   -6.7780   -6.7700   -6.7380   -6.7080   -6.6550   -6.5750   -6.2850   -6.0360   -5.7520
       8.61e-07       1.31e-06       1.59e-06       3.73e-06       3.98e-06       4.22e-06       4.37e-06       8.11e-06       1.21e-05       1.56e-05       1.93e-05
  9.8
   -6.8840   -6.8770   -6.8610   -6.8490   -6.8110   -6.7350   -6.6920   -6.6000   -6.3010   -6.0270   -5.8050
       4.75e-07       1.39e-06       1.68e-06       1.97e-06       4.25e-06       4.51e-06       4.66e-06       8.64e-06       1.28e-05       1.64e-05       2.01e-05
  9.9
   -6.9710   -6.9490   -6.9080   -6.7880   -6.4480   -6.2140   -5.9300
       7.13e-07       1.45e-06       2.73e-06       6.02e-06       9.93e-06       1.32e-05       1.76e-05
 9.95
   -6.8580   -6.8450   -6.8020   -6.6660   -6.3020   -6.0520   -5.7540
       6.62e-07       1.37e-06       2.61e-06       5.76e-06       9.52e-06       1.26e-05       1.61e-05
 10.0
   -6.7460   -6.7250   -6.6720   -6.5940   -6.1970   -5.7690   -5.5990
       7.23e-07       1.50e-06       2.35e-06       5.03e-06       9.51e-06       1.26e-05       1.39e-05
10.05
   -6.6550   -6.6360   -6.6150   -6.5490   -6.1800   -5.7790   -5.6220
       7.12e-07       1.38e-06       2.15e-06       4.62e-06       8.73e-06       1.16e-05       1.28e-05
10.15
   -6.4980   -6.4260   -6.3090   -6.2190   -5.8160   -5.6640
       9.77e-07       2.65e-06       3.57e-06       6.83e-06       9.72e-06       1.11e-05
