  5.5
    7.0730    7.6830    8.3300    8.4820    8.8910    9.1780    9.6850   10.2580
       1.33e-01       3.11e-01       4.81e-01       6.05e-01       7.18e-01       8.05e-01       9.05e-01       9.61e-01
 5.55
    7.0730    7.6830    8.3300    8.4820    8.8910    9.1780    9.6850   10.2580
       1.33e-01       3.11e-01       4.81e-01       6.05e-01       7.18e-01       8.05e-01       9.05e-01       9.61e-01
  5.6
    7.0730    7.6830    8.3300    8.4820    8.8910    9.1780    9.6850   10.2580
       1.33e-01       3.11e-01       4.81e-01       6.05e-01       7.18e-01       8.05e-01       9.05e-01       9.61e-01
 5.65
    7.0730    7.6830    8.3300    8.4820    8.8910    9.1780    9.6850   10.2580
       1.33e-01       3.11e-01       4.81e-01       6.05e-01       7.18e-01       8.05e-01       9.05e-01       9.61e-01
  5.7
    7.0730    7.6830    8.3300    8.4820    8.8910    9.1780    9.6850   10.2580
       1.33e-01       3.11e-01       4.81e-01       6.05e-01       7.18e-01       8.05e-01       9.05e-01       9.61e-01
 5.75
    7.0730    7.6830    8.3300    8.4820    8.8910    9.1780    9.6850   10.2580
       1.33e-01       3.11e-01       4.81e-01       6.05e-01       7.18e-01       8.05e-01       9.05e-01       9.61e-01
  5.8
    7.0730    7.6830    8.3300    8.4820    8.8910    9.1780    9.6850   10.2580
       1.33e-01       3.11e-01       4.81e-01       6.05e-01       7.18e-01       8.05e-01       9.05e-01       9.61e-01
 5.85
    7.0730    7.6830    8.3300    8.4820    8.8910    9.1780    9.6850   10.2580
       1.33e-01       3.11e-01       4.81e-01       6.05e-01       7.18e-01       8.05e-01       9.05e-01       9.61e-01
  5.9
    7.0730    7.6830    8.3300    8.4820    8.8910    9.1780    9.6850   10.2580
       1.33e-01       3.11e-01       4.81e-01       6.05e-01       7.18e-01       8.05e-01       9.05e-01       9.61e-01
 5.95
    7.0730    7.6830    8.3300    8.4820    8.8910    9.1780    9.6850   10.2580
       1.33e-01       3.11e-01       4.81e-01       6.05e-01       7.18e-01       8.05e-01       9.05e-01       9.61e-01
  6.0
    7.0730    7.6830    8.3300    8.4820    8.8910    9.1780    9.6850   10.2580
       1.33e-01       3.11e-01       4.81e-01       6.05e-01       7.18e-01       8.05e-01       9.05e-01       9.61e-01
 6.05
    7.0730    7.6830    8.3300    8.4820    8.8910    9.1780    9.6850   10.2580
       1.33e-01       3.11e-01       4.81e-01       6.05e-01       7.18e-01       8.05e-01       9.05e-01       9.61e-01
  6.1
    7.0730    7.6830    8.3300    8.4820    8.8910    9.1780    9.6850   10.2580
       1.33e-01       3.11e-01       4.81e-01       6.05e-01       7.18e-01       8.05e-01       9.05e-01       9.61e-01
 6.15
    7.0730    7.6830    8.3300    8.4820    8.8910    9.1780    9.6850   10.2580
       1.33e-01       3.11e-01       4.81e-01       6.05e-01       7.18e-01       8.05e-01       9.05e-01       9.61e-01
  6.2
    7.0730    7.6830    8.3300    8.4820    8.8910    9.1780    9.6850   10.2580
       1.33e-01       3.11e-01       4.81e-01       6.05e-01       7.18e-01       8.05e-01       9.05e-01       9.61e-01
 6.25
    7.0730    7.6830    8.3300    8.4820    8.8910    9.1780    9.6850   10.2580
       1.33e-01       3.11e-01       4.81e-01       6.05e-01       7.18e-01       8.05e-01       9.05e-01       9.61e-01
  6.3
    7.0730    7.6830    8.3300    8.4820    8.8910    9.1780    9.6850   10.2580
       1.33e-01       3.11e-01       4.81e-01       6.05e-01       7.18e-01       8.05e-01       9.05e-01       9.61e-01
 6.35
    7.0730    7.6830    8.3300    8.4820    8.8910    9.1780    9.6850   10.2580
       1.33e-01       3.11e-01       4.81e-01       6.05e-01       7.18e-01       8.05e-01       9.05e-01       9.61e-01
  6.4
    7.0730    7.6830    8.3300    8.4820    8.8910    9.1780    9.6850   10.2580
       1.33e-01       3.11e-01       4.81e-01       6.05e-01       7.18e-01       8.05e-01       9.05e-01       9.61e-01
 6.45
    7.0730    7.6830    8.3300    8.4820    8.8910    9.1780    9.6850   10.2580
       1.33e-01       3.11e-01       4.81e-01       6.05e-01       7.18e-01       8.05e-01       9.05e-01       9.61e-01
  6.5
    7.0730    7.6830    8.3300    8.4820    8.8910    9.1780    9.6850   10.2580
       1.33e-01       3.11e-01       4.81e-01       6.05e-01       7.18e-01       8.05e-01       9.05e-01       9.61e-01
 6.55
    7.0730    7.6830    8.3300    8.4820    8.8910    9.1780    9.6850   10.2580
       1.33e-01       3.11e-01       4.81e-01       6.05e-01       7.18e-01       8.05e-01       9.05e-01       9.61e-01
  6.6
    7.0730    7.6830    8.3300    8.4820    8.8910    9.1780    9.6850   10.2580
       1.33e-01       3.11e-01       4.81e-01       6.05e-01       7.18e-01       8.05e-01       9.05e-01       9.61e-01
 6.65
    7.0730    7.6830    8.3300    8.4820    8.8910    9.1780    9.6850   10.2580
       1.33e-01       3.11e-01       4.81e-01       6.05e-01       7.18e-01       8.05e-01       9.05e-01       9.61e-01
  6.7
    7.0730    7.6830    8.3300    8.4820    8.8910    9.1780    9.6850   10.2580
       1.33e-01       3.11e-01       4.81e-01       6.05e-01       7.18e-01       8.05e-01       9.05e-01       9.61e-01
 6.75
    7.0730    7.6830    8.3300    8.4820    8.8910    9.1780    9.6850   10.2580
       1.33e-01       3.11e-01       4.81e-01       6.05e-01       7.18e-01       8.05e-01       9.05e-01       9.61e-01
  6.8
    7.0730    7.6830    8.3300    8.4820    8.8910    9.1780    9.6850   10.2580
       1.33e-01       3.11e-01       4.81e-01       6.05e-01       7.18e-01       8.05e-01       9.05e-01       9.61e-01
 6.85
    7.0730    7.6830    8.3300    8.4820    8.8910    9.1780    9.6850   10.2580
       1.33e-01       3.11e-01       4.81e-01       6.05e-01       7.18e-01       8.05e-01       9.05e-01       9.61e-01
  6.9
    7.0730    7.6830    8.3300    8.4820    8.8910    9.1780    9.6850   10.2580
       1.33e-01       3.11e-01       4.81e-01       6.05e-01       7.18e-01       8.05e-01       9.05e-01       9.61e-01
 6.95
    7.0730    7.6830    8.3300    8.4820    8.8910    9.1780    9.6850   10.2580
       1.33e-01       3.11e-01       4.81e-01       6.05e-01       7.18e-01       8.05e-01       9.05e-01       9.61e-01
  7.0
    7.0730    7.6830    8.3300    8.4820    8.8910    9.1780    9.6850   10.2580
       1.33e-01       3.11e-01       4.81e-01       6.05e-01       7.18e-01       8.05e-01       9.05e-01       9.61e-01
 7.05
    7.0730    7.6830    8.3300    8.4820    8.8910    9.1780    9.6850   10.2580
       1.33e-01       3.11e-01       4.81e-01       6.05e-01       7.18e-01       8.05e-01       9.05e-01       9.61e-01
  7.1
    7.0730    7.6810    8.3300    8.4820    8.8910    9.1780    9.6850   10.2580
       1.33e-01       3.11e-01       4.81e-01       6.05e-01       7.18e-01       8.05e-01       9.05e-01       9.61e-01
 7.15
    7.0730    7.6810    8.3300    8.4820    8.8910    9.1780    9.6850   10.2580
       1.33e-01       3.11e-01       4.81e-01       6.05e-01       7.18e-01       8.05e-01       9.05e-01       9.61e-01
  7.2
    7.0730    7.6810    8.3300    8.4820    8.8910    9.1780    9.6850   10.2580
       1.33e-01       3.11e-01       4.81e-01       6.05e-01       7.18e-01       8.05e-01       9.05e-01       9.61e-01
 7.25
    7.0730    7.6810    8.3300    8.4820    8.8910    9.1780    9.6850   10.2580
       1.33e-01       3.11e-01       4.81e-01       6.05e-01       7.18e-01       8.05e-01       9.05e-01       9.61e-01
  7.3
    7.0730    7.6810    8.3300    8.4820    8.8910    9.1780    9.6850   10.2580
       1.33e-01       3.11e-01       4.81e-01       6.05e-01       7.18e-01       8.05e-01       9.05e-01       9.61e-01
 7.35
    7.0730    7.6810    8.3300    8.4820    8.8910    9.1780    9.6850   10.2580
       1.33e-01       3.11e-01       4.81e-01       6.05e-01       7.18e-01       8.05e-01       9.05e-01       9.61e-01
  7.4
    7.0730    7.6810    8.3300    8.4820    8.8910    9.1780    9.6850   10.2580
       1.33e-01       3.11e-01       4.81e-01       6.05e-01       7.18e-01       8.05e-01       9.05e-01       9.61e-01
 7.45
    7.0730    7.6810    8.3300    8.4820    8.8910    9.1780    9.6850   10.2580
       1.33e-01       3.11e-01       4.81e-01       6.05e-01       7.18e-01       8.05e-01       9.05e-01       9.61e-01
  7.5
    7.0720    7.6810    8.3300    8.4820    8.8910    9.1780    9.6850   10.2580
       1.33e-01       3.11e-01       4.81e-01       6.05e-01       7.18e-01       8.05e-01       9.05e-01       9.61e-01
  7.6
    7.0720    7.6810    8.3300    8.4820    8.8910    9.1780    9.6850   10.2580
       1.33e-01       3.11e-01       4.81e-01       6.05e-01       7.18e-01       8.05e-01       9.05e-01       9.61e-01
 7.65
    7.0720    7.6810    8.3300    8.4820    8.8910    9.1780    9.6850   10.2580
       1.33e-01       3.11e-01       4.81e-01       6.05e-01       7.18e-01       8.05e-01       9.05e-01       9.61e-01
  7.7
    7.0720    7.6810    8.3300    8.4820    8.8910    9.1780    9.6850   10.2580
       1.33e-01       3.11e-01       4.81e-01       6.05e-01       7.18e-01       8.05e-01       9.05e-01       9.61e-01
 7.75
    7.0720    7.6810    8.3300    8.4820    8.8910    9.1780    9.6850   10.2580
       1.33e-01       3.11e-01       4.81e-01       6.05e-01       7.18e-01       8.05e-01       9.05e-01       9.61e-01
 7.85
    7.0720    7.6810    8.3300    8.4820    8.8910    9.1780    9.6850   10.2580
       1.33e-01       3.11e-01       4.81e-01       6.05e-01       7.18e-01       8.05e-01       9.05e-01       9.61e-01
  7.9
    7.0720    7.6810    8.3300    8.4820    8.8910    9.1780    9.6850   10.2580
       1.33e-01       3.11e-01       4.81e-01       6.05e-01       7.18e-01       8.05e-01       9.05e-01       9.61e-01
 7.95
    7.0720    7.6810    8.3300    8.4820    8.8910    9.1780    9.6850   10.2580
       1.33e-01       3.11e-01       4.81e-01       6.05e-01       7.18e-01       8.05e-01       9.05e-01       9.61e-01
  8.0
   -8.6860   -8.6550   -8.6530   -8.6190   -8.6130   -8.5740   -8.4820    7.0720    7.6810    8.3300    8.4820    8.8910    9.1780    9.6850   10.2580
       2.21e-07       2.27e-07       6.00e-07       7.64e-07       9.85e-07       1.58e-06       2.28e-06       1.33e-01       3.11e-01       4.81e-01       6.05e-01       7.18e-01       8.05e-01       9.05e-01       9.61e-01
 8.05
  -13.7790  -13.7770  -13.7760  -13.7740  -13.7700  -13.7700  -13.7630  -13.7550  -13.7540  -13.7440  -13.7330  -13.7200  -13.7160  -13.7070  -13.7010  -13.6940  -13.6790  -13.6770  -13.6670  -13.6640  -13.6540  -13.6500  -13.6350  -13.6200  -13.6040  -13.5890  -13.5740  -13.5590  -13.5430  -13.5280  -13.5130  -13.4980  -13.4830  -13.4680  -13.4530  -13.4380  -13.4230  -13.4080  -13.3930  -13.3780  -13.3630  -13.3480  -13.3330  -13.3180  -13.3030  -13.2880  -13.2730  -13.2570  -13.2410  -13.2250  -13.2100  -13.1950  -13.1790  -13.1630  -13.1620  -13.1460  -13.1280  -13.1100  -13.0900  -13.0670  -13.0440  -13.0170  -12.9840  -12.9450  -12.9070  -12.8680  -12.8250  -12.8200  -10.5230  -10.4900  -10.3020  -10.0330   -9.7960   -9.5690   -9.3700   -9.2200   -8.8210   -8.8090   -8.5600    7.0720    7.6810    8.3300    8.4820    8.8910    9.1780    9.6850   10.2580
       1.55e-08       3.10e-08       6.23e-08       4.67e-08       7.79e-08       1.01e-07       1.17e-07       1.63e-07       1.33e-07       1.79e-07       1.95e-07       2.11e-07       2.57e-07       2.27e-07       3.11e-07       2.73e-07       3.27e-07       3.90e-07       4.21e-07       3.43e-07       4.52e-07       3.60e-07       4.06e-07       4.37e-07       4.68e-07       4.85e-07       5.01e-07       5.18e-07       5.34e-07       5.51e-07       5.68e-07       5.84e-07       6.01e-07       6.18e-07       6.35e-07       6.52e-07       6.68e-07       6.85e-07       7.03e-07       7.20e-07       7.37e-07       7.54e-07       7.71e-07       7.88e-07       8.06e-07       8.23e-07       8.40e-07       8.58e-07       8.75e-07       8.92e-07       9.10e-07       9.28e-07       9.46e-07       9.64e-07       1.09e-06       9.82e-07       1.00e-06       1.02e-06       1.04e-06       1.06e-06       1.07e-06       1.11e-06       1.13e-06       1.15e-06       1.17e-06       1.19e-06       1.20e-06       1.22e-06       1.23e-06       1.27e-06       1.33e-06       1.40e-06       1.45e-06       1.49e-06       1.52e-06       1.55e-06       1.67e-06       2.63e-06       4.54e-06       1.33e-01       3.11e-01       4.81e-01       6.05e-01       7.18e-01       8.05e-01       9.05e-01       9.61e-01
  8.1
  -13.6460  -13.6460  -13.6450  -13.6400  -13.6400  -13.6350  -13.6280  -13.6200  -13.6200  -13.6100  -13.6000  -13.5970  -13.5890  -13.5830  -13.5770  -13.5750  -13.5680  -13.5650  -13.5580  -13.5520  -13.5390  -13.5260  -13.5130  -13.5000  -13.4860  -13.4730  -13.4590  -13.4460  -13.4330  -13.4190  -13.4060  -13.3930  -13.3800  -13.3670  -13.3530  -13.3400  -13.3270  -13.3140  -13.3010  -13.2880  -13.2750  -13.2620  -13.2490  -13.2360  -13.2230  -13.2100  -13.1970  -13.1840  -13.1700  -13.1560  -13.1440  -13.1310  -13.1180  -13.1050  -13.0920  -13.0780  -13.0630  -13.0480  -13.0320  -13.0140  -12.9960  -12.9750  -12.9510  -12.9220  -12.9180  -12.8930  -12.8630  -12.8220  -12.7460  -10.4580  -10.2860  -10.0390   -9.8020   -9.5890   -9.3790   -9.2210   -8.8150   -8.8020   -8.5490   -8.3500    7.0720    7.6810    8.3300    8.4820    8.8910    9.1780    9.6850   10.2580
       7.83e-08       1.37e-07       1.37e-07       1.60e-07       2.06e-07       2.30e-07       2.54e-07       2.78e-07       3.24e-07       3.48e-07       3.72e-07       4.53e-07       3.96e-07       5.47e-07       4.77e-07       5.93e-07       6.15e-07       5.01e-07       6.58e-07       5.71e-07       6.40e-07       6.83e-07       7.07e-07       7.32e-07       7.57e-07       7.81e-07       8.06e-07       8.31e-07       8.56e-07       8.81e-07       9.06e-07       9.31e-07       9.57e-07       9.82e-07       1.01e-06       1.03e-06       1.06e-06       1.08e-06       1.11e-06       1.14e-06       1.16e-06       1.19e-06       1.21e-06       1.24e-06       1.27e-06       1.29e-06       1.32e-06       1.34e-06       1.37e-06       1.40e-06       1.42e-06       1.45e-06       1.48e-06       1.50e-06       1.53e-06       1.56e-06       1.59e-06       1.61e-06       1.64e-06       1.67e-06       1.70e-06       1.72e-06       1.75e-06       1.78e-06       2.67e-08       1.81e-06       1.84e-06       1.87e-06       5.48e-08       1.92e-06       2.02e-06       2.12e-06       2.19e-06       2.26e-06       2.30e-06       2.34e-06       2.52e-06       3.64e-06       5.87e-06       8.41e-06       1.33e-01       3.11e-01       4.81e-01       6.05e-01       7.18e-01       8.05e-01       9.05e-01       9.61e-01
 8.15
  -13.5240  -13.5230  -13.5210  -13.5160  -13.5100  -13.5000  -13.4960  -13.4840  -13.4790  -13.4770  -13.4710  -13.4610  -13.4410  -13.4200  -13.3990  -13.3780  -13.3560  -13.3340  -13.3130  -13.2930  -13.2720  -13.2510  -13.2310  -13.2100  -13.1900  -13.1700  -13.1530  -13.1500  -13.1300  -13.1200  -13.1090  -13.0990  -13.0890  -13.0800  -13.0700  -13.0610  -13.0510  -13.0420  -13.0320  -13.0230  -13.0130  -13.0030  -12.9930  -12.9820  -12.9710  -12.9590  -12.9470  -12.9340  -12.9200  -12.9040  -12.8860  -12.8670  -12.7170  -12.6420  -12.6110  -12.5640  -10.3190  -10.0450   -9.6990   -9.4550   -9.2410   -8.8020   -8.7940   -8.7350   -8.7350   -8.6630   -8.5320   -8.4770   -8.4050   -8.2620   -8.1100    7.0720    7.6810    8.3300    8.4820    8.8910    9.1780    9.6850   10.2580
       2.85e-07       4.03e-07       3.44e-07       4.62e-07       5.22e-07       6.40e-07       5.82e-07       7.58e-07       7.00e-07       8.62e-07       9.25e-07       8.19e-07       9.86e-07       1.05e-06       1.11e-06       1.17e-06       1.23e-06       1.29e-06       1.36e-06       1.42e-06       1.48e-06       1.54e-06       1.61e-06       1.67e-06       1.73e-06       1.80e-06       8.74e-08       1.86e-06       1.91e-06       1.94e-06       1.97e-06       2.01e-06       2.04e-06       2.07e-06       2.10e-06       2.13e-06       2.17e-06       2.20e-06       2.23e-06       2.27e-06       2.30e-06       2.33e-06       2.36e-06       2.40e-06       2.43e-06       2.46e-06       2.50e-06       2.53e-06       2.57e-06       2.60e-06       2.63e-06       2.67e-06       1.22e-07       1.57e-07       1.91e-07       2.26e-07       2.81e-06       2.99e-06       3.12e-06       3.21e-06       3.27e-06       3.52e-06       3.79e-06       4.36e-06       4.36e-06       5.34e-06       6.58e-06       7.74e-06       9.11e-06       1.06e-05       1.23e-05       1.33e-01       3.11e-01       4.81e-01       6.05e-01       7.18e-01       8.05e-01       9.05e-01       9.61e-01
  8.2
  -13.3950  -13.3940  -13.3910  -13.3860  -13.3840  -13.3750  -13.3720  -13.3620  -13.3590  -13.3480  -13.3320  -13.3160  -13.2980  -13.2800  -13.2620  -13.2450  -13.2270  -13.2100  -13.1930  -13.1760  -13.1580  -13.1410  -13.1240  -13.1060  -13.0890  -13.0730  -13.0650  -13.0580  -13.0500  -13.0420  -13.0340  -13.0260  -13.0170  -13.0090  -13.0010  -12.9920  -12.9840  -12.9760  -12.9670  -12.9570  -12.9470  -12.9370  -12.9260  -12.9150  -12.9040  -12.8920  -12.8790  -12.8640  -12.8470  -12.7370  -12.6900  -12.6290  -12.5680  -12.4030  -10.3640  -10.3430  -10.2280   -9.9990   -9.6890   -9.4610   -9.2320   -8.7910   -8.7850   -8.6570   -8.6560   -8.4750   -8.4650   -8.4550   -8.3450   -8.1940   -8.0180    7.0720    7.6810    8.3300    8.4820    8.8910    9.1780    9.6850   10.2580
       4.55e-07       4.55e-07       5.38e-07       6.21e-07       7.03e-07       7.86e-07       8.68e-07       9.52e-07       1.12e-06       1.04e-06       1.20e-06       1.29e-06       1.37e-06       1.46e-06       1.55e-06       1.63e-06       1.72e-06       1.81e-06       1.89e-06       1.98e-06       2.07e-06       2.16e-06       2.25e-06       2.33e-06       2.42e-06       2.49e-06       2.54e-06       2.58e-06       2.63e-06       2.67e-06       2.72e-06       2.76e-06       2.81e-06       2.85e-06       2.90e-06       2.94e-06       2.99e-06       3.04e-06       3.08e-06       3.13e-06       3.17e-06       3.22e-06       3.27e-06       3.31e-06       3.36e-06       3.41e-06       3.45e-06       3.50e-06       3.55e-06       1.45e-07       4.84e-08       1.94e-07       2.43e-07       2.90e-07       3.61e-06       3.70e-06       3.90e-06       4.14e-06       4.32e-06       4.44e-06       4.53e-06       4.86e-06       5.16e-06       5.18e-06       5.81e-06       7.11e-06       8.23e-06       9.63e-06       1.12e-05       1.29e-05       1.48e-05       1.33e-01       3.11e-01       4.81e-01       6.05e-01       7.18e-01       8.05e-01       9.05e-01       9.61e-01
 8.25
  -13.2680  -13.2660  -13.2620  -13.2590  -13.2550  -13.2510  -13.2440  -13.2350  -13.2240  -13.2110  -13.1980  -13.1830  -13.1690  -13.1550  -13.1420  -13.1280  -13.1140  -13.1000  -13.0860  -13.0720  -13.0600  -13.0480  -13.0350  -13.0210  -13.0150  -13.0080  -13.0010  -12.9940  -12.9870  -12.9810  -12.9730  -12.9660  -12.9590  -12.9520  -12.9450  -12.9380  -12.9310  -12.9210  -12.9120  -12.9020  -12.8930  -12.8840  -12.8750  -12.8650  -12.8540  -12.8410  -12.8270  -12.6630  -12.6150  -12.5710  -12.3590  -12.3480  -10.2930  -10.2700  -10.2450  -10.2340  -10.1370   -9.9510   -9.6790   -9.4650   -9.2230   -8.7820   -8.7760   -8.5800   -8.5760   -8.4760   -8.3790   -8.2840   -8.2660   -8.1240   -7.9250    7.0720    7.6800    8.3300    8.4820    8.8910    9.1780    9.6850   10.2580
       4.82e-07       5.92e-07       7.04e-07       9.27e-07       8.16e-07       1.15e-06       1.15e-06       1.26e-06       1.38e-06       1.49e-06       1.61e-06       1.72e-06       1.84e-06       1.95e-06       2.07e-06       2.19e-06       2.30e-06       2.42e-06       2.54e-06       2.66e-06       2.78e-06       2.90e-06       3.01e-06       3.10e-06       3.16e-06       3.23e-06       3.29e-06       3.35e-06       3.41e-06       3.47e-06       3.53e-06       3.59e-06       3.65e-06       3.71e-06       3.77e-06       3.84e-06       3.90e-06       3.96e-06       4.02e-06       4.08e-06       4.15e-06       4.21e-06       4.27e-06       4.33e-06       4.40e-06       4.46e-06       4.53e-06       6.50e-08       1.31e-07       1.97e-07       3.70e-07       2.60e-07       4.64e-06       4.74e-06       4.83e-06       4.94e-06       5.20e-06       5.53e-06       5.77e-06       5.93e-06       6.04e-06       6.46e-06       6.80e-06       6.83e-06       7.54e-06       9.01e-06       1.06e-05       1.23e-05       1.36e-05       1.56e-05       1.77e-05       1.33e-01       3.11e-01       4.81e-01       6.05e-01       7.18e-01       8.05e-01       9.05e-01       9.61e-01
  8.3
  -13.1770  -13.1630  -13.1320  -13.0950  -13.0620  -13.0240  -12.9780  -12.9250  -12.9110  -12.8570  -12.7660  -10.2290  -10.1470  -10.1110  -10.0790   -9.9930   -9.8350   -9.6000   -9.3790   -8.9870   -8.8090   -8.8000   -8.5840   -8.4560   -8.4460   -8.4450   -8.4120   -8.3670   -8.3490   -8.3490   -8.2490   -8.0870   -7.9150    7.0700    7.6800    8.3300    8.4820    8.8910    9.1780    9.6850   10.2580
       3.46e-07       6.96e-07       1.05e-06       1.40e-06       1.76e-06       2.12e-06       2.48e-06       2.71e-06       2.90e-06       3.21e-06       3.60e-06       3.94e-06       4.13e-06       4.18e-06       4.29e-06       4.50e-06       4.75e-06       4.96e-06       5.09e-06       5.75e-06       6.06e-06       6.33e-06       6.81e-06       8.04e-06       8.48e-06       9.86e-06       1.08e-05       1.10e-05       1.17e-05       1.17e-05       1.32e-05       1.47e-05       1.65e-05       1.33e-01       3.11e-01       4.81e-01       6.05e-01       7.18e-01       8.05e-01       9.05e-01       9.61e-01
 8.35
  -13.1030  -13.0990  -13.0920  -13.0750  -13.0470  -13.0100  -12.9620  -12.9030  -12.8870  -12.8170  -12.7080  -10.1610  -10.0660  -10.0300   -9.9970   -9.9100   -9.7610   -9.5630   -9.3510   -8.9940   -8.8480   -8.8330   -8.6120   -8.5670   -8.5580   -8.4890   -8.4680   -8.4680   -8.4370   -8.4230   -8.1770   -7.9690   -7.7550    7.0700    7.6800    8.3300    8.4820    8.8910    9.1780    9.6850   10.2580
       2.51e-07       7.51e-07       5.04e-07       1.01e-06       1.26e-06       1.52e-06       1.78e-06       1.94e-06       2.08e-06       2.30e-06       2.59e-06       2.83e-06       2.97e-06       3.02e-06       3.10e-06       3.26e-06       3.46e-06       3.62e-06       3.72e-06       4.22e-06       4.45e-06       4.74e-06       5.29e-06       6.34e-06       7.72e-06       8.22e-06       8.68e-06       8.68e-06       9.18e-06       1.07e-05       1.24e-05       1.42e-05       1.61e-05       1.33e-01       3.11e-01       4.81e-01       6.05e-01       7.18e-01       8.05e-01       9.05e-01       9.61e-01
  8.4
  -13.0440  -13.0420  -13.0230  -13.0110  -12.9390  -12.8730  -12.8240  -12.7870  -12.7640  -12.7410  -12.7270  -12.7110  -12.6950  -12.6780  -10.9270  -10.1090  -10.0180   -9.9820   -9.8680   -9.7680   -9.6640   -9.5450   -9.3490   -8.8400   -8.8310   -8.7640   -8.5870   -8.5390   -8.4750   -8.4300   -8.3350   -8.0800   -7.8640   -7.6000    7.0700    7.6800    8.3300    8.4820    8.8910    9.1780    9.6850   10.2580
       3.97e-07       2.13e-07       8.51e-07       6.53e-07       1.08e-06       1.21e-06       1.28e-06       1.32e-06       1.35e-06       1.38e-06       1.41e-06       1.44e-06       1.47e-06       1.50e-06       2.17e-06       1.67e-06       1.75e-06       1.83e-06       1.94e-06       2.04e-06       2.14e-06       2.28e-06       2.39e-06       2.81e-06       2.91e-06       3.30e-06       5.54e-06       6.06e-06       7.63e-06       7.93e-06       9.50e-06       1.11e-05       1.28e-05       1.50e-05       1.33e-01       3.11e-01       4.81e-01       6.05e-01       7.18e-01       8.05e-01       9.05e-01       9.61e-01
 8.45
  -12.6800  -12.6550  -12.6140  -12.5690  -12.5030  -12.4440  -12.4030  -12.3970  -12.3720  -12.3520  -12.3270  -12.3010  -12.2740  -12.2460  -12.2150  -10.5680  -10.1120   -9.9780   -9.9180   -9.7730   -9.6520   -9.5240   -9.3830   -9.1680   -8.5930   -8.5880   -8.5120   -8.3460   -8.3310   -8.3050   -8.2250   -8.0050   -7.7800   -7.5770    7.0700    7.6800    8.3300    8.4820    8.8910    9.1780    9.6850   10.2580
       5.98e-07       1.15e-06       1.80e-06       2.57e-06       3.26e-06       3.64e-06       3.86e-06       4.34e-06       3.99e-06       4.08e-06       4.16e-06       4.34e-06       4.43e-06       4.52e-06       4.61e-06       4.70e-06       5.21e-06       5.47e-06       5.67e-06       5.92e-06       6.17e-06       6.41e-06       6.65e-06       6.91e-06       7.87e-06       7.99e-06       8.43e-06       9.00e-06       1.08e-05       1.11e-05       1.36e-05       1.54e-05       1.71e-05       1.91e-05       1.33e-01       3.11e-01       4.81e-01       6.05e-01       7.18e-01       8.05e-01       9.05e-01       9.61e-01
  8.5
  -12.3800  -12.3750  -12.3600  -12.3330  -12.3010  -12.2940  -12.2930  -12.2910  -12.2900  -12.2890  -12.2890  -12.2880  -12.2880  -12.2840  -12.2340  -12.0710  -12.0710   -9.9130   -9.7790   -9.7330   -9.7220   -9.5340   -9.3820   -9.2200   -8.9870   -8.3410   -8.3390   -8.2610   -8.1880   -8.1790   -8.1520   -7.8640   -7.6750   -7.4790    7.0700    7.6800    8.3300    8.4820    8.8910    9.1780    9.6850   10.2580
       4.66e-06       2.17e-06       1.17e-06       3.57e-06       8.19e-06       8.03e-06       6.61e-06       7.00e-06       7.87e-06       7.24e-06       7.71e-06       7.39e-06       7.55e-06       5.91e-06       8.35e-06       8.52e-06       8.69e-06       9.61e-06       1.01e-05       1.09e-05       1.05e-05       1.13e-05       1.17e-05       1.21e-05       1.25e-05       1.27e-05       1.42e-05       1.47e-05       1.67e-05       1.71e-05       1.77e-05       2.05e-05       2.25e-05       2.44e-05       1.33e-01       3.11e-01       4.81e-01       6.05e-01       7.18e-01       8.05e-01       9.05e-01       9.61e-01
 8.55
  -12.4060  -12.4040  -12.4010  -12.3980  -12.3950  -12.3930  -12.3920  -12.3880  -12.3810  -12.3660  -12.3580  -12.3360  -12.3110  -12.2530  -12.2140  -12.1830  -12.1350  -11.4580   -9.7950   -9.5990   -9.5490   -9.4940   -9.4640   -9.2410   -9.0550   -8.8050   -8.0950   -8.0830   -8.0520   -8.0460   -8.0090   -7.9590   -7.5040   -7.3460    7.0690    7.6800    8.3290    8.4820    8.8910    9.1780    9.6850   10.2580
       1.69e-06       3.97e-06       4.22e-06       4.46e-06       4.70e-06       1.08e-06       4.95e-06       5.19e-06       5.44e-06       3.97e-06       7.86e-06       9.91e-06       7.60e-06       9.65e-06       1.34e-05       1.15e-05       1.31e-05       1.36e-05       1.51e-05       1.58e-05       1.63e-05       1.70e-05       1.76e-05       1.82e-05       1.88e-05       1.95e-05       1.97e-05       2.19e-05       2.23e-05       2.45e-05       2.50e-05       2.57e-05       2.88e-05       3.10e-05       1.33e-01       3.11e-01       4.81e-01       6.05e-01       7.18e-01       8.05e-01       9.05e-01       9.61e-01
  8.6
  -12.3320  -12.3180  -12.3020  -12.2480  -12.2020  -12.1860  -12.1010   -9.8900   -9.3860   -9.3720   -9.3650   -9.3610   -9.3510   -9.3440   -9.3360   -9.3250   -9.2940   -9.0480   -8.8900   -8.6750   -8.5300   -8.4400   -8.3480   -7.8610   -7.8560   -7.7820   -7.7550   -7.5000   -7.2050    7.0690    7.6790    8.3290    8.4820    8.8910    9.1780    9.6850   10.2580
       9.01e-07       2.49e-06       4.40e-06       6.45e-06       1.16e-05       8.66e-06       1.10e-05       1.41e-05       1.54e-05       1.56e-05       1.58e-05       1.61e-05       1.64e-05       1.66e-05       1.69e-05       1.73e-05       1.78e-05       1.84e-05       1.91e-05       1.97e-05       2.00e-05       2.02e-05       2.05e-05       2.18e-05       2.20e-05       2.28e-05       2.46e-05       2.68e-05       2.89e-05       1.33e-01       3.11e-01       4.81e-01       6.05e-01       7.18e-01       8.05e-01       9.05e-01       9.61e-01
 8.65
  -12.2730  -12.2200  -12.1710  -12.1100  -12.0480  -11.8160  -10.3990   -9.5320   -9.2350   -9.2230   -9.2160   -9.2150   -9.2130   -9.2110   -9.2040   -9.1910   -9.1600   -8.8700   -8.7040   -8.4780   -8.3320   -8.2390   -8.1450   -7.6330   -7.6190   -7.5520   -7.4210   -7.1700    7.0690    7.6790    8.3290    8.4820    8.8910    9.1780    9.6850   10.2580
       8.29e-07       2.29e-06       4.04e-06       5.93e-06       7.96e-06       8.49e-06       1.07e-05       1.29e-05       1.42e-05       1.45e-05       1.56e-05       1.48e-05       1.52e-05       1.60e-05       1.64e-05       1.69e-05       1.76e-05       1.86e-05       1.96e-05       2.04e-05       2.08e-05       2.11e-05       2.16e-05       2.34e-05       2.36e-05       2.45e-05       2.65e-05       2.89e-05       1.33e-01       3.11e-01       4.81e-01       6.05e-01       7.18e-01       8.05e-01       9.05e-01       9.61e-01
  8.7
  -12.2100  -12.1230  -12.0400  -11.9720  -11.8370  -10.5700   -9.7960   -9.2570   -9.0840   -9.0790   -9.0720   -9.0710   -9.0700   -9.0660   -9.0660   -9.0570   -9.0260   -8.6890   -8.5190   -8.2800   -8.1330   -8.0380   -7.9420   -7.4030   -7.3820   -7.3240   -7.0870    7.0680    7.6790    8.3290    8.4820    8.8910    9.1780    9.6850   10.2580
       7.31e-07       2.02e-06       3.56e-06       5.23e-06       5.70e-06       7.49e-06       9.39e-06       1.14e-05       1.26e-05       1.50e-05       1.30e-05       1.56e-05       1.45e-05       1.34e-05       1.39e-05       1.63e-05       1.73e-05       1.85e-05       1.99e-05       2.10e-05       2.16e-05       2.20e-05       2.26e-05       2.50e-05       2.52e-05       2.63e-05       2.85e-05       1.33e-01       3.11e-01       4.81e-01       6.05e-01       7.18e-01       8.05e-01       9.05e-01       9.61e-01
 8.75
  -12.1440  -12.0900  -12.0250  -11.9090  -10.3280   -9.6770   -9.2790   -9.0380   -8.9400   -8.9390   -8.9330   -8.9250   -8.9230   -8.9220   -8.9160   -8.9160   -8.8930   -8.5050   -8.3320   -8.0830   -7.9330   -7.8370   -7.7380   -7.1750   -7.1450   -7.0950    7.0680    7.6780    8.3290    8.4820    8.8910    9.1780    9.6850   10.2580
       6.03e-07       9.90e-07       2.05e-06       3.32e-06       4.70e-06       6.17e-06       7.74e-06       9.39e-06       1.36e-05       1.44e-05       1.05e-05       1.30e-05       1.53e-05       1.10e-05       1.15e-05       1.22e-05       1.66e-05       1.83e-05       2.01e-05       2.15e-05       2.23e-05       2.28e-05       2.37e-05       2.67e-05       2.69e-05       2.80e-05       1.33e-01       3.11e-01       4.81e-01       6.05e-01       7.18e-01       8.05e-01       9.05e-01       9.61e-01
  8.8
  -12.0250  -11.9230   -9.4710   -8.9270   -8.8100   -8.8070   -8.7970   -8.7880   -8.7870   -8.7840   -8.7790   -8.7560   -8.7010   -8.2920   -8.0860   -7.9510   -7.8130   -7.6660   -7.4930   -6.8950   -6.8780    7.0670    7.6780    8.3290    8.4820    8.8910    9.1780    9.6850   10.2580
       9.27e-07       2.75e-06       5.33e-06       7.90e-06       1.32e-05       1.42e-05       1.23e-05       1.15e-05       1.52e-05       9.73e-06       1.07e-05       1.63e-05       1.74e-05       1.91e-05       2.08e-05       2.20e-05       2.31e-05       2.42e-05       2.55e-05       2.91e-05       2.95e-05       1.33e-01       3.11e-01       4.81e-01       6.05e-01       7.18e-01       8.05e-01       9.05e-01       9.61e-01
 8.85
  -11.8640  -11.8020   -9.2310   -8.7670   -8.6970   -8.6940   -8.6870   -8.6810   -8.6750   -8.6730   -8.6460   -8.6070   -8.5400   -8.0710   -7.8250   -7.6770   -7.5260   -7.3680   -6.8640    7.0670    7.6760    8.3300    8.4820    8.8910    9.1780    9.6850   10.2580
       1.99e-06       3.01e-06       5.83e-06       8.65e-06       1.46e-05       1.36e-05       1.27e-05       1.18e-05       1.57e-05       1.07e-05       1.69e-05       1.81e-05       1.94e-05       2.13e-05       2.32e-05       2.45e-05       2.58e-05       2.71e-05       2.86e-05       1.33e-01       3.11e-01       4.81e-01       6.05e-01       7.18e-01       8.05e-01       9.05e-01       9.61e-01
  8.9
  -11.8050  -11.4770   -9.0340   -8.6310   -8.5900   -8.5860   -8.5830   -8.5790   -8.5730   -8.5430   -8.5040   -8.4570   -8.3790   -7.8460   -7.5610   -7.3990   -7.2350    7.0660    7.6760    8.3300    8.4820    8.8910    9.1780    9.6850   10.2580
       2.18e-06       3.29e-06       6.39e-06       9.47e-06       1.50e-05       1.40e-05       1.30e-05       1.17e-05       1.62e-05       1.74e-05       1.88e-05       2.02e-05       2.16e-05       2.38e-05       2.60e-05       2.74e-05       2.89e-05       1.33e-01       3.11e-01       4.81e-01       6.05e-01       7.18e-01       8.05e-01       9.05e-01       9.61e-01
 8.95
  -11.6690   -8.5930   -8.4970   -8.4970   -8.4580   -8.3850   -8.2950   -7.6850   -7.4620   -7.2270    7.0650    7.6750    8.3300    8.4820    8.8910    9.1780    9.6850   10.2580
       4.11e-06       8.39e-06       1.17e-05       1.41e-05       1.65e-05       1.89e-05       2.14e-05       2.38e-05       2.62e-05       2.86e-05       1.33e-01       3.11e-01       4.81e-01       6.05e-01       7.18e-01       8.05e-01       9.05e-01       9.61e-01
  9.0
  -10.1680   -8.4980   -8.4270   -8.4120   -8.3370   -8.2400   -8.1250   -7.4540   -7.2220    7.0640    7.6750    8.3290    8.4820    8.8910    9.1780    9.6850   10.2580
       4.38e-06       8.94e-06       1.26e-05       1.52e-05       1.79e-05       2.05e-05       2.32e-05       2.59e-05       2.85e-05       1.33e-01       3.11e-01       4.81e-01       6.05e-01       7.18e-01       8.05e-01       9.05e-01       9.61e-01
 9.05
   -9.0610   -8.7060   -8.3920   -8.3600   -8.3120   -8.2000   -8.0610   -7.3630   -7.0880    7.0630    7.6740    8.3290    8.4820    8.8910    9.1780    9.6850   10.2580
       4.00e-06       6.69e-06       1.08e-05       1.45e-05       1.78e-05       2.11e-05       2.45e-05       2.78e-05       3.11e-05       1.33e-01       3.11e-01       4.81e-01       6.05e-01       7.18e-01       8.05e-01       9.05e-01       9.61e-01
  9.1
  -11.5820   -9.7500   -8.4310   -8.3020   -8.2390   -8.1020   -7.9390   -7.1660   -6.5290    7.0620    7.6730    8.3290    8.4820    8.8910    9.1780    9.6850   10.2580
       3.94e-06       5.99e-06       1.05e-05       1.47e-05       1.86e-05       2.25e-05       2.65e-05       3.04e-05       3.43e-05       1.33e-01       3.11e-01       4.81e-01       6.05e-01       7.18e-01       8.05e-01       9.05e-01       9.61e-01
 9.15
  -10.2860   -9.3550   -8.2940   -8.2450   -8.1120   -7.9610   -7.2530   -6.9630    7.0610    7.6710    8.3280    8.4820    8.8910    9.1780    9.6850   10.2580
       4.60e-06       7.00e-06       1.23e-05       1.68e-05       2.07e-05       2.46e-05       2.86e-05       3.25e-05       1.33e-01       3.11e-01       4.81e-01       6.05e-01       7.18e-01       8.05e-01       9.05e-01       9.61e-01
  9.2
  -11.7890  -11.6300   -8.5850   -8.2070   -8.0550   -7.8790   -7.1740   -6.8640    7.0590    7.6700    8.3290    8.4820    8.8910    9.1780    9.6850   10.2580
       2.56e-06       7.75e-06       1.43e-05       1.95e-05       2.32e-05       2.69e-05       3.05e-05       3.38e-05       1.33e-01       3.11e-01       4.81e-01       6.05e-01       7.18e-01       8.05e-01       9.05e-01       9.61e-01
 9.25
  -11.7820  -11.5830   -8.4610   -8.1480   -7.9920   -7.4620   -7.1680   -6.9180   -6.2500   -6.2090   -6.1430    7.0570    7.6690    8.3290    8.4820    8.8910    9.1780    9.6850   10.2580
       2.32e-06       6.57e-06       1.16e-05       1.55e-05       1.82e-05       2.08e-05       2.33e-05       2.61e-05       2.63e-05       3.15e-05       3.21e-05       1.33e-01       3.11e-01       4.81e-01       6.05e-01       7.18e-01       8.05e-01       9.05e-01       9.61e-01
  9.3
  -11.7150  -11.7030   -9.1300   -8.0940   -7.9570   -7.4610   -7.2340   -7.0300   -6.4300   -6.4130   -6.3900   -6.1550   -6.1320   -6.1190    7.0560    7.6680    8.3280    8.4820    8.8910    9.1780    9.6850   10.2580
       8.86e-07       3.60e-06       8.97e-06       1.27e-05       1.46e-05       1.65e-05       1.83e-05       2.04e-05       2.05e-05       2.42e-05       2.45e-05       2.54e-05       2.73e-05       4.58e-05       1.33e-01       3.11e-01       4.81e-01       6.05e-01       7.18e-01       8.05e-01       9.05e-01       9.61e-01
 9.35
  -11.6850  -11.6770   -8.9720   -8.0350   -7.8980   -7.3900   -7.1690   -6.9620   -6.3630   -6.3450   -6.3310   -6.2820   -6.2500   -6.0960    7.0540    7.6650    8.3290    8.4820    8.8910    9.1780    9.6850   10.2580
       8.23e-07       3.33e-06       8.32e-06       1.17e-05       1.34e-05       1.50e-05       1.65e-05       1.82e-05       1.83e-05       2.13e-05       2.16e-05       2.23e-05       3.77e-05       3.94e-05       1.33e-01       3.11e-01       4.81e-01       6.05e-01       7.18e-01       8.05e-01       9.05e-01       9.61e-01
  9.4
  -11.6700   -8.4710   -7.9590   -7.5330   -7.3370   -7.1470   -6.9740   -6.4360   -6.4140   -6.3960   -6.3270   -6.1760   -6.0290    7.0510    7.6640    8.3280    8.4820    8.8910    9.1780    9.6850   10.2580
       3.33e-06       8.36e-06       1.16e-05       1.31e-05       1.45e-05       1.58e-05       1.74e-05       1.75e-05       2.01e-05       2.43e-05       2.51e-05       3.77e-05       3.97e-05       1.33e-01       3.11e-01       4.81e-01       6.05e-01       7.18e-01       8.05e-01       9.05e-01       9.61e-01
 9.45
  -11.6220   -8.2880   -7.6570   -7.4470   -7.2390   -7.0480   -6.4980   -6.4750   -6.4450   -6.2810   -6.2080   -6.2010   -6.1600   -6.0990   -5.8920    7.0490    7.6610    8.3280    8.4820    8.8910    9.1780    9.6850   10.2580
       3.31e-06       7.98e-06       1.11e-05       1.26e-05       1.41e-05       1.58e-05       1.61e-05       1.88e-05       2.30e-05       2.35e-05       2.37e-05       3.64e-05       3.66e-05       3.76e-05       3.98e-05       1.33e-01       3.11e-01       4.81e-01       6.05e-01       7.18e-01       8.05e-01       9.05e-01       9.61e-01
  9.5
  -11.5940   -8.2850   -7.6650   -7.4580   -7.2530   -7.0650   -6.5330   -6.5100   -6.4920   -6.2780   -6.2230   -6.1880   -6.1410   -6.0900   -5.9280    7.0450    7.6590    8.3280    8.4820    8.8910    9.1780    9.6850   10.2580
       3.12e-06       7.51e-06       1.05e-05       1.20e-05       1.34e-05       1.50e-05       1.54e-05       1.79e-05       2.44e-05       2.48e-05       2.50e-05       2.52e-05       2.61e-05       3.99e-05       4.20e-05       1.33e-01       3.11e-01       4.81e-01       6.05e-01       7.18e-01       8.05e-01       9.05e-01       9.61e-01
 9.55
  -11.2660   -8.2810   -7.6360   -7.4250   -7.2160   -7.0230   -6.5210   -6.4810   -6.4540   -6.4090   -6.0950   -6.0090   -5.7440   -5.6760    7.0420    7.6560    8.3270    8.4820    8.8910    9.1780    9.6850   10.2580
       2.81e-06       7.12e-06       1.00e-05       1.14e-05       1.28e-05       1.44e-05       2.07e-05       2.08e-05       2.32e-05       2.43e-05       3.78e-05       3.99e-05       4.20e-05       5.74e-05       1.33e-01       3.11e-01       4.81e-01       6.05e-01       7.18e-01       8.05e-01       9.05e-01       9.61e-01
 9.65
   -8.9870   -7.9550   -7.4420   -7.1750   -6.9170   -6.5750   -6.4920   -6.2730   -6.2330   -6.1990   -6.0800   -5.9160   -5.7100   -5.6500    7.0350    7.6490    8.3270    8.4820    8.8910    9.1780    9.6850   10.2580
       2.50e-06       5.49e-06       7.77e-06       9.25e-06       1.11e-05       1.21e-05       1.83e-05       1.85e-05       2.09e-05       2.20e-05       3.25e-05       3.44e-05       4.60e-05       4.79e-05       1.33e-01       3.11e-01       4.81e-01       6.05e-01       7.18e-01       8.05e-01       9.05e-01       9.61e-01
  9.7
   -8.4150   -8.2230   -7.7390   -7.2450   -7.0340   -6.8340   -6.5990   -6.5180   -6.2950   -6.2560   -6.2130   -6.0870   -5.9390   -5.7020   -5.6750    7.0300    7.6450    8.3270    8.4820    8.8910    9.1780    9.6850   10.2580
       1.35e-06       3.72e-06       6.56e-06       8.59e-06       9.76e-06       1.12e-05       1.22e-05       1.83e-05       1.84e-05       2.02e-05       2.12e-05       3.15e-05       3.33e-05       4.46e-05       4.63e-05       1.33e-01       3.11e-01       4.81e-01       6.05e-01       7.18e-01       8.05e-01       9.05e-01       9.61e-01
 9.75
   -8.1850   -8.1710   -8.1340   -8.0920   -8.0730   -7.9720   -7.8210   -7.8080   -7.4350   -7.0760   -6.8280   -6.6240   -6.3070   -6.2710   -6.2440   -6.2150   -6.0950   -5.8740   -5.8510   -5.5980   -5.5080    7.0240    7.6410    8.3270    8.4820    8.8910    9.1780    9.6850   10.2580
       6.93e-07       4.55e-07       8.38e-07       2.10e-06       1.96e-06       2.23e-06       4.19e-06       4.26e-06       6.33e-06       7.91e-06       9.29e-06       1.33e-05       1.34e-05       1.49e-05       2.31e-05       2.36e-05       2.47e-05       3.36e-05       3.51e-05       3.66e-05       4.60e-05       1.33e-01       3.11e-01       4.81e-01       6.05e-01       7.18e-01       8.05e-01       9.05e-01       9.61e-01
  9.8
   -8.1080   -8.0870   -8.0860   -8.0700   -8.0040   -7.7570   -7.6220   -7.3860   -7.0430   -6.7970   -6.6580   -6.2850   -6.2620   -6.2470   -6.1780   -6.0640   -5.8760   -5.8320   -5.5760   -5.4900    7.0180    7.6360    8.3260    8.4820    8.8910    9.1780    9.6850   10.2580
       2.12e-07       7.51e-07       6.18e-07       8.74e-07       1.89e-06       3.67e-06       3.78e-06       5.65e-06       7.10e-06       8.41e-06       1.23e-05       1.24e-05       2.03e-05       2.17e-05       2.22e-05       2.32e-05       3.19e-05       3.33e-05       3.48e-05       4.39e-05       1.33e-01       3.11e-01       4.81e-01       6.05e-01       7.18e-01       8.05e-01       9.05e-01       9.61e-01
  9.9
   -7.9700   -7.9430   -7.8980   -7.7730   -7.4110   -7.1620   -6.8760   -6.7110   -6.6480   -6.2860   -6.2550   -6.2550   -6.1700   -6.0080   -5.9500   -5.7690   -5.5880   -5.4870   -5.2860    7.0050    7.6240    8.3250    8.4820    8.8910    9.1780    9.6850   10.2580
       2.58e-07       5.21e-07       9.85e-07       2.17e-06       3.58e-06       4.74e-06       6.26e-06       6.84e-06       1.05e-05       1.66e-05       1.84e-05       1.84e-05       1.89e-05       1.99e-05       2.65e-05       2.78e-05       3.50e-05       3.63e-05       4.38e-05       1.33e-01       3.11e-01       4.81e-01       6.05e-01       7.18e-01       8.05e-01       9.05e-01       9.61e-01
 9.95
   -7.8630   -7.8480   -7.7950   -7.6570   -7.2610   -6.9920   -6.7330   -6.6880   -6.6700   -6.2920   -6.2540   -6.2540   -6.1590   -5.9990   -5.9510   -5.7560   -5.5800   -5.4750   -5.2650    6.9950    7.6160    8.3240    8.4820    8.8910    9.1780    9.6850   10.2580
       2.56e-07       5.26e-07       9.97e-07       2.20e-06       3.64e-06       4.82e-06       5.38e-06       1.00e-05       8.93e-06       1.59e-05       1.70e-05       1.70e-05       1.74e-05       1.84e-05       2.47e-05       2.60e-05       3.29e-05       3.42e-05       4.15e-05       1.33e-01       3.11e-01       4.81e-01       6.05e-01       7.18e-01       8.05e-01       9.05e-01       9.61e-01
 10.0
   -7.7570   -7.7550   -7.6920   -7.5420   -7.1100   -6.8220   -6.7540   -6.6920   -6.5000   -6.2990   -6.2540   -6.2510   -6.1480   -5.9900   -5.9500   -5.7400   -5.5710   -5.4650   -5.2440    6.9860    7.6090    8.3250    8.4820    8.8910    9.1780    9.6850   10.2580
       2.59e-07       5.34e-07       1.01e-06       2.24e-06       3.69e-06       5.43e-06       4.23e-06       8.87e-06       9.54e-06       1.52e-05       1.53e-05       1.54e-05       1.57e-05       1.66e-05       2.28e-05       2.40e-05       3.07e-05       3.18e-05       3.89e-05       1.33e-01       3.11e-01       4.81e-01       6.05e-01       7.18e-01       8.05e-01       9.05e-01       9.61e-01
10.05
   -7.5950   -7.5590   -7.5190   -7.4500   -7.1030   -6.7750   -6.7150   -6.6690   -6.5070   -6.3060   -6.2570   -6.1690   -5.9490   -5.8900   -5.6350   -5.5620   -5.3810   -5.2220    6.9760    7.6000    8.3230    8.4820    8.8910    9.1780    9.6850   10.2580
       3.24e-07       6.19e-07       1.65e-06       1.92e-06       3.64e-06       4.16e-06       7.47e-06       8.66e-06       9.00e-06       1.45e-05       1.46e-05       1.52e-05       2.11e-05       2.22e-05       2.34e-05       2.98e-05       3.09e-05       3.78e-05       1.33e-01       3.11e-01       4.81e-01       6.05e-01       7.18e-01       8.05e-01       9.05e-01       9.61e-01
10.15
   -7.3970   -7.3370   -7.1240   -6.8150   -6.7630   -6.6940   -6.5390   -6.3900   -6.2890   -6.0350   -5.9930   -5.7410   -5.7200   -5.4980   -5.3720   -5.2150   -5.1290    6.9500    7.5780    8.3220    8.4820    8.8910    9.1780    9.6850   10.2580
       4.11e-07       1.11e-06       2.46e-06       2.85e-06       5.55e-06       6.75e-06       7.09e-06       1.17e-05       1.21e-05       1.67e-05       1.76e-05       1.87e-05       2.37e-05       2.48e-05       2.98e-05       3.10e-05       3.68e-05       1.33e-01       3.11e-01       4.81e-01       6.05e-01       7.18e-01       8.05e-01       9.05e-01       9.61e-01
