 8.05
   -9.2120   -9.1790   -8.9940   -8.9010   -8.9000   -8.8990   -8.8980   -8.8920   -8.8910   -8.8840   -8.8790   -8.8750   -8.8630   -8.8510   -8.8500   -8.8360   -8.8210   -8.8060   -8.7910   -8.7910   -8.7750   -8.7590   -8.7420   -8.7370   -8.7300   -8.7260   -8.7100   -8.6930   -8.6760   -8.6590   -8.6420   -8.6370   -8.6260   -8.6090   -8.6000   -8.5920   -8.5770   -8.5640   -8.5600   -8.5440   -8.5280   -8.5130   -8.5120   -8.4960   -8.4800   -8.4650   -8.4490   -8.4330   -8.4180   -8.4010   -8.3850   -8.3700   -8.3530   -8.3380   -8.3220   -8.3060   -8.3000   -8.2890   -8.2730   -8.2550   -8.2370   -8.2170   -8.1980   -8.1780   -8.1550   -8.1300   -8.1090   -8.1030   -8.0690   -8.0290   -7.9820   -7.9680   -7.9330   -7.8620   -7.7840   -7.3580   -7.1750
       1.35e-08       5.09e-08       1.25e-07       1.42e-07       1.60e-07       1.77e-07       1.94e-07       2.12e-07       2.29e-07       2.47e-07       2.73e-07       2.90e-07       3.08e-07       3.42e-07       3.60e-07       3.78e-07       3.96e-07       4.13e-07       4.65e-07       4.65e-07       4.83e-07       5.02e-07       5.20e-07       5.93e-07       6.36e-07       6.54e-07       6.72e-07       6.90e-07       7.09e-07       7.27e-07       7.46e-07       7.79e-07       7.98e-07       8.17e-07       8.33e-07       8.52e-07       8.70e-07       8.87e-07       9.06e-07       9.24e-07       9.43e-07       1.00e-06       1.02e-06       1.04e-06       1.06e-06       1.08e-06       1.10e-06       1.11e-06       1.13e-06       1.15e-06       1.17e-06       1.19e-06       1.21e-06       1.23e-06       1.25e-06       1.27e-06       1.32e-06       1.33e-06       1.35e-06       1.38e-06       1.40e-06       1.42e-06       1.44e-06       1.46e-06       1.48e-06       1.50e-06       1.53e-06       1.55e-06       1.57e-06       1.60e-06       1.62e-06       1.64e-06       1.67e-06       1.69e-06       1.71e-06       1.73e-06       1.74e-06
  8.1
   -9.1480   -8.9760   -8.7470   -8.7460   -8.7450   -8.7430   -8.7410   -8.7380   -8.7350   -8.7280   -8.7270   -8.7180   -8.7080   -8.6960   -8.6920   -8.6840   -8.6720   -8.6580   -8.6550   -8.6440   -8.6300   -8.6280   -8.6160   -8.6020   -8.5880   -8.5800   -8.5740   -8.5590   -8.5500   -8.5440   -8.5300   -8.5190   -8.5150   -8.5130   -8.5010   -8.4870   -8.4870   -8.4730   -8.4590   -8.4450   -8.4320   -8.4180   -8.4040   -8.3910   -8.3910   -8.3760   -8.3630   -8.3500   -8.3360   -8.3230   -8.3140   -8.3100   -8.2970   -8.2830   -8.2700   -8.2560   -8.2430   -8.2300   -8.2160   -8.2020   -8.1880   -8.1730   -8.1580   -8.1430   -8.1280   -8.1140   -8.1120   -8.0930   -8.0760   -8.0550   -8.0310   -8.0030   -7.9700   -7.9630   -7.9370   -7.8850   -7.6590
       6.14e-08       1.83e-07       2.12e-07       2.40e-07       2.69e-07       3.12e-07       3.40e-07       4.61e-07       4.90e-07       5.19e-07       5.75e-07       6.04e-07       6.33e-07       6.62e-07       7.18e-07       7.48e-07       7.77e-07       8.06e-07       8.76e-07       9.06e-07       9.36e-07       9.70e-07       1.00e-06       1.03e-06       1.06e-06       1.12e-06       1.15e-06       1.18e-06       1.20e-06       1.23e-06       1.26e-06       1.29e-06       1.32e-06       1.41e-06       1.44e-06       1.50e-06       1.50e-06       1.53e-06       1.56e-06       1.59e-06       1.62e-06       1.65e-06       1.68e-06       1.75e-06       1.75e-06       1.78e-06       1.81e-06       1.84e-06       1.87e-06       1.90e-06       1.98e-06       2.01e-06       2.04e-06       2.08e-06       2.11e-06       2.14e-06       2.17e-06       2.20e-06       2.24e-06       2.27e-06       2.30e-06       2.33e-06       2.37e-06       2.40e-06       2.43e-06       2.49e-06       2.53e-06       2.56e-06       2.59e-06       2.63e-06       2.66e-06       2.70e-06       2.73e-06       2.78e-06       2.81e-06       2.85e-06       2.86e-06
 8.15
   -9.0090   -8.7380   -8.7250   -8.6960   -8.6550   -8.6040   -8.6020   -8.5960   -8.5930   -8.5820   -8.5790   -8.5660   -8.5500   -8.5470   -8.5260   -8.5150   -8.5040   -8.4980   -8.4820   -8.4680   -8.4590   -8.4430   -8.4370   -8.4150   -8.4100   -8.3930   -8.3700   -8.3480   -8.3270   -8.3070   -8.2860   -8.2660   -8.2450   -8.2250   -8.2050   -8.1950   -8.1850   -8.1810   -8.1750   -8.1660   -8.1560   -8.1460   -8.1350   -8.1250   -8.1140   -8.1040   -8.0950   -8.0840   -8.0740   -8.0630   -8.0530   -8.0420   -8.0300   -8.0190   -8.0070   -7.9960   -7.9950   -7.9810   -7.9770   -7.9640   -7.9480
       1.89e-07       4.24e-07       4.69e-07       5.14e-07       5.61e-07       6.38e-07       7.15e-07       7.93e-07       8.70e-07       9.49e-07       1.03e-06       1.10e-06       1.18e-06       1.26e-06       1.34e-06       1.41e-06       1.49e-06       1.54e-06       1.62e-06       1.67e-06       1.75e-06       1.84e-06       1.92e-06       2.00e-06       2.17e-06       2.25e-06       2.33e-06       2.42e-06       2.50e-06       2.58e-06       2.66e-06       2.75e-06       2.83e-06       2.91e-06       2.97e-06       3.02e-06       3.06e-06       3.17e-06       3.21e-06       3.25e-06       3.29e-06       3.34e-06       3.38e-06       3.42e-06       3.46e-06       3.51e-06       3.55e-06       3.59e-06       3.64e-06       3.68e-06       3.72e-06       3.77e-06       3.81e-06       3.85e-06       3.90e-06       4.01e-06       4.06e-06       4.10e-06       4.18e-06       4.23e-06       4.27e-06
  8.2
   -9.0460   -9.0290   -8.9180   -8.7150   -8.6930   -8.6900   -8.6630   -8.6430   -8.4580   -8.4540   -8.4520   -8.4440   -8.4410   -8.4310   -8.4260   -8.4190   -8.4040   -8.4030   -8.3950   -8.3880   -8.3760   -8.3710   -8.3520   -8.3350   -8.3170   -8.3000   -8.2830   -8.2660   -8.2490   -8.2440   -8.2320   -8.2160   -8.1990   -8.1830   -8.1800   -8.1660   -8.1490   -8.1410   -8.1330   -8.1240   -8.1160   -8.1070   -8.0990   -8.0900   -8.0810   -8.0720   -8.0630   -8.0560   -8.0470   -8.0390   -8.0290   -8.0190   -8.0100   -8.0000   -7.9900   -7.9800   -7.9700   -7.9640   -7.9580   -7.9450   -7.9310
       8.43e-08       2.04e-07       4.79e-07       5.46e-07       6.14e-07       9.57e-07       1.03e-06       1.09e-06       1.20e-06       1.32e-06       1.43e-06       1.55e-06       1.66e-06       1.78e-06       1.89e-06       2.01e-06       2.13e-06       2.24e-06       2.49e-06       2.61e-06       2.72e-06       2.84e-06       2.96e-06       3.08e-06       3.20e-06       3.32e-06       3.44e-06       3.56e-06       3.68e-06       3.82e-06       3.94e-06       4.06e-06       4.19e-06       4.31e-06       4.47e-06       4.59e-06       4.69e-06       4.75e-06       4.81e-06       4.87e-06       4.93e-06       5.00e-06       5.06e-06       5.12e-06       5.19e-06       5.25e-06       5.31e-06       5.38e-06       5.44e-06       5.50e-06       5.57e-06       5.63e-06       5.70e-06       5.76e-06       5.83e-06       5.89e-06       5.96e-06       6.08e-06       6.14e-06       6.21e-06       6.28e-06
 8.25
   -9.1540   -8.9660   -8.9490   -8.9300   -8.9210   -8.8270   -8.7050   -8.6920   -8.6700   -8.6410   -8.5020   -8.3790   -8.3120   -8.3090   -8.3060   -8.3050   -8.2970   -8.2910   -8.2890   -8.2820   -8.2730   -8.2710   -8.2580   -8.2450   -8.2320   -8.2200   -8.2080   -8.1950   -8.1830   -8.1780   -8.1710   -8.1580   -8.1460   -8.1340   -8.1210   -8.1070   -8.0930   -8.0870   -8.0790   -8.0730   -8.0660   -8.0590   -8.0520   -8.0450   -8.0370   -8.0310   -8.0230   -8.0170   -8.0100   -8.0040   -7.9950   -7.9860   -7.9770   -7.9700   -7.9610   -7.9530   -7.9520   -7.9440   -7.9350   -7.9250   -7.9140
       9.15e-08       2.51e-07       4.09e-07       5.28e-07       6.96e-07       1.08e-06       1.17e-06       1.27e-06       1.37e-06       1.84e-06       2.01e-06       2.36e-06       2.52e-06       2.68e-06       2.84e-06       3.01e-06       3.17e-06       3.33e-06       3.49e-06       3.66e-06       3.82e-06       3.99e-06       4.15e-06       4.32e-06       4.49e-06       4.66e-06       4.83e-06       5.00e-06       5.17e-06       5.39e-06       5.56e-06       5.74e-06       5.91e-06       6.08e-06       6.25e-06       6.43e-06       6.56e-06       6.65e-06       6.73e-06       6.82e-06       6.91e-06       7.00e-06       7.09e-06       7.18e-06       7.27e-06       7.36e-06       7.44e-06       7.53e-06       7.62e-06       7.71e-06       7.80e-06       7.89e-06       7.98e-06       8.07e-06       8.17e-06       8.26e-06       8.43e-06       8.52e-06       8.61e-06       8.70e-06       8.80e-06
  8.3
   -8.8900   -8.8310   -8.8010   -8.7720   -8.6840   -8.5230   -8.2970   -8.2230   -8.2220   -8.2020   -8.1730   -8.1380   -8.1000   -8.0880   -8.0530   -8.0010   -7.9880   -7.9320   -7.8520
       5.11e-07       8.05e-07       8.85e-07       1.04e-06       1.36e-06       1.75e-06       2.06e-06       2.59e-06       3.12e-06       3.65e-06       4.19e-06       4.73e-06       5.28e-06       5.47e-06       6.02e-06       6.37e-06       6.65e-06       7.13e-06       7.72e-06
 8.35
   -8.8100   -8.7460   -8.7170   -8.6890   -8.6020   -8.4500   -8.2540   -8.1720   -8.1710   -8.1560   -8.1470   -8.1300   -8.0930   -8.0530   -8.0450   -7.9850   -7.9680   -7.8920   -7.7790
       3.79e-07       5.98e-07       6.64e-07       7.92e-07       1.05e-06       1.36e-06       1.61e-06       2.01e-06       2.41e-06       2.80e-06       3.19e-06       3.59e-06       4.00e-06       4.15e-06       4.56e-06       4.82e-06       5.03e-06       5.38e-06       5.84e-06
  8.4
   -8.7360   -8.6850   -8.6590   -8.5630   -8.4600   -8.3540   -8.2330   -8.1330   -8.1260   -8.1060   -8.0940   -8.0440   -8.0340   -8.0150   -7.9670   -7.9140   -7.8720   -7.8490   -7.8230   -7.7990   -7.7730   -7.7480   -7.7220   -7.5520   -7.0170   -6.4570
       2.74e-07       4.10e-07       5.40e-07       7.08e-07       8.76e-07       1.04e-06       1.21e-06       1.55e-06       1.85e-06       2.26e-06       2.58e-06       2.76e-06       3.13e-06       3.18e-06       3.38e-06       3.50e-06       3.57e-06       3.62e-06       3.66e-06       3.71e-06       3.76e-06       3.80e-06       3.85e-06       3.90e-06       3.95e-06       4.04e-06
 8.45
   -9.3380   -9.2690   -9.2230   -9.1870   -9.1650   -9.1360   -9.1060   -9.0760   -9.0430   -9.0080   -8.8430   -8.8380   -8.8240   -8.7870   -8.6460   -8.5940   -8.5620   -8.4670   -8.3480   -8.3090   -8.2140   -8.0740   -8.0250   -7.8690   -7.5430   -6.8020
       1.14e-06       1.78e-06       2.13e-06       2.35e-06       2.49e-06       2.63e-06       2.78e-06       2.92e-06       3.07e-06       3.22e-06       4.28e-06       5.55e-06       6.47e-06       7.46e-06       8.30e-06       8.73e-06       9.07e-06       9.48e-06       9.88e-06       1.00e-05       1.04e-05       1.08e-05       1.10e-05       1.14e-05       1.16e-05       1.17e-05
  8.5
   -9.1990   -9.1890   -9.1680   -9.1360   -9.0790   -9.0300   -8.9960   -8.9670   -8.9510   -8.9300   -8.9090   -8.8860   -8.8610   -8.8550   -8.8480   -8.8280   -8.5770   -8.5100   -8.4670   -8.3720   -8.2340   -8.0810   -8.0740   -7.9130   -7.6950   -7.1420
       1.83e-06       3.52e-06       5.48e-06       7.84e-06       9.94e-06       1.11e-05       1.18e-05       1.22e-05       1.24e-05       1.27e-05       1.30e-05       1.32e-05       1.35e-05       1.38e-05       1.41e-05       1.43e-05       1.59e-05       1.67e-05       1.73e-05       1.80e-05       1.87e-05       1.90e-05       1.97e-05       2.04e-05       2.11e-05       2.14e-05
 8.55
   -8.9650   -8.9420   -8.9190   -8.9030   -8.8830   -8.8600   -8.8260   -8.7980   -8.7780   -8.7590   -8.7480   -8.7370   -8.7250   -8.7100   -8.6920   -8.6650   -8.6200   -8.5500   -8.5170   -8.3730   -8.2770   -8.1200   -7.9330   -7.7530   -7.5950   -7.5210
       2.45e-06       3.67e-06       6.52e-06       9.18e-06       1.22e-05       1.59e-05       1.92e-05       2.11e-05       2.21e-05       2.27e-05       2.31e-05       2.35e-05       2.40e-05       2.44e-05       2.48e-05       2.52e-05       2.57e-05       2.61e-05       2.65e-05       2.75e-05       2.85e-05       2.96e-05       3.07e-05       3.17e-05       3.21e-05       3.33e-05
  8.6
   -8.8380   -8.7860   -8.7800   -8.7310   -8.7080   -8.6860   -8.6630   -8.6140   -8.5070   -8.4800   -8.2260   -8.2040   -8.1630   -8.1200   -8.0700   -7.9850   -7.8680   -7.7370   -7.5910   -7.3920   -7.2580   -7.1720   -7.0840
       4.27e-06       6.62e-06       6.96e-06       1.10e-05       1.48e-05       1.84e-05       2.17e-05       2.44e-05       2.60e-05       2.70e-05       2.73e-05       2.78e-05       2.83e-05       2.87e-05       2.92e-05       2.99e-05       3.07e-05       3.18e-05       3.30e-05       3.40e-05       3.45e-05       3.48e-05       3.54e-05
 8.65
   -8.7460   -8.6890   -8.6540   -8.6480   -8.6440   -8.6410   -8.5810   -8.5630   -8.5450   -8.5130   -8.4990   -8.3960   -8.0550   -8.0110   -7.9570   -7.8470   -7.6900   -7.5590   -7.4100   -7.2010   -7.0630   -6.9740   -6.8850
       3.77e-06       7.72e-06       9.99e-06       1.05e-05       1.10e-05       1.17e-05       1.52e-05       1.85e-05       2.15e-05       2.24e-05       2.50e-05       2.64e-05       2.72e-05       2.78e-05       2.85e-05       2.95e-05       3.07e-05       3.23e-05       3.41e-05       3.54e-05       3.62e-05       3.67e-05       3.75e-05
  8.7
   -8.6310   -8.5810   -8.5480   -8.5220   -8.5170   -8.5130   -8.5090   -8.4410   -8.4260   -8.3830   -8.3500   -7.9470   -7.9050   -7.9030   -7.8460   -7.7100   -7.5130   -7.3840   -7.2300   -7.0090   -6.8680   -6.7780   -6.6870
       3.13e-06       6.47e-06       9.97e-06       1.21e-05       1.28e-05       1.35e-05       1.44e-05       1.73e-05       2.00e-05       2.23e-05       2.35e-05       2.45e-05       2.53e-05       2.62e-05       2.73e-05       2.85e-05       3.02e-05       3.24e-05       3.48e-05       3.67e-05       3.77e-05       3.84e-05       3.96e-05
 8.75
   -8.4970   -8.4550   -8.4270   -8.4110   -8.3910   -8.3860   -8.3820   -8.3770   -8.3690   -8.3070   -8.3010   -8.2680   -7.7940   -7.7340   -7.5720   -7.5670   -7.3410   -7.2080   -7.0490   -6.8150   -6.6730   -6.5810   -6.4890
       2.41e-06       4.99e-06       7.75e-06       1.06e-05       1.26e-05       1.35e-05       1.44e-05       1.56e-05       1.69e-05       1.91e-05       2.02e-05       2.20e-05       2.32e-05       2.46e-05       2.62e-05       2.69e-05       2.91e-05       3.20e-05       3.52e-05       3.77e-05       3.91e-05       4.00e-05       4.15e-05
  8.8
   -8.3450   -8.3010   -8.2730   -8.2630   -8.2540   -8.2460   -8.1760   -8.1200   -7.6720   -7.5960   -7.4270   -7.2110   -7.0960   -7.0060   -6.8160   -6.6860   -6.5550   -6.4170   -6.2550
       4.53e-06       9.04e-06       1.23e-05       1.40e-05       1.53e-05       1.67e-05       1.99e-05       2.15e-05       2.31e-05       2.49e-05       2.67e-05       2.86e-05       3.06e-05       3.35e-05       3.65e-05       3.85e-05       4.05e-05       4.25e-05       4.48e-05
 8.85
   -8.2500   -8.2020   -8.1710   -8.1540   -8.1420   -8.1390   -8.0850   -7.5810   -7.5190   -7.4280   -7.2380   -7.0260   -6.9020   -6.7980   -6.5650   -6.4250   -6.2840   -6.1380   -5.9770
       4.96e-06       9.88e-06       1.34e-05       1.54e-05       1.69e-05       1.87e-05       2.22e-05       2.38e-05       2.56e-05       2.75e-05       2.96e-05       3.18e-05       3.40e-05       3.74e-05       4.07e-05       4.30e-05       4.53e-05       4.75e-05       5.01e-05
  8.9
   -8.2000   -8.1600   -8.1080   -8.0690   -8.0460   -8.0290   -7.9950   -7.4380   -7.3640   -7.2590   -7.0500   -6.8420   -6.7080   -6.5820   -6.3150   -6.1640   -6.0130   -5.8600   -5.7030
       1.94e-06       7.34e-06       1.27e-05       1.67e-05       1.89e-05       2.06e-05       2.44e-05       2.62e-05       2.82e-05       3.04e-05       3.28e-05       3.52e-05       3.77e-05       4.15e-05       4.53e-05       4.79e-05       5.04e-05       5.30e-05       5.59e-05
 8.95
   -8.0420   -7.9750   -7.9490   -7.3790   -7.2120   -6.9520   -6.6390   -6.4260   -6.2180   -6.0020   -5.7810   -5.5650
       7.44e-06       1.32e-05       2.04e-05       2.45e-05       2.87e-05       3.29e-05       3.71e-05       4.13e-05       4.55e-05       4.97e-05       5.38e-05       5.87e-05
  9.0
   -8.1240   -7.9770   -7.8900   -7.2340   -7.0190   -6.7110   -6.4220   -6.2050   -5.9910   -5.7750   -5.5590   -5.3590
       7.55e-06       1.54e-05       2.17e-05       2.62e-05       3.08e-05       3.54e-05       4.00e-05       4.46e-05       4.92e-05       5.38e-05       5.84e-05       6.36e-05
 9.05
   -8.0100   -7.9090   -7.8180   -7.1480   -7.0900   -6.7770   -6.4060   -6.1160   -5.8620   -5.6140   -5.3720   -5.1610
       6.84e-06       1.38e-05       2.02e-05       2.48e-05       3.04e-05       3.61e-05       4.18e-05       4.75e-05       5.33e-05       5.89e-05       6.44e-05       7.06e-05
  9.1
   -8.1050   -8.0250   -7.8810   -7.8300   -7.6540   -7.5170   -7.3470   -6.7450   -6.3620   -6.0990   -5.8550
       3.48e-06       1.11e-05       1.78e-05       2.49e-05       3.14e-05       3.81e-05       4.48e-05       5.15e-05       5.82e-05       6.46e-05       7.45e-05
 9.15
   -8.1080   -8.0980   -7.9520   -7.6600   -7.5280   -7.3710   -6.8130   -6.5570   -6.1930   -5.9530   -5.7450
       7.72e-06       1.17e-05       2.05e-05       2.82e-05       3.47e-05       4.13e-05       4.79e-05       5.45e-05       6.11e-05       6.74e-05       7.72e-05
  9.2
   -8.1310   -7.9930   -7.9350   -7.6230   -7.4700   -7.2900   -6.7250   -6.4540
       4.24e-06       1.51e-05       2.37e-05       3.23e-05       3.84e-05       4.45e-05       5.05e-05       5.60e-05
 9.25
   -8.1280   -7.9440   -7.8810   -7.5630   -7.4080   -6.9580   -6.7050   -6.4850
       3.78e-06       1.20e-05       1.89e-05       2.53e-05       2.97e-05       3.40e-05       3.80e-05       4.26e-05
  9.3
   -8.0410   -8.0260   -7.9810   -7.5090   -7.3710   -6.9520   -6.7530   -6.5700
       1.43e-06       5.79e-06       1.45e-05       2.05e-05       2.36e-05       2.66e-05       2.95e-05       3.28e-05
 9.35
   -8.0030   -7.9940   -7.9510   -7.4510   -7.3120   -6.8850   -6.6890   -6.5040
       1.31e-06       5.29e-06       1.32e-05       1.86e-05       2.12e-05       2.38e-05       2.62e-05       2.89e-05
  9.4
   -7.9870   -7.8930   -7.3750   -7.0090   -6.8330   -6.6640   -6.5080
       5.20e-06       1.31e-05       1.82e-05       2.04e-05       2.26e-05       2.47e-05       2.71e-05
 9.45
   -7.9300   -7.8080   -7.1170   -6.9270   -6.7410   -6.5690
       5.08e-06       1.22e-05       1.71e-05       1.94e-05       2.16e-05       2.42e-05
  9.5
   -7.8950   -7.7760   -7.1220   -6.9330   -6.7490   -6.5790
       4.70e-06       1.13e-05       1.58e-05       1.80e-05       2.02e-05       2.27e-05
 9.55
   -7.8540   -7.7280   -7.0930   -6.9000   -6.7110   -6.5360
       4.16e-06       1.05e-05       1.48e-05       1.69e-05       1.89e-05       2.13e-05
 9.65
   -7.8190   -7.4030   -7.2830   -6.9110   -6.6680   -6.4340
       3.56e-06       7.81e-06       9.85e-06       1.31e-05       1.52e-05       1.78e-05
  9.7
   -7.8250   -7.6370   -7.1910   -6.7270   -6.5360   -6.3550
       1.88e-06       5.18e-06       9.14e-06       1.20e-05       1.36e-05       1.56e-05
 9.75
   -7.6000   -7.5930   -7.5400   -7.5220   -7.4890   -7.3950   -7.2930   -7.2730   -6.8980   -6.5700   -6.3460
       6.22e-07       9.48e-07       1.15e-06       2.68e-06       2.87e-06       3.05e-06       3.15e-06       5.82e-06       8.65e-06       1.08e-05       1.27e-05
  9.8
   -7.5360   -7.5300   -7.5100   -7.4850   -7.4540   -7.2100   -7.1960   -6.8510   -6.5800   -6.5370   -6.3150
       2.96e-07       8.65e-07       1.05e-06       1.22e-06       2.65e-06       5.14e-06       5.29e-06       7.91e-06       8.01e-06       1.00e-05       1.19e-05
  9.9
   -7.4090   -7.3910   -7.3480   -7.2250   -6.8670   -6.6370   -6.3770
       3.78e-07       7.64e-07       1.44e-06       3.18e-06       5.25e-06       6.95e-06       9.18e-06
 9.95
   -7.3070   -7.2980   -7.2450   -7.1090   -6.7210   -6.4740   -6.1980
       3.84e-07       7.89e-07       1.49e-06       3.30e-06       5.46e-06       7.23e-06       8.89e-06
 10.0
   -7.2050   -7.2050   -7.1430   -6.9950   -6.5760   -6.3110   -6.0200
       8.20e-07       8.20e-07       1.55e-06       3.43e-06       5.67e-06       7.51e-06       8.52e-06
10.05
   -7.0470   -7.0250   -6.9720   -6.9690   -6.5700   -6.1730   -6.0260
       5.07e-07       9.70e-07       2.58e-06       3.01e-06       5.70e-06       7.56e-06       8.09e-06
10.15
   -6.8670   -6.7990   -6.5930   -6.3930   -6.1980   -6.0570
       6.71e-07       1.81e-06       4.02e-06       4.64e-06       6.60e-06       7.15e-06
