 8.05
   -6.7930   -6.7650   -6.7640   -6.7630   -6.7630   -6.7600   -6.7570   -6.7550   -6.7490   -6.7430   -6.7400   -6.7280   -6.7160   -6.7160   -6.7020   -6.6890   -6.6740   -6.6590   -6.6580   -6.6430   -6.6280   -6.6120   -6.5990   -6.5970   -6.5810   -6.5760   -6.5640   -6.5480   -6.5320   -6.5160   -6.5080   -6.5000   -6.4830   -6.4720   -6.4670   -6.4520   -6.4370   -6.4370   -6.4210   -6.4060   -6.3900   -6.3750   -6.3590   -6.3440   -6.3290   -6.3190   -6.3140   -6.2990   -6.2830   -6.2680   -6.2530   -6.2370   -6.2220   -6.2070   -6.1920   -6.1760   -6.1600   -6.1430   -6.1250   -6.1070   -6.0960   -6.0880   -6.0690   -6.0470   -6.0230   -5.9970   -5.9650   -5.9270   -5.8830   -5.8810   -5.8330   -5.7630   -5.6930   -5.6860   -5.5510   -5.2670   -4.8000
       1.16e-07       2.65e-07       4.13e-07       7.11e-07       7.11e-07       1.03e-06       1.18e-06       1.33e-06       1.48e-06       1.70e-06       1.85e-06       2.00e-06       2.45e-06       2.45e-06       2.60e-06       2.76e-06       2.91e-06       3.06e-06       3.35e-06       3.51e-06       3.66e-06       3.82e-06       4.18e-06       4.34e-06       4.50e-06       5.13e-06       5.29e-06       5.45e-06       5.61e-06       5.77e-06       6.05e-06       6.21e-06       6.37e-06       6.51e-06       6.67e-06       6.83e-06       7.13e-06       7.13e-06       7.29e-06       7.46e-06       7.62e-06       7.78e-06       7.94e-06       8.11e-06       8.27e-06       8.90e-06       9.06e-06       9.23e-06       9.39e-06       9.56e-06       9.72e-06       9.89e-06       1.01e-05       1.02e-05       1.04e-05       1.06e-05       1.07e-05       1.09e-05       1.11e-05       1.13e-05       1.17e-05       1.19e-05       1.21e-05       1.23e-05       1.24e-05       1.26e-05       1.28e-05       1.30e-05       1.34e-05       1.36e-05       1.37e-05       1.39e-05       1.42e-05       1.44e-05       1.46e-05       1.48e-05       1.49e-05
  8.1
   -6.8120   -6.7040   -6.7030   -6.7010   -6.6990   -6.6980   -6.6920   -6.6850   -6.6840   -6.6760   -6.6660   -6.6550   -6.6500   -6.6430   -6.6410   -6.6310   -6.6180   -6.6130   -6.6050   -6.5910   -6.5770   -6.5640   -6.5500   -6.5410   -6.5370   -6.5230   -6.5110   -6.5080   -6.4940   -6.4810   -6.4800   -6.4670   -6.4530   -6.4500   -6.4400   -6.4260   -6.4140   -6.4130   -6.4030   -6.4000   -6.3860   -6.3730   -6.3600   -6.3460   -6.3340   -6.3210   -6.3080   -6.2950   -6.2830   -6.2700   -6.2570   -6.2440   -6.2310   -6.2180   -6.2060   -6.1920   -6.1790   -6.1790   -6.1790   -6.1650   -6.1510   -6.1370   -6.1220   -6.1080   -6.0920   -6.0750   -6.0580   -6.0380   -6.0150   -5.9890   -5.9790   -5.9570   -5.9250   -5.8740   -5.7800   -5.6300   -5.3600
       4.61e-07       6.75e-07       8.89e-07       1.10e-06       1.42e-06       1.64e-06       1.86e-06       2.07e-06       2.49e-06       2.71e-06       2.93e-06       3.15e-06       3.57e-06       3.79e-06       4.70e-06       4.92e-06       5.14e-06       5.67e-06       5.89e-06       6.11e-06       6.34e-06       6.56e-06       6.79e-06       7.20e-06       7.43e-06       7.66e-06       7.86e-06       8.09e-06       8.31e-06       8.51e-06       8.74e-06       8.97e-06       9.20e-06       9.37e-06       9.60e-06       9.83e-06       1.01e-05       1.03e-05       1.12e-05       1.15e-05       1.17e-05       1.19e-05       1.22e-05       1.24e-05       1.26e-05       1.29e-05       1.31e-05       1.33e-05       1.36e-05       1.38e-05       1.41e-05       1.43e-05       1.45e-05       1.48e-05       1.50e-05       1.53e-05       1.64e-05       1.64e-05       1.64e-05       1.67e-05       1.69e-05       1.72e-05       1.74e-05       1.77e-05       1.79e-05       1.82e-05       1.85e-05       1.87e-05       1.90e-05       1.92e-05       1.98e-05       2.01e-05       2.03e-05       2.06e-05       2.10e-05       2.14e-05       2.15e-05
 8.15
   -6.7570   -6.6520   -6.6500   -6.6440   -6.6420   -6.6320   -6.6270   -6.6150   -6.6000   -6.5970   -6.5950   -6.5780   -6.5660   -6.5660   -6.5570   -6.5350   -6.5270   -6.5190   -6.5130   -6.4950   -6.4920   -6.4870   -6.4700   -6.4490   -6.4280   -6.4060   -6.3860   -6.3720   -6.3660   -6.3460   -6.3270   -6.3070   -6.2870   -6.2690   -6.2590   -6.2500   -6.2400   -6.2310   -6.2220   -6.2120   -6.2020   -6.1920   -6.1820   -6.1720   -6.1630   -6.1590   -6.1530   -6.1430   -6.1330   -6.1230   -6.1120   -6.1020   -6.0910   -6.0800   -6.0680   -6.0540   -6.0390   -6.0230   -5.9300   -5.8750   -5.7270
       1.26e-06       1.77e-06       2.29e-06       2.81e-06       3.32e-06       3.84e-06       4.35e-06       4.88e-06       5.39e-06       5.91e-06       6.21e-06       6.74e-06       7.56e-06       7.56e-06       8.09e-06       8.62e-06       8.93e-06       9.31e-06       9.84e-06       1.04e-05       1.09e-05       1.25e-05       1.30e-05       1.36e-05       1.41e-05       1.47e-05       1.52e-05       1.55e-05       1.61e-05       1.66e-05       1.72e-05       1.77e-05       1.83e-05       1.87e-05       1.90e-05       1.92e-05       1.95e-05       1.98e-05       2.01e-05       2.04e-05       2.07e-05       2.09e-05       2.12e-05       2.15e-05       2.18e-05       2.29e-05       2.32e-05       2.35e-05       2.38e-05       2.41e-05       2.44e-05       2.47e-05       2.50e-05       2.53e-05       2.55e-05       2.58e-05       2.61e-05       2.64e-05       2.72e-05       2.79e-05       2.85e-05
  8.2
   -6.8760   -6.8590   -6.7500   -6.6690   -6.6480   -6.6180   -6.6000   -6.5980   -6.5940   -6.5930   -6.5850   -6.5820   -6.5730   -6.5670   -6.5610   -6.5470   -6.5440   -6.5310   -6.5220   -6.5180   -6.5150   -6.4970   -6.4800   -6.4640   -6.4470   -6.4310   -6.4140   -6.3980   -6.3820   -6.3660   -6.3500   -6.3350   -6.3190   -6.3020   -6.2940   -6.2870   -6.2780   -6.2710   -6.2620   -6.2540   -6.2460   -6.2370   -6.2290   -6.2270   -6.2200   -6.2130   -6.2050   -6.2040   -6.1970   -6.1880   -6.1780   -6.1690   -6.1600   -6.1510   -6.1410   -6.1320   -6.1200   -6.1080   -6.0950   -6.0120   -5.7970
       5.05e-07       1.22e-06       2.87e-06       3.28e-06       3.68e-06       4.09e-06       4.48e-06       5.17e-06       5.86e-06       6.55e-06       7.25e-06       7.93e-06       8.63e-06       9.31e-06       1.00e-05       1.07e-05       1.14e-05       1.21e-05       1.42e-05       1.48e-05       1.56e-05       1.63e-05       1.70e-05       1.77e-05       1.84e-05       1.91e-05       1.99e-05       2.06e-05       2.13e-05       2.21e-05       2.28e-05       2.35e-05       2.43e-05       2.48e-05       2.52e-05       2.56e-05       2.60e-05       2.63e-05       2.67e-05       2.71e-05       2.75e-05       2.79e-05       2.82e-05       2.97e-05       3.01e-05       3.05e-05       3.09e-05       3.17e-05       3.21e-05       3.25e-05       3.28e-05       3.32e-05       3.36e-05       3.40e-05       3.44e-05       3.48e-05       3.52e-05       3.56e-05       3.60e-05       3.69e-05       3.77e-05
 8.25
   -7.2000   -6.8790   -6.8620   -6.8440   -6.8340   -6.7440   -6.7420   -6.7310   -6.7100   -6.5560   -6.5460   -6.5450   -6.5420   -6.5400   -6.5380   -6.5310   -6.5250   -6.5220   -6.5160   -6.5070   -6.5060   -6.4940   -6.4810   -6.4690   -6.4570   -6.4450   -6.4330   -6.4220   -6.4100   -6.3980   -6.3860   -6.3750   -6.3620   -6.3490   -6.3360   -6.3300   -6.3230   -6.3160   -6.3100   -6.3030   -6.2970   -6.2950   -6.2900   -6.2830   -6.2760   -6.2690   -6.2630   -6.2570   -6.2510   -6.2430   -6.2340   -6.2250   -6.2180   -6.2110   -6.2030   -6.1940   -6.1860   -6.1770   -6.1660   -6.0940   -5.8680
       4.99e-07       1.37e-06       2.23e-06       2.88e-06       3.79e-06       4.31e-06       6.40e-06       6.92e-06       7.45e-06       1.01e-05       1.09e-05       1.18e-05       1.27e-05       1.36e-05       1.45e-05       1.54e-05       1.63e-05       1.72e-05       1.81e-05       1.89e-05       1.98e-05       2.07e-05       2.17e-05       2.26e-05       2.35e-05       2.44e-05       2.54e-05       2.63e-05       2.72e-05       2.82e-05       2.91e-05       3.00e-05       3.10e-05       3.19e-05       3.27e-05       3.31e-05       3.36e-05       3.41e-05       3.46e-05       3.51e-05       3.55e-05       3.75e-05       3.79e-05       3.84e-05       3.89e-05       3.94e-05       3.99e-05       4.04e-05       4.09e-05       4.14e-05       4.18e-05       4.23e-05       4.28e-05       4.33e-05       4.38e-05       4.43e-05       4.48e-05       4.53e-05       4.59e-05       4.71e-05       4.80e-05
  8.3
   -6.8860   -6.8290   -6.7990   -6.7700   -6.6820   -6.5470   -6.5460   -6.5270   -6.5220   -6.4990   -6.4660   -6.4300   -6.3850   -6.3360   -6.3230   -6.2960   -6.2700   -6.1940   -6.0870
       2.56e-06       4.02e-06       4.43e-06       5.22e-06       6.80e-06       9.46e-06       1.21e-05       1.48e-05       1.67e-05       1.94e-05       2.21e-05       2.48e-05       2.76e-05       2.93e-05       3.07e-05       3.23e-05       3.47e-05       3.76e-05       3.86e-05
 8.35
   -6.8890   -6.8270   -6.7980   -6.7700   -6.6840   -6.5850   -6.5850   -6.5710   -6.5610   -6.5460   -6.5320   -6.5100   -6.4650   -6.4080   -6.3910   -6.3370   -6.3190   -6.2120   -6.1360
       1.75e-06       2.76e-06       3.06e-06       3.66e-06       4.83e-06       8.48e-06       8.48e-06       1.03e-05       1.21e-05       1.40e-05       1.54e-05       1.73e-05       1.92e-05       2.04e-05       2.13e-05       2.25e-05       2.41e-05       2.62e-05       2.69e-05
  8.4
   -6.8970   -6.8480   -6.8230   -6.7280   -6.6360   -6.6290   -6.6250   -6.6110   -6.5980   -6.5430   -6.5190   -6.4790   -6.4280   -6.3990   -6.3870   -6.3650   -6.3410   -6.3180   -6.2940   -6.2700   -6.2460   -6.2100   -6.0800   -5.7300   -5.2100   -4.6530
       1.17e-06       1.76e-06       2.31e-06       3.04e-06       4.51e-06       5.78e-06       6.50e-06       8.27e-06       9.64e-06       1.12e-05       1.19e-05       1.28e-05       1.33e-05       1.40e-05       1.43e-05       1.45e-05       1.47e-05       1.49e-05       1.51e-05       1.53e-05       1.55e-05       1.63e-05       1.65e-05       1.67e-05       1.69e-05       1.73e-05
 8.45
   -7.7170   -7.6500   -7.6040   -7.5690   -7.5470   -7.5190   -7.4900   -7.4600   -7.4290   -7.3940   -7.2180   -7.2140   -7.1990   -7.1630   -6.8880   -6.8390   -6.8090   -6.7150   -6.6930   -6.5960   -6.4630   -6.3570   -6.3230   -6.1190   -5.8090   -5.0820
       4.54e-06       7.11e-06       8.53e-06       9.39e-06       9.96e-06       1.05e-05       1.11e-05       1.17e-05       1.23e-05       1.29e-05       1.71e-05       2.22e-05       2.59e-05       2.98e-05       3.32e-05       3.49e-05       3.63e-05       3.79e-05       3.85e-05       4.01e-05       4.17e-05       4.23e-05       4.39e-05       4.57e-05       4.62e-05       4.70e-05
  8.5
   -7.6650   -7.6550   -7.6360   -7.6040   -7.5490   -7.5020   -7.4680   -7.4410   -7.4250   -7.4050   -7.3840   -7.3620   -7.3370   -7.3280   -7.3230   -7.3060   -6.9320   -6.8510   -6.8080   -6.7030   -6.5660   -6.5530   -6.4060   -6.2460   -6.0280   -5.4920
       6.85e-06       1.32e-05       2.06e-05       2.94e-05       3.73e-05       4.17e-05       4.42e-05       4.57e-05       4.67e-05       4.76e-05       4.86e-05       4.96e-05       5.07e-05       5.17e-05       5.28e-05       5.38e-05       5.96e-05       6.26e-05       6.49e-05       6.75e-05       7.01e-05       7.11e-05       7.37e-05       7.63e-05       7.91e-05       8.02e-05
 8.55
   -7.4760   -7.4610   -7.4430   -7.4210   -7.4130   -7.3890   -7.3710   -7.3630   -7.3430   -7.3250   -7.3140   -7.3040   -7.2920   -7.2780   -7.2610   -7.2350   -7.1910   -7.1240   -7.0890   -6.7960   -6.6920   -6.5360   -6.3490   -6.1690   -6.0600   -5.9370
       1.01e-05       1.95e-05       3.03e-05       4.33e-05       5.19e-05       6.35e-05       6.78e-05       7.44e-05       7.80e-05       8.02e-05       8.16e-05       8.31e-05       8.46e-05       8.60e-05       8.75e-05       8.90e-05       9.06e-05       9.21e-05       9.36e-05       9.70e-05       1.01e-04       1.04e-04       1.08e-04       1.12e-04       1.13e-04       1.17e-04
  8.6
   -7.3780   -7.3780   -7.3560   -7.3360   -7.3140   -7.2940   -7.2880   -7.2690   -7.1680   -7.1380   -6.7280   -6.7030   -6.6610   -6.6180   -6.5680   -6.4830   -6.3670   -6.2360   -6.0900   -5.8920   -5.7580   -5.6710   -5.5840
       2.78e-05       2.78e-05       4.05e-05       5.23e-05       6.33e-05       7.11e-05       7.23e-05       8.14e-05       8.66e-05       8.99e-05       9.10e-05       9.25e-05       9.42e-05       9.56e-05       9.74e-05       9.95e-05       1.02e-04       1.06e-04       1.10e-04       1.13e-04       1.15e-04       1.16e-04       1.18e-04
 8.65
   -7.3640   -7.3170   -7.3000   -7.2970   -7.2840   -7.2490   -7.2440   -7.2410   -7.2380   -7.2300   -7.2240   -7.1460   -6.6370   -6.5930   -6.5390   -6.4290   -6.2730   -6.1420   -5.9930   -5.7840   -5.6470   -5.5580   -5.4690
       1.19e-05       2.31e-05       3.34e-05       4.59e-05       5.56e-05       5.85e-05       6.56e-05       7.36e-05       7.52e-05       7.68e-05       7.89e-05       8.35e-05       8.57e-05       8.77e-05       9.02e-05       9.31e-05       9.69e-05       1.02e-04       1.08e-04       1.12e-04       1.14e-04       1.16e-04       1.19e-04
  8.7
   -7.3150   -7.2770   -7.2660   -7.2520   -7.2260   -7.2140   -7.1950   -7.1890   -7.1870   -7.1800   -7.1760   -6.7230   -6.6120   -6.5680   -6.5100   -6.3750   -6.1780   -6.0500   -5.8970   -5.6760   -5.5350   -5.4440   -5.3540
       9.40e-06       1.94e-05       2.81e-05       3.62e-05       4.68e-05       5.35e-05       5.99e-05       6.37e-05       6.58e-05       6.78e-05       7.06e-05       7.30e-05       7.60e-05       7.86e-05       8.18e-05       8.56e-05       9.06e-05       9.72e-05       1.04e-04       1.10e-04       1.13e-04       1.15e-04       1.19e-04
 8.75
   -7.2690   -7.2280   -7.2260   -7.2210   -7.1890   -7.1860   -7.1670   -7.1460   -7.1370   -7.1320   -7.1270   -7.1190   -6.5420   -6.4820   -6.4710   -6.3210   -6.0900   -5.9570   -5.7990   -5.5650   -5.4230   -5.3310   -5.2390
       6.87e-06       9.89e-06       1.73e-05       2.37e-05       3.15e-05       3.69e-05       4.51e-05       5.06e-05       5.32e-05       5.58e-05       5.92e-05       6.30e-05       6.62e-05       7.02e-05       7.21e-05       7.69e-05       8.32e-05       9.15e-05       1.01e-04       1.08e-04       1.12e-04       1.14e-04       1.19e-04
  8.8
   -7.1930   -7.1800   -7.1380   -7.1320   -7.1070   -7.0960   -7.0880   -7.0790   -6.5040   -6.4280   -6.2590   -6.0440   -5.9300   -5.8400   -5.6490   -5.5200   -5.3880   -5.2500   -5.0890
       1.24e-05       2.11e-05       3.34e-05       3.78e-05       4.66e-05       5.13e-05       5.50e-05       5.88e-05       6.31e-05       6.79e-05       7.29e-05       7.81e-05       8.34e-05       9.15e-05       9.96e-05       1.05e-04       1.10e-04       1.16e-04       1.22e-04
 8.85
   -7.2270   -7.1780   -7.1760   -7.1230   -7.0880   -7.0710   -7.0580   -6.4960   -6.4340   -6.3430   -6.1540   -5.9430   -5.8190   -5.7150   -5.4820   -5.3420   -5.2010   -5.0540   -4.8940
       4.63e-06       1.37e-05       2.67e-05       3.95e-05       4.88e-05       5.39e-05       5.79e-05       6.20e-05       6.67e-05       7.18e-05       7.73e-05       8.29e-05       8.87e-05       9.74e-05       1.06e-04       1.12e-04       1.18e-04       1.24e-04       1.31e-04
  8.9
   -7.3660   -7.1750   -7.1640   -7.1080   -7.0690   -7.0460   -7.0290   -6.4360   -6.3630   -6.2580   -6.0490   -5.8420   -5.7080   -5.5820   -5.3150   -5.1640   -5.0130   -4.8600   -4.7030
       4.84e-06       1.44e-05       2.79e-05       4.13e-05       5.12e-05       5.67e-05       6.10e-05       6.54e-05       7.05e-05       7.61e-05       8.20e-05       8.81e-05       9.43e-05       1.04e-04       1.13e-04       1.20e-04       1.26e-04       1.32e-04       1.40e-04
 8.95
   -7.2120   -7.1250   -7.0580   -6.4600   -6.2950   -6.0350   -5.7230   -5.5090   -5.3010   -5.0850   -4.8650   -4.6490
       1.71e-05       3.50e-05       4.89e-05       5.89e-05       6.89e-05       7.90e-05       8.91e-05       9.92e-05       1.09e-04       1.19e-04       1.29e-04       1.41e-04
  9.0
   -7.2950   -7.1430   -7.0560   -6.3990   -6.1850   -5.8770   -5.5890   -5.3720   -5.1580   -4.9420   -4.7260   -4.5260
       1.74e-05       3.56e-05       5.00e-05       6.05e-05       7.11e-05       8.17e-05       9.24e-05       1.03e-04       1.14e-04       1.24e-04       1.35e-04       1.47e-04
 9.05
   -7.2610   -7.1590   -7.0680   -6.3980   -6.3390   -6.0260   -5.6560   -5.3660   -5.1120   -4.8640   -4.6230   -4.4120
       1.52e-05       3.07e-05       4.48e-05       5.50e-05       6.76e-05       8.03e-05       9.30e-05       1.06e-04       1.18e-04       1.31e-04       1.43e-04       1.57e-04
  9.1
   -6.9760   -6.8800   -6.7660   -6.2490   -6.0090   -5.6410   -5.2200   -4.9310   -4.6510   -4.3870   -4.1420
       1.43e-05       3.06e-05       4.59e-05       5.33e-05       6.74e-05       8.17e-05       9.60e-05       1.10e-04       1.25e-04       1.38e-04       1.60e-04
 9.15
   -6.9740   -6.8160   -6.6600   -6.5280   -6.2920   -5.5220   -5.2350   -4.9790   -4.7300   -4.4940   -4.2830
       1.60e-05       3.42e-05       5.01e-05       6.35e-05       7.18e-05       8.54e-05       9.91e-05       1.13e-04       1.26e-04       1.40e-04       1.60e-04
  9.2
   -7.1940   -7.0750   -6.8660   -6.6220   -6.4700   -5.7000   -5.3860   -5.1050
       8.48e-06       2.57e-05       4.74e-05       6.45e-05       7.68e-05       8.90e-05       1.01e-04       1.12e-04
 9.25
   -7.3060   -7.0740   -6.9440   -6.5630   -6.4080   -5.9580   -5.7050   -5.4850
       7.32e-06       2.08e-05       3.66e-05       4.89e-05       5.75e-05       6.58e-05       7.36e-05       8.25e-05
  9.3
   -7.3320   -7.3190   -7.0410   -6.5780   -6.3710   -6.1490   -5.9460   -5.7610
       2.68e-06       1.09e-05       2.71e-05       3.84e-05       4.42e-05       5.00e-05       5.53e-05       6.15e-05
 9.35
   -7.3720   -7.3620   -7.0920   -6.5830   -6.3530   -6.2630   -6.0580   -5.8720
       2.37e-06       9.62e-06       2.40e-05       3.38e-05       3.85e-05       4.32e-05       4.75e-05       5.26e-05
  9.4
   -7.4080   -7.0940   -6.5400   -6.4490   -6.3030   -6.1600   -6.0260
       9.17e-06       2.30e-05       3.21e-05       3.60e-05       3.99e-05       4.36e-05       4.78e-05
 9.45
   -7.3640   -7.0290   -6.5390   -6.3760   -6.2180   -6.0710
       8.71e-06       2.10e-05       2.92e-05       3.32e-05       3.70e-05       4.14e-05
  9.5
   -7.3430   -7.0090   -6.5460   -6.3750   -6.2180   -6.0720
       7.83e-06       1.89e-05       2.63e-05       3.01e-05       3.36e-05       3.78e-05
 9.55
   -7.2910   -6.9830   -6.5170   -6.3420   -6.1800   -6.0290
       6.74e-06       1.71e-05       2.40e-05       2.74e-05       3.07e-05       3.46e-05
 9.65
   -7.0750   -6.9520   -6.8240   -6.3420   -6.1320   -5.9310
       5.48e-06       8.61e-06       1.52e-05       2.01e-05       2.34e-05       2.73e-05
  9.7
   -6.9690   -6.8700   -6.6140   -6.1780   -6.0140   -5.8580
       2.83e-06       7.78e-06       1.37e-05       1.80e-05       2.04e-05       2.34e-05
 9.75
   -7.0210   -7.0140   -6.9620   -6.9430   -6.9110   -6.8190   -6.7600   -6.6960   -6.3220   -6.0370   -5.8450
       9.11e-07       1.39e-06       1.68e-06       3.92e-06       4.20e-06       4.46e-06       4.61e-06       8.52e-06       1.27e-05       1.58e-05       1.86e-05
  9.8
   -6.9580   -6.9510   -6.9320   -6.9070   -6.8750   -6.7470   -6.6330   -6.3510   -6.2770   -6.0050   -5.8140
       4.23e-07       1.24e-06       1.50e-06       1.75e-06       3.79e-06       4.01e-06       7.56e-06       7.70e-06       1.14e-05       1.43e-05       1.69e-05
  9.9
   -6.8300   -6.8130   -6.7700   -6.6470   -6.2910   -6.0790   -5.8530
       5.15e-07       1.04e-06       1.97e-06       4.34e-06       7.16e-06       9.48e-06       1.25e-05
 9.95
   -6.7290   -6.7200   -6.6670   -6.5320   -6.1430   -5.9250   -5.6860
       5.12e-07       1.05e-06       1.99e-06       4.40e-06       7.27e-06       9.63e-06       1.18e-05
 10.0
   -6.6270   -6.6270   -6.5650   -6.4170   -6.0020   -5.7720   -5.5200
       1.07e-06       1.07e-06       2.03e-06       4.47e-06       7.39e-06       9.79e-06       1.11e-05
10.05
   -6.4700   -6.4670   -6.4530   -6.3950   -5.9980   -5.6540   -5.5260
       6.47e-07       1.20e-06       1.80e-06       3.85e-06       7.28e-06       9.65e-06       1.03e-05
10.15
   -6.3010   -6.2200   -6.1320   -6.0240   -5.6770   -5.5550
       8.21e-07       2.21e-06       2.98e-06       5.69e-06       8.08e-06       8.76e-06
