 8.05
  -13.8010  -13.7990  -13.7980  -13.7960  -13.7930  -13.7910  -13.7840  -13.7790  -13.7740  -13.7650  -13.7530  -13.7410  -13.7400  -13.7270  -13.7240  -13.7140  -13.6990  -13.6960  -13.6840  -13.6840  -13.6700  -13.6700  -13.6550  -13.6390  -13.6240  -13.6090  -13.5930  -13.5780  -13.5630  -13.5470  -13.5320  -13.5170  -13.5020  -13.4870  -13.4720  -13.4570  -13.4410  -13.4260  -13.4110  -13.3960  -13.3810  -13.3660  -13.3510  -13.3360  -13.3210  -13.3050  -13.2900  -13.2740  -13.2580  -13.2410  -13.2260  -13.2110  -13.1950  -13.1780  -13.1610  -13.1460  -13.1420  -13.1240  -13.1040  -13.0800  -13.0560  -13.0280  -12.9940  -12.9540  -12.9170  -12.8800  -12.8430  -12.8420  -10.5230  -10.4910  -10.3020  -10.0330   -9.7960   -9.5690   -9.3700   -9.2200   -8.1320
       1.48e-07       2.96e-07       4.46e-07       5.95e-07       8.15e-07       9.64e-07       1.12e-06       1.41e-06       1.56e-06       1.71e-06       1.86e-06       2.15e-06       2.30e-06       2.46e-06       2.82e-06       2.97e-06       3.13e-06       3.41e-06       3.71e-06       3.71e-06       4.00e-06       4.00e-06       4.16e-06       4.32e-06       4.47e-06       4.63e-06       4.79e-06       4.94e-06       5.10e-06       5.26e-06       5.42e-06       5.58e-06       5.74e-06       5.90e-06       6.06e-06       6.22e-06       6.38e-06       6.55e-06       6.71e-06       6.87e-06       7.04e-06       7.20e-06       7.36e-06       7.53e-06       7.69e-06       7.86e-06       8.02e-06       8.19e-06       8.36e-06       8.52e-06       8.69e-06       8.86e-06       9.03e-06       9.20e-06       9.38e-06       9.55e-06       9.72e-06       9.89e-06       1.01e-05       1.02e-05       1.04e-05       1.06e-05       1.08e-05       1.10e-05       1.11e-05       1.13e-05       1.15e-05       1.17e-05       1.18e-05       1.21e-05       1.27e-05       1.34e-05       1.39e-05       1.43e-05       1.46e-05       1.48e-05       1.49e-05
  8.1
  -13.6680  -13.6680  -13.6660  -13.6630  -13.6620  -13.6560  -13.6490  -13.6440  -13.6410  -13.6310  -13.6220  -13.6210  -13.6090  -13.6050  -13.5980  -13.5950  -13.5870  -13.5850  -13.5760  -13.5730  -13.5600  -13.5460  -13.5330  -13.5200  -13.5060  -13.4920  -13.4790  -13.4660  -13.4520  -13.4390  -13.4260  -13.4120  -13.3990  -13.3850  -13.3720  -13.3590  -13.3460  -13.3330  -13.3200  -13.3060  -13.2930  -13.2800  -13.2670  -13.2540  -13.2410  -13.2280  -13.2140  -13.2010  -13.1870  -13.1730  -13.1600  -13.1470  -13.1340  -13.1210  -13.1070  -13.0930  -13.0770  -13.0630  -13.0460  -13.0270  -13.0080  -12.9870  -12.9620  -12.9320  -12.9030  -12.8980  -12.8730  -12.8310  -12.7480  -10.4580  -10.2860  -10.0390   -9.8020   -9.5890   -9.3790   -9.2210   -8.6140
       5.34e-07       5.34e-07       7.48e-07       1.17e-06       1.38e-06       1.60e-06       1.82e-06       2.24e-06       2.45e-06       2.67e-06       3.19e-06       3.41e-06       3.63e-06       4.05e-06       4.27e-06       4.47e-06       4.67e-06       4.89e-06       5.06e-06       5.28e-06       5.50e-06       5.73e-06       5.95e-06       6.17e-06       6.40e-06       6.63e-06       6.85e-06       7.08e-06       7.31e-06       7.54e-06       7.76e-06       7.99e-06       8.23e-06       8.46e-06       8.69e-06       8.92e-06       9.15e-06       9.39e-06       9.62e-06       9.86e-06       1.01e-05       1.03e-05       1.06e-05       1.08e-05       1.10e-05       1.13e-05       1.15e-05       1.18e-05       1.20e-05       1.22e-05       1.25e-05       1.27e-05       1.30e-05       1.32e-05       1.35e-05       1.37e-05       1.40e-05       1.42e-05       1.45e-05       1.47e-05       1.50e-05       1.52e-05       1.55e-05       1.57e-05       1.60e-05       1.62e-05       1.65e-05       1.68e-05       1.70e-05       1.75e-05       1.84e-05       1.93e-05       2.00e-05       2.06e-05       2.10e-05       2.14e-05       2.15e-05
 8.15
  -13.5470  -13.5460  -13.5420  -13.5400  -13.5310  -13.5250  -13.5170  -13.5090  -13.5000  -13.4990  -13.4920  -13.4810  -13.4610  -13.4400  -13.4190  -13.3980  -13.3760  -13.3540  -13.3330  -13.3120  -13.2910  -13.2700  -13.2490  -13.2290  -13.2080  -13.1880  -13.1670  -13.1470  -13.1370  -13.1260  -13.1160  -13.1100  -13.1060  -13.0960  -13.0860  -13.0770  -13.0670  -13.0570  -13.0470  -13.0380  -13.0280  -13.0170  -13.0070  -12.9950  -12.9840  -12.9720  -12.9590  -12.9450  -12.9310  -12.9130  -12.8960  -12.8780  -12.7270  -12.6560  -12.6150  -12.5810  -10.3200  -10.0450   -9.6990   -9.4550   -9.2410
       5.15e-07       1.03e-06       1.54e-06       2.05e-06       2.57e-06       3.08e-06       3.60e-06       4.11e-06       4.64e-06       5.01e-06       5.56e-06       6.09e-06       6.62e-06       7.15e-06       7.68e-06       8.22e-06       8.75e-06       9.30e-06       9.84e-06       1.04e-05       1.09e-05       1.15e-05       1.20e-05       1.26e-05       1.31e-05       1.37e-05       1.42e-05       1.47e-05       1.49e-05       1.52e-05       1.55e-05       1.63e-05       1.65e-05       1.68e-05       1.71e-05       1.74e-05       1.77e-05       1.80e-05       1.82e-05       1.85e-05       1.88e-05       1.91e-05       1.94e-05       1.97e-05       2.00e-05       2.03e-05       2.05e-05       2.08e-05       2.11e-05       2.14e-05       2.17e-05       2.20e-05       2.23e-05       2.26e-05       2.29e-05       2.32e-05       2.45e-05       2.61e-05       2.72e-05       2.79e-05       2.85e-05
  8.2
  -13.4180  -13.4160  -13.4140  -13.4070  -13.4070  -13.3960  -13.3960  -13.3830  -13.3830  -13.3680  -13.3520  -13.3360  -13.3180  -13.2990  -13.2820  -13.2640  -13.2460  -13.2290  -13.2110  -13.1930  -13.1760  -13.1590  -13.1410  -13.1230  -13.1050  -13.0890  -13.0810  -13.0730  -13.0650  -13.0570  -13.0490  -13.0400  -13.0320  -13.0230  -13.0150  -13.0060  -12.9980  -12.9890  -12.9800  -12.9700  -12.9590  -12.9480  -12.9370  -12.9260  -12.9130  -12.9020  -12.8890  -12.8750  -12.8590  -12.7200  -12.7020  -12.6430  -12.5850  -12.4320  -10.3650  -10.3440  -10.2280   -9.9990   -9.6900   -9.4610   -9.2320
       6.88e-07       1.38e-06       2.06e-06       3.43e-06       3.43e-06       4.81e-06       4.81e-06       6.18e-06       6.18e-06       6.88e-06       7.59e-06       8.30e-06       9.01e-06       9.72e-06       1.04e-05       1.12e-05       1.19e-05       1.26e-05       1.33e-05       1.41e-05       1.48e-05       1.55e-05       1.63e-05       1.70e-05       1.77e-05       1.83e-05       1.87e-05       1.91e-05       1.94e-05       1.98e-05       2.02e-05       2.06e-05       2.09e-05       2.13e-05       2.17e-05       2.21e-05       2.25e-05       2.28e-05       2.32e-05       2.36e-05       2.40e-05       2.44e-05       2.48e-05       2.51e-05       2.55e-05       2.59e-05       2.63e-05       2.67e-05       2.71e-05       2.79e-05       2.83e-05       2.87e-05       2.91e-05       2.95e-05       3.00e-05       3.08e-05       3.24e-05       3.45e-05       3.60e-05       3.69e-05       3.77e-05
 8.25
  -13.2890  -13.2890  -13.2830  -13.2820  -13.2760  -13.2750  -13.2650  -13.2560  -13.2440  -13.2310  -13.2170  -13.2020  -13.1880  -13.1740  -13.1600  -13.1460  -13.1310  -13.1170  -13.1030  -13.0880  -13.0760  -13.0630  -13.0500  -13.0360  -13.0290  -13.0220  -13.0150  -13.0080  -13.0010  -12.9940  -12.9870  -12.9790  -12.9720  -12.9640  -12.9560  -12.9500  -12.9420  -12.9320  -12.9220  -12.9120  -12.9030  -12.8940  -12.8850  -12.8750  -12.8650  -12.8530  -12.8400  -12.6760  -12.6300  -12.5890  -12.3850  -12.3810  -10.2940  -10.2700  -10.2470  -10.2340  -10.1370   -9.9520   -9.6790   -9.4650   -9.2230
       1.76e-06       1.76e-06       2.65e-06       3.52e-06       4.42e-06       5.29e-06       6.19e-06       7.09e-06       7.99e-06       8.90e-06       9.81e-06       1.07e-05       1.16e-05       1.26e-05       1.35e-05       1.44e-05       1.54e-05       1.63e-05       1.72e-05       1.82e-05       1.91e-05       2.01e-05       2.10e-05       2.17e-05       2.22e-05       2.27e-05       2.32e-05       2.36e-05       2.41e-05       2.46e-05       2.51e-05       2.56e-05       2.61e-05       2.65e-05       2.70e-05       2.75e-05       2.80e-05       2.85e-05       2.90e-05       2.95e-05       3.00e-05       3.05e-05       3.10e-05       3.15e-05       3.20e-05       3.25e-05       3.30e-05       3.35e-05       3.40e-05       3.46e-05       3.51e-05       3.59e-05       3.68e-05       3.77e-05       3.83e-05       3.92e-05       4.13e-05       4.39e-05       4.59e-05       4.71e-05       4.80e-05
  8.3
  -13.1970  -13.1820  -13.1490  -13.1110  -13.0770  -13.0370  -12.9900  -12.9350  -12.9210  -12.8670  -12.7800  -10.2300  -10.1480  -10.1110  -10.0800   -9.9940   -9.8350   -9.6010   -9.3790
       2.62e-06       5.28e-06       7.96e-06       1.07e-05       1.34e-05       1.61e-05       1.88e-05       2.06e-05       2.20e-05       2.44e-05       2.73e-05       2.99e-05       3.13e-05       3.17e-05       3.25e-05       3.41e-05       3.61e-05       3.76e-05       3.86e-05
 8.35
  -13.1200  -13.1190  -13.1080  -13.0890  -13.0610  -13.0220  -12.9730  -12.9140  -12.8970  -12.8290  -12.7230  -10.1620  -10.0660  -10.0310   -9.9970   -9.9110   -9.7610   -9.5630   -9.3510
       1.82e-06       3.61e-06       5.44e-06       7.28e-06       9.14e-06       1.10e-05       1.29e-05       1.41e-05       1.50e-05       1.67e-05       1.88e-05       2.05e-05       2.15e-05       2.18e-05       2.24e-05       2.36e-05       2.51e-05       2.62e-05       2.69e-05
  8.4
  -13.0570  -13.0530  -13.0380  -13.0210  -12.9510  -12.8860  -12.8380  -12.8000  -12.7780  -12.7550  -12.7420  -12.7270  -12.7120  -12.6960  -10.9080  -10.1110  -10.0190   -9.9820   -9.8680   -9.7680   -9.6640   -9.5450   -9.3500   -8.4270   -7.9110   -7.4210
       1.27e-06       2.75e-06       4.12e-06       5.89e-06       7.47e-06       8.36e-06       8.85e-06       9.15e-06       9.35e-06       9.55e-06       9.75e-06       9.95e-06       1.02e-05       1.04e-05       1.06e-05       1.17e-05       1.23e-05       1.29e-05       1.36e-05       1.43e-05       1.50e-05       1.57e-05       1.65e-05       1.67e-05       1.69e-05       1.73e-05
 8.45
  -12.6970  -12.6760  -12.6400  -12.5980  -12.5340  -12.4770  -12.4360  -12.4050  -12.4040  -12.3860  -12.3610  -12.3360  -12.3100  -12.2820  -12.2510  -10.5140  -10.1130   -9.9780   -9.9190   -9.7720   -9.6520   -9.5240   -9.3830   -9.1680   -8.5000   -7.7250
       3.95e-06       7.63e-06       1.19e-05       1.70e-05       2.15e-05       2.41e-05       2.55e-05       2.64e-05       2.70e-05       2.75e-05       2.81e-05       2.87e-05       2.93e-05       2.98e-05       3.04e-05       3.11e-05       3.44e-05       3.61e-05       3.75e-05       3.91e-05       4.07e-05       4.23e-05       4.39e-05       4.57e-05       4.62e-05       4.70e-05
  8.5
  -12.4120  -12.4090  -12.3960  -12.3700  -12.3490  -12.3400  -12.3350  -12.3340  -12.3330  -12.3330  -12.3320  -12.3310  -12.3310  -12.3230  -12.2390  -12.1100  -12.1050   -9.9090   -9.7760   -9.7310   -9.7210   -9.5340   -9.3830   -9.2200   -8.9870   -8.0170
       6.85e-06       1.32e-05       2.06e-05       2.94e-05       3.04e-05       3.14e-05       3.24e-05       3.69e-05       4.03e-05       4.03e-05       4.13e-05       4.38e-05       4.38e-05       5.17e-05       5.27e-05       5.37e-05       5.48e-05       6.07e-05       6.36e-05       6.59e-05       6.85e-05       7.11e-05       7.37e-05       7.63e-05       7.91e-05       8.02e-05
 8.55
  -12.4580  -12.4560  -12.4540  -12.4510  -12.4480  -12.4450  -12.4440  -12.4400  -12.4330  -12.4150  -12.4090  -12.3860  -12.3580  -12.2970  -12.2670  -12.2250  -12.1740  -11.3760   -9.7910   -9.5950   -9.5470   -9.4930   -9.4620   -9.2420   -9.0550   -8.8050
       3.64e-06       5.82e-06       7.28e-06       8.75e-06       1.02e-05       1.67e-05       1.82e-05       1.97e-05       2.12e-05       3.28e-05       3.43e-05       3.59e-05       4.89e-05       5.97e-05       6.12e-05       7.06e-05       8.07e-05       8.22e-05       9.09e-05       9.52e-05       9.85e-05       1.02e-04       1.06e-04       1.10e-04       1.13e-04       1.17e-04
  8.6
  -12.3810  -12.3700  -12.3550  -12.2980  -12.2540  -12.2340  -12.1450   -9.8880   -9.3840   -9.3700   -9.3640   -9.3600   -9.3500   -9.3430   -9.3350   -9.3230   -9.2920   -9.0490   -8.8910   -8.6750   -8.5300   -8.4400   -8.3480
       5.19e-06       1.43e-05       2.53e-05       3.71e-05       4.04e-05       5.31e-05       6.67e-05       8.09e-05       8.87e-05       8.99e-05       9.10e-05       9.25e-05       9.42e-05       9.56e-05       9.74e-05       9.95e-05       1.02e-04       1.06e-04       1.10e-04       1.13e-04       1.15e-04       1.16e-04       1.18e-04
 8.65
  -12.3210  -12.2720  -12.2230  -12.1590  -12.0940  -11.8580  -10.4060   -9.5290   -9.2330   -9.2200   -9.2150   -9.2140   -9.2120   -9.2110   -9.2030   -9.1890   -9.1580   -8.8700   -8.7040   -8.4780   -8.3320   -8.2390   -8.1450
       4.56e-06       1.26e-05       2.22e-05       3.26e-05       4.38e-05       4.67e-05       5.85e-05       7.10e-05       7.82e-05       7.98e-05       8.20e-05       8.36e-05       8.57e-05       8.77e-05       9.02e-05       9.31e-05       9.69e-05       1.02e-04       1.08e-04       1.12e-04       1.14e-04       1.16e-04       1.19e-04
  8.7
  -12.2570  -12.1740  -12.0910  -12.0200  -11.8590  -10.5840   -9.7970   -9.2540   -9.0810   -9.0790   -9.0700   -9.0690   -9.0690   -9.0640   -9.0640   -9.0550   -9.0230   -8.6890   -8.5190   -8.2800   -8.1330   -8.0380   -7.9420
       3.83e-06       1.06e-05       1.87e-05       2.74e-05       2.99e-05       3.93e-05       4.93e-05       5.98e-05       6.62e-05       6.88e-05       7.19e-05       7.70e-05       7.70e-05       8.18e-05       8.18e-05       8.56e-05       9.06e-05       9.72e-05       1.04e-04       1.10e-04       1.13e-04       1.15e-04       1.19e-04
 8.75
  -12.1890  -12.0770  -12.0750  -11.9590  -10.3400   -9.6800   -9.2780   -9.0340   -8.9390   -8.9380   -8.9300   -8.9240   -8.9210   -8.9180   -8.9130   -8.9130   -8.8900   -8.5050   -8.3320   -8.0820   -7.9330   -7.8360   -7.7370
       3.02e-06       8.34e-06       1.03e-05       1.67e-05       2.35e-05       3.09e-05       3.88e-05       4.71e-05       5.03e-05       5.43e-05       5.98e-05       6.35e-05       6.83e-05       7.09e-05       7.69e-05       7.69e-05       8.32e-05       9.15e-05       1.01e-04       1.08e-04       1.12e-04       1.14e-04       1.19e-04
  8.8
  -12.0740  -11.9750   -9.4740   -8.9230   -8.8090   -8.8060   -8.7950   -8.7850   -8.7850   -8.7800   -8.7760   -8.7540   -8.6990   -8.2920   -8.0860   -7.9510   -7.8130   -7.6660   -7.4920
       4.44e-06       1.31e-05       2.55e-05       3.78e-05       4.21e-05       4.69e-05       5.07e-05       5.94e-05       5.94e-05       6.82e-05       7.29e-05       7.81e-05       8.34e-05       9.15e-05       9.96e-05       1.05e-04       1.10e-04       1.16e-04       1.22e-04
 8.85
  -11.9160  -11.8540   -9.2310   -8.7630   -8.6960   -8.6930   -8.6850   -8.6780   -8.6740   -8.6700   -8.6440   -8.6040   -8.5380   -8.0710   -7.8250   -7.6770   -7.5260   -7.3680   -6.8630
       9.11e-06       1.37e-05       2.67e-05       3.95e-05       4.42e-05       4.83e-05       5.23e-05       5.74e-05       6.26e-05       7.18e-05       7.73e-05       8.29e-05       8.87e-05       9.74e-05       1.06e-04       1.12e-04       1.18e-04       1.24e-04       1.31e-04
  8.9
  -11.8560  -11.5110   -9.0340   -8.6260   -8.5890   -8.5840   -8.5810   -8.5750   -8.5720   -8.5420   -8.5020   -8.4550   -8.3780   -7.8460   -7.5600   -7.3990   -7.2340   -6.7360   -6.5770
       9.53e-06       1.44e-05       2.79e-05       4.13e-05       4.57e-05       5.01e-05       5.56e-05       6.54e-05       7.05e-05       7.61e-05       8.20e-05       8.81e-05       9.43e-05       1.04e-04       1.13e-04       1.20e-04       1.26e-04       1.32e-04       1.40e-04
 8.95
  -11.7230   -8.5890   -8.4960   -8.4940   -8.4570   -8.3830   -8.2930   -7.6850   -7.4620   -7.2270   -6.6580   -6.4380
       1.71e-05       3.50e-05       4.50e-05       5.89e-05       6.89e-05       7.90e-05       8.91e-05       9.92e-05       1.09e-04       1.19e-04       1.29e-04       1.41e-04
  9.0
  -10.1870   -8.4940   -8.4250   -8.4120   -8.3350   -8.2370   -8.1240   -7.4540   -7.2220   -6.6520   -6.4340   -6.2300
       1.74e-05       3.56e-05       5.00e-05       6.05e-05       7.11e-05       8.17e-05       9.24e-05       1.03e-04       1.14e-04       1.24e-04       1.35e-04       1.47e-04
 9.05
   -9.0620   -8.7020   -8.3880   -8.3580   -8.3110   -8.1970   -8.0600   -7.3630   -7.0870   -6.4890   -6.2450   -6.0310
       1.52e-05       2.54e-05       4.10e-05       5.50e-05       6.76e-05       8.03e-05       9.30e-05       1.06e-04       1.18e-04       1.31e-04       1.43e-04       1.57e-04
  9.1
  -11.6340   -9.7000   -8.4260   -8.3000   -8.2380   -8.0990   -7.9380   -7.1660   -6.5290   -6.2600   -6.0120
       1.43e-05       2.18e-05       3.81e-05       5.33e-05       6.74e-05       8.17e-05       9.60e-05       1.10e-04       1.25e-04       1.38e-04       1.60e-04
 9.15
  -10.3100   -9.3090   -8.2900   -8.2440   -8.1110   -7.9590   -7.2530   -6.9620   -6.3570   -6.1130   -5.9010
       1.60e-05       2.43e-05       4.25e-05       5.84e-05       7.18e-05       8.54e-05       9.91e-05       1.13e-04       1.26e-04       1.40e-04       1.60e-04
  9.2
  -11.8390  -11.6820   -8.5820   -8.2060   -8.0520   -7.8780   -7.1740   -6.8640
       8.48e-06       2.57e-05       4.74e-05       6.45e-05       7.68e-05       8.90e-05       1.01e-04       1.12e-04
 9.25
  -11.8310  -11.6350   -8.4580   -8.1470   -7.9890   -7.4620   -7.1680   -6.9170
       7.32e-06       2.08e-05       3.66e-05       4.89e-05       5.75e-05       6.58e-05       7.36e-05       8.25e-05
  9.3
  -11.7660  -11.7530   -9.1330   -8.0920   -7.9540   -7.4610   -7.2340   -7.0300
       2.68e-06       1.09e-05       2.71e-05       3.84e-05       4.42e-05       5.00e-05       5.53e-05       6.15e-05
 9.35
  -11.7360  -11.7280   -8.9740   -8.0330   -7.8960   -7.3900   -7.1690   -6.9620
       2.37e-06       9.62e-06       2.40e-05       3.38e-05       3.85e-05       4.32e-05       4.75e-05       5.26e-05
  9.4
  -11.7210   -8.4680   -7.9560   -7.5330   -7.3370   -7.1470   -6.9740
       9.17e-06       2.30e-05       3.21e-05       3.60e-05       3.99e-05       4.36e-05       4.78e-05
 9.45
  -11.6740   -8.2840   -7.6570   -7.4470   -7.2390   -7.0480
       8.71e-06       2.10e-05       2.92e-05       3.32e-05       3.70e-05       4.14e-05
  9.5
  -11.6460   -8.2820   -7.6650   -7.4580   -7.2530   -7.0650
       7.83e-06       1.89e-05       2.63e-05       3.01e-05       3.36e-05       3.78e-05
 9.55
  -11.3070   -8.2780   -7.6370   -7.4250   -7.2160   -7.0230
       6.74e-06       1.71e-05       2.40e-05       2.74e-05       3.07e-05       3.46e-05
 9.65
   -8.9800   -7.9550   -7.4420   -7.4420   -7.1750   -6.9160
       5.48e-06       1.20e-05       2.01e-05       2.01e-05       2.34e-05       2.73e-05
  9.7
   -8.4140   -8.2220   -7.7390   -7.2450   -7.0340   -6.8340
       2.83e-06       7.78e-06       1.37e-05       1.80e-05       2.04e-05       2.34e-05
 9.75
   -8.1860   -8.1710   -8.1350   -8.0920   -8.0730   -7.9720   -7.8210   -7.8060   -7.4350   -7.0760   -6.8270
       4.76e-07       1.39e-06       1.68e-06       1.96e-06       4.20e-06       4.46e-06       8.37e-06       8.52e-06       1.27e-05       1.58e-05       1.86e-05
  9.8
   -8.1090   -8.0870   -8.0860   -8.0710   -8.0040   -7.7580   -7.6210   -7.3860   -7.0430   -6.7970   -6.7240
       4.23e-07       6.90e-07       1.50e-06       1.75e-06       3.79e-06       7.34e-06       7.56e-06       1.13e-05       1.42e-05       1.68e-05       1.69e-05
  9.9
   -7.9710   -7.9430   -7.8990   -7.7730   -7.4110   -7.1620   -6.8760
       5.15e-07       1.04e-06       1.97e-06       4.34e-06       7.16e-06       9.48e-06       1.25e-05
 9.95
   -7.8630   -7.8490   -7.7950   -7.6580   -7.2610   -6.9920   -6.6880
       5.12e-07       1.05e-06       1.99e-06       4.40e-06       7.27e-06       9.63e-06       1.18e-05
 10.0
   -7.7570   -7.7550   -7.6920   -7.5430   -7.1110   -6.8220   -6.5000
       5.19e-07       1.07e-06       2.03e-06       4.47e-06       7.39e-06       9.79e-06       1.11e-05
10.05
   -7.5950   -7.5600   -7.5190   -7.4500   -7.1030   -6.6690   -6.5070
       6.47e-07       1.24e-06       3.29e-06       3.85e-06       7.28e-06       9.65e-06       1.03e-05
10.15
   -7.3970   -7.3370   -7.1240   -6.6940   -6.5450   -6.5390
       8.21e-07       2.21e-06       4.92e-06       7.31e-06       8.08e-06       8.76e-06
