 8.05
  -11.2830  -11.2810  -11.2790  -11.2780  -11.2750  -11.2710  -11.2680  -11.2590  -11.2550  -11.2500  -11.2380  -11.2260  -11.2130  -11.2130  -11.2000  -11.1900  -11.1850  -11.1710  -11.1560  -11.1540  -11.1410  -11.1390  -11.1260  -11.1230  -11.1110  -11.0950  -11.0800  -11.0650  -11.0500  -11.0340  -11.0190  -11.0040  -10.9890  -10.9740  -10.9590  -10.9440  -10.9290  -10.9140  -10.8990  -10.8850  -10.8700  -10.8550  -10.8400  -10.8250  -10.8100  -10.7950  -10.7800  -10.7640  -10.7490  -10.7330  -10.7190  -10.7040  -10.6890  -10.6740  -10.6580  -10.6410  -10.6240  -10.6070  -10.5860  -10.5640  -10.5400  -10.5400  -10.5090  -10.4740  -10.4320  -10.3900  -10.3290  -10.3130  -10.2830  -10.2520  -10.0700   -9.8030   -9.5660   -9.3410   -9.1430   -8.9950   -8.0680
       1.48e-07       2.96e-07       4.46e-07       5.95e-07       7.44e-07       9.64e-07       1.12e-06       1.27e-06       1.56e-06       1.71e-06       1.86e-06       2.01e-06       2.46e-06       2.46e-06       2.61e-06       2.97e-06       3.13e-06       3.28e-06       3.44e-06       3.72e-06       3.88e-06       4.02e-06       4.17e-06       4.32e-06       4.47e-06       4.63e-06       4.79e-06       4.94e-06       5.10e-06       5.26e-06       5.42e-06       5.58e-06       5.74e-06       5.90e-06       6.06e-06       6.22e-06       6.38e-06       6.55e-06       6.71e-06       6.87e-06       7.04e-06       7.20e-06       7.36e-06       7.53e-06       7.69e-06       7.86e-06       8.02e-06       8.19e-06       8.36e-06       8.52e-06       8.69e-06       8.86e-06       9.03e-06       9.20e-06       9.38e-06       9.55e-06       9.73e-06       9.90e-06       1.01e-05       1.03e-05       1.06e-05       1.06e-05       1.08e-05       1.10e-05       1.11e-05       1.13e-05       1.15e-05       1.17e-05       1.18e-05       1.21e-05       1.27e-05       1.34e-05       1.39e-05       1.43e-05       1.46e-05       1.48e-05       1.49e-05
  8.1
  -11.3550  -11.2530  -11.1480  -11.1480  -11.1470  -11.1430  -11.1410  -11.1380  -11.1320  -11.1240  -11.1190  -11.1140  -11.1040  -11.0930  -11.0930  -11.0810  -11.0690  -11.0690  -11.0570  -11.0560  -11.0460  -11.0440  -11.0320  -11.0310  -11.0180  -11.0040  -10.9910  -10.9780  -10.9640  -10.9510  -10.9380  -10.9240  -10.9110  -10.8980  -10.8850  -10.8720  -10.8590  -10.8460  -10.8330  -10.8200  -10.8070  -10.7940  -10.7810  -10.7680  -10.7550  -10.7420  -10.7290  -10.7170  -10.7030  -10.6900  -10.6770  -10.6630  -10.6520  -10.6400  -10.6270  -10.6150  -10.6020  -10.5890  -10.5760  -10.5630  -10.5480  -10.5320  -10.5160  -10.4980  -10.4760  -10.4510  -10.4220  -10.3930  -10.3470  -10.2160  -10.0500   -9.8090   -9.5730   -9.3610   -9.1520   -8.9950   -8.3960
       2.43e-07       4.99e-07       1.03e-06       1.03e-06       1.25e-06       1.46e-06       1.88e-06       2.10e-06       2.32e-06       2.53e-06       2.95e-06       3.17e-06       3.39e-06       4.13e-06       4.13e-06       4.35e-06       4.99e-06       4.99e-06       5.21e-06       5.41e-06       5.61e-06       5.83e-06       6.00e-06       6.23e-06       6.45e-06       6.67e-06       6.90e-06       7.13e-06       7.35e-06       7.58e-06       7.81e-06       8.04e-06       8.26e-06       8.49e-06       8.72e-06       8.96e-06       9.19e-06       9.42e-06       9.65e-06       9.89e-06       1.01e-05       1.04e-05       1.06e-05       1.08e-05       1.11e-05       1.13e-05       1.15e-05       1.18e-05       1.20e-05       1.23e-05       1.25e-05       1.27e-05       1.30e-05       1.32e-05       1.35e-05       1.37e-05       1.40e-05       1.42e-05       1.45e-05       1.47e-05       1.50e-05       1.52e-05       1.55e-05       1.57e-05       1.60e-05       1.62e-05       1.65e-05       1.68e-05       1.70e-05       1.75e-05       1.84e-05       1.93e-05       2.00e-05       2.06e-05       2.10e-05       2.14e-05       2.15e-05
 8.15
  -11.5380  -11.2480  -11.1830  -11.1210  -11.1140  -11.0250  -11.0220  -11.0220  -11.0140  -11.0120  -10.9980  -10.9970  -10.9820  -10.9780  -10.9630  -10.9630  -10.9540  -10.9430  -10.9230  -10.9020  -10.8810  -10.8590  -10.8380  -10.8170  -10.7960  -10.7760  -10.7550  -10.7350  -10.7150  -10.6950  -10.6750  -10.6550  -10.6350  -10.6260  -10.6160  -10.6050  -10.5960  -10.5870  -10.5780  -10.5690  -10.5600  -10.5510  -10.5420  -10.5340  -10.5240  -10.5150  -10.5060  -10.4970  -10.4870  -10.4770  -10.4670  -10.4560  -10.4450  -10.4310  -10.4180  -10.4040  -10.0780   -9.8140   -9.4700   -9.2260   -9.0140
       7.61e-07       1.06e-06       1.37e-06       1.66e-06       1.97e-06       2.48e-06       3.51e-06       3.51e-06       4.02e-06       4.54e-06       5.07e-06       5.57e-06       6.10e-06       6.60e-06       7.51e-06       7.51e-06       8.05e-06       8.58e-06       9.12e-06       9.65e-06       1.02e-05       1.07e-05       1.13e-05       1.18e-05       1.23e-05       1.29e-05       1.34e-05       1.40e-05       1.45e-05       1.51e-05       1.56e-05       1.62e-05       1.66e-05       1.69e-05       1.72e-05       1.75e-05       1.77e-05       1.80e-05       1.83e-05       1.86e-05       1.89e-05       1.92e-05       1.94e-05       1.97e-05       2.00e-05       2.03e-05       2.06e-05       2.09e-05       2.12e-05       2.15e-05       2.18e-05       2.20e-05       2.23e-05       2.26e-05       2.29e-05       2.32e-05       2.45e-05       2.61e-05       2.72e-05       2.79e-05       2.85e-05
  8.2
  -11.2250  -11.1820  -11.1720  -11.1190  -10.9880  -10.8950  -10.8940  -10.8890  -10.8860  -10.8810  -10.8770  -10.8670  -10.8630  -10.8520  -10.8500  -10.8350  -10.8180  -10.8010  -10.7830  -10.7660  -10.7480  -10.7310  -10.7140  -10.6970  -10.6800  -10.6630  -10.6470  -10.6300  -10.6120  -10.5960  -10.5810  -10.5740  -10.5670  -10.5590  -10.5520  -10.5450  -10.5370  -10.5300  -10.5220  -10.5140  -10.5060  -10.5000  -10.4920  -10.4850  -10.4760  -10.4670  -10.4580  -10.4490  -10.4400  -10.4310  -10.4230  -10.4130  -10.4020  -10.3910  -10.1060  -10.0900   -9.9860   -9.7660   -9.4590   -9.2320   -9.0040
       4.03e-07       1.21e-06       1.61e-06       2.02e-06       2.41e-06       3.10e-06       3.79e-06       4.47e-06       5.16e-06       5.84e-06       6.54e-06       7.22e-06       7.92e-06       8.59e-06       9.30e-06       1.00e-05       1.07e-05       1.14e-05       1.21e-05       1.29e-05       1.36e-05       1.43e-05       1.50e-05       1.57e-05       1.65e-05       1.72e-05       1.79e-05       1.87e-05       1.94e-05       2.02e-05       2.07e-05       2.11e-05       2.15e-05       2.18e-05       2.22e-05       2.26e-05       2.30e-05       2.33e-05       2.37e-05       2.41e-05       2.45e-05       2.49e-05       2.52e-05       2.56e-05       2.60e-05       2.64e-05       2.68e-05       2.72e-05       2.76e-05       2.79e-05       2.83e-05       2.87e-05       2.91e-05       2.95e-05       3.00e-05       3.08e-05       3.24e-05       3.45e-05       3.60e-05       3.69e-05       3.77e-05
 8.25
  -11.2020  -11.1610  -11.1230  -11.0210  -10.9240  -10.7660  -10.7640  -10.7610  -10.7560  -10.7550  -10.7470  -10.7450  -10.7360  -10.7260  -10.7130  -10.7000  -10.6850  -10.6720  -10.6590  -10.6460  -10.6320  -10.6190  -10.6050  -10.5920  -10.5780  -10.5680  -10.5560  -10.5450  -10.5330  -10.5270  -10.5200  -10.5150  -10.5090  -10.5020  -10.4960  -10.4900  -10.4830  -10.4770  -10.4710  -10.4650  -10.4590  -10.4530  -10.4450  -10.4370  -10.4280  -10.4220  -10.4150  -10.4090  -10.4020  -10.3940  -10.3860  -10.3770  -10.0220  -10.0060   -9.9890   -9.9810   -9.8930   -9.7160   -9.4490   -9.2360   -8.9950
       5.16e-07       1.04e-06       1.56e-06       2.06e-06       2.94e-06       3.83e-06       4.70e-06       5.59e-06       6.47e-06       7.36e-06       8.23e-06       9.13e-06       1.00e-05       1.09e-05       1.18e-05       1.28e-05       1.37e-05       1.46e-05       1.55e-05       1.64e-05       1.74e-05       1.83e-05       1.92e-05       2.02e-05       2.11e-05       2.21e-05       2.30e-05       2.39e-05       2.47e-05       2.51e-05       2.56e-05       2.61e-05       2.66e-05       2.71e-05       2.75e-05       2.80e-05       2.85e-05       2.90e-05       2.95e-05       3.00e-05       3.05e-05       3.10e-05       3.14e-05       3.19e-05       3.24e-05       3.29e-05       3.34e-05       3.39e-05       3.44e-05       3.49e-05       3.54e-05       3.59e-05       3.68e-05       3.77e-05       3.83e-05       3.92e-05       4.13e-05       4.39e-05       4.59e-05       4.71e-05       4.80e-05
  8.3
  -10.6770  -10.6650  -10.6370  -10.6020  -10.5720  -10.5380  -10.4970  -10.4500  -10.4380  -10.3900  -10.3230   -9.9420   -9.8880   -9.8600   -9.8330   -9.7500   -9.5980   -9.3700   -9.1490
       2.62e-06       5.28e-06       7.96e-06       1.07e-05       1.34e-05       1.61e-05       1.88e-05       2.06e-05       2.20e-05       2.44e-05       2.73e-05       2.99e-05       3.13e-05       3.17e-05       3.25e-05       3.41e-05       3.61e-05       3.76e-05       3.86e-05
 8.35
  -10.6080  -10.6010  -10.6010  -10.5880  -10.5650  -10.5310  -10.4880  -10.4360  -10.4220  -10.3560  -10.2730   -9.8590   -9.8000   -9.7730   -9.7460   -9.6650   -9.5210   -9.3310   -9.1210
       1.82e-06       5.44e-06       5.44e-06       7.28e-06       9.14e-06       1.10e-05       1.29e-05       1.41e-05       1.50e-05       1.67e-05       1.88e-05       2.05e-05       2.15e-05       2.18e-05       2.24e-05       2.36e-05       2.51e-05       2.62e-05       2.69e-05
  8.4
  -10.5660  -10.5610  -10.5420  -10.5330  -10.4810  -10.4230  -10.3770  -10.3400  -10.3200  -10.3010  -10.2930  -10.2830  -10.2730  -10.2620   -9.7790   -9.7320   -9.7080   -9.6180   -9.5220   -9.4220   -9.3080   -9.2570   -9.1190   -8.2520   -7.8230   -7.3980
       1.47e-06       2.75e-06       4.52e-06       5.89e-06       7.47e-06       8.36e-06       8.85e-06       9.15e-06       9.35e-06       9.55e-06       9.75e-06       9.95e-06       1.02e-05       1.04e-05       1.15e-05       1.21e-05       1.27e-05       1.34e-05       1.41e-05       1.48e-05       1.55e-05       1.57e-05       1.65e-05       1.67e-05       1.69e-05       1.73e-05
 8.45
  -11.2320  -11.2190  -11.1920  -11.1600  -11.1090  -11.0620  -11.0270  -10.9990  -10.9820  -10.9620  -10.9420  -10.9220  -10.9160  -10.9000  -10.8780   -9.7400   -9.6710   -9.6300   -9.5870   -9.5090   -9.3990   -9.2800   -9.1500   -8.9380   -8.2570   -7.6590
       3.95e-06       7.63e-06       1.19e-05       1.70e-05       2.15e-05       2.41e-05       2.55e-05       2.64e-05       2.69e-05       2.75e-05       2.81e-05       2.87e-05       2.93e-05       2.98e-05       3.04e-05       3.38e-05       3.55e-05       3.69e-05       3.75e-05       3.91e-05       4.07e-05       4.23e-05       4.39e-05       4.57e-05       4.62e-05       4.70e-05
  8.5
  -11.0170  -11.0110  -11.0100  -10.9960  -10.9840  -10.9730  -10.9600  -10.9490  -10.9430  -10.9360  -10.9290  -10.9220  -10.9160  -10.9100  -10.7700  -10.7440  -10.7010   -9.5020   -9.4550   -9.4500   -9.4320   -9.2750   -9.1380   -8.9890   -8.7570   -7.8700
       7.35e-06       1.37e-05       2.26e-05       2.94e-05       3.73e-05       4.17e-05       4.42e-05       4.57e-05       4.67e-05       4.76e-05       4.86e-05       4.96e-05       5.07e-05       5.17e-05       5.27e-05       5.37e-05       5.48e-05       6.07e-05       6.33e-05       6.62e-05       6.85e-05       7.11e-05       7.37e-05       7.63e-05       7.91e-05       8.02e-05
 8.55
  -10.9560  -10.9560  -10.9520  -10.9510  -10.9490  -10.9480  -10.9460  -10.9430  -10.9400  -10.9350  -10.9270  -10.9140  -10.8980  -10.8960  -10.8610  -10.8270  -10.7640   -9.9690   -9.3990   -9.3040   -9.2630   -9.2110   -9.1860   -8.9950   -8.8250   -8.5760
       1.02e-05       1.02e-05       1.24e-05       1.38e-05       2.54e-05       2.69e-05       2.83e-05       2.98e-05       3.13e-05       3.28e-05       4.58e-05       4.73e-05       5.82e-05       5.97e-05       6.91e-05       7.92e-05       8.07e-05       8.22e-05       9.09e-05       9.52e-05       9.85e-05       1.02e-04       1.06e-04       1.10e-04       1.13e-04       1.17e-04
  8.6
  -10.8960  -10.8700  -10.8520  -10.8270  -10.7960  -10.7540  -10.7510   -9.3850   -9.1440   -9.1260   -9.1090   -9.0920   -9.0690   -9.0630   -9.0570   -9.0470   -9.0180   -8.8080   -8.6600   -8.4460   -8.3020   -8.2120   -8.1210
       5.19e-06       1.43e-05       2.53e-05       3.71e-05       4.98e-05       5.31e-05       6.67e-05       8.09e-05       8.87e-05       8.99e-05       9.10e-05       9.25e-05       9.42e-05       9.56e-05       9.74e-05       9.95e-05       1.02e-04       1.06e-04       1.10e-04       1.13e-04       1.15e-04       1.16e-04       1.18e-04
 8.65
  -10.8450  -10.7720  -10.7300  -10.6990  -10.6660  -10.4970   -9.5540   -9.1840   -9.0260   -9.0090   -8.9910   -8.9730   -8.9390   -8.9300   -8.9240   -8.9130   -8.8850   -8.6350   -8.4740   -8.2490   -8.1040   -8.0110   -7.9180
       4.56e-06       1.26e-05       2.22e-05       3.26e-05       4.38e-05       4.67e-05       5.85e-05       7.10e-05       7.82e-05       7.98e-05       8.13e-05       8.35e-05       8.57e-05       8.77e-05       9.02e-05       9.31e-05       9.69e-05       1.02e-04       1.08e-04       1.12e-04       1.14e-04       1.16e-04       1.19e-04
  8.7
  -10.7900  -10.6740  -10.6070  -10.5700  -10.3960   -9.5780   -9.2190   -9.0130   -8.9090   -8.8930   -8.8740   -8.8540   -8.8200   -8.7980   -8.7910   -8.7790   -8.7520   -8.4580   -8.2890   -8.0520   -7.9060   -7.8110   -7.7160
       3.83e-06       1.06e-05       1.87e-05       2.74e-05       2.99e-05       3.93e-05       4.93e-05       5.98e-05       6.62e-05       6.82e-05       7.03e-05       7.30e-05       7.60e-05       7.86e-05       8.18e-05       8.56e-05       9.06e-05       9.72e-05       1.04e-04       1.10e-04       1.13e-04       1.15e-04       1.19e-04
 8.75
  -10.7330  -10.5760  -10.5390  -10.4840   -9.4060   -9.1150   -8.9630   -8.8610   -8.7920   -8.7750   -8.7550   -8.7340   -8.7010   -8.6730   -8.6580   -8.6450   -8.6190   -8.2750   -8.1020   -7.8550   -7.7070   -7.6110   -7.5130
       3.02e-06       8.34e-06       1.03e-05       1.67e-05       2.35e-05       3.09e-05       3.88e-05       4.71e-05       5.26e-05       5.51e-05       5.77e-05       6.12e-05       6.49e-05       6.82e-05       7.21e-05       7.69e-05       8.32e-05       9.15e-05       1.01e-04       1.08e-04       1.12e-04       1.14e-04       1.19e-04
  8.8
  -10.5940  -10.4700   -8.9860   -8.7720   -8.6730   -8.6330   -8.6090   -8.5840   -8.5500   -8.5260   -8.5090   -8.4830   -8.4270   -8.0630   -7.8580   -7.7240   -7.5870   -7.4410   -7.2690
       4.44e-06       1.31e-05       2.55e-05       3.78e-05       4.66e-05       5.13e-05       5.50e-05       5.88e-05       6.31e-05       6.79e-05       7.29e-05       7.81e-05       8.34e-05       9.15e-05       9.96e-05       1.05e-04       1.10e-04       1.16e-04       1.22e-04
 8.85
  -10.4120  -10.3580   -8.8540   -8.6550   -8.5550   -8.5150   -8.4850   -8.4510   -8.4150   -8.3950   -8.3690   -8.3330   -8.2660   -7.8420   -7.5990   -7.4510   -7.3020   -7.1450   -6.6650
       9.11e-06       1.37e-05       2.67e-05       3.95e-05       4.88e-05       5.39e-05       5.79e-05       6.20e-05       6.67e-05       7.18e-05       7.73e-05       8.29e-05       8.87e-05       9.74e-05       1.06e-04       1.12e-04       1.18e-04       1.24e-04       1.31e-04
  8.9
  -10.3550  -10.0870   -8.7360   -8.5480   -8.4450   -8.3970   -8.3600   -8.3190   -8.2920   -8.2640   -8.2290   -8.1830   -8.1050   -7.6190   -7.3360   -7.1760   -7.0130   -6.5370   -6.3830
       9.53e-06       1.44e-05       2.79e-05       4.13e-05       5.12e-05       5.67e-05       6.10e-05       6.54e-05       7.05e-05       7.61e-05       8.20e-05       8.81e-05       9.43e-05       1.04e-04       1.13e-04       1.20e-04       1.26e-04       1.32e-04       1.40e-04
 8.95
  -10.2100   -8.5000   -8.3410   -8.2500   -8.1780   -8.1090   -8.0210   -7.4580   -7.2370   -7.0050   -6.4590   -6.2470
       1.71e-05       3.50e-05       4.89e-05       5.89e-05       6.89e-05       7.90e-05       8.91e-05       9.92e-05       1.09e-04       1.19e-04       1.29e-04       1.41e-04
  9.0
   -9.1490   -8.4200   -8.2410   -8.1310   -8.0580   -7.9660   -7.8510   -7.2290   -7.0000   -6.4520   -6.2400   -6.0430
       1.74e-05       3.56e-05       5.00e-05       6.05e-05       7.11e-05       8.17e-05       9.24e-05       1.03e-04       1.14e-04       1.24e-04       1.35e-04       1.47e-04
 9.05
   -8.6540   -8.4020   -8.3250   -8.1640   -8.0320   -7.9230   -7.7880   -7.1380   -6.8650   -6.2920   -6.0550   -5.8480
       1.52e-05       2.54e-05       4.10e-05       5.50e-05       6.76e-05       8.03e-05       9.30e-05       1.06e-04       1.18e-04       1.31e-04       1.43e-04       1.57e-04
  9.1
  -10.1250   -8.7440   -8.3420   -8.1180   -7.9580   -7.8260   -7.6640   -6.9430   -6.3280   -6.0680   -5.8270
       1.43e-05       2.18e-05       3.81e-05       5.33e-05       6.74e-05       8.17e-05       9.60e-05       1.10e-04       1.25e-04       1.38e-04       1.60e-04
 9.15
   -9.1730   -8.5810   -8.2240   -7.9630   -7.8350   -7.6870   -7.0280   -6.7410   -6.1590   -5.9230   -5.7180
       1.60e-05       2.43e-05       4.25e-05       5.84e-05       7.18e-05       8.54e-05       9.91e-05       1.13e-04       1.26e-04       1.40e-04       1.60e-04
  9.2
  -10.3490  -10.1750   -8.3730   -7.9260   -7.7780   -7.6060   -6.9490   -6.6420
       8.48e-06       2.57e-05       4.74e-05       6.45e-05       7.68e-05       8.90e-05       1.01e-04       1.12e-04
 9.25
  -10.3450  -10.1250   -8.2910   -7.8670   -7.7180   -7.2330   -6.9410   -6.6930
       7.32e-06       2.08e-05       3.66e-05       4.89e-05       5.75e-05       6.58e-05       7.36e-05       8.25e-05
  9.3
  -10.2700  -10.2560   -8.5410   -7.8150   -7.6830   -7.2310   -7.0070   -6.8030
       2.68e-06       1.09e-05       2.71e-05       3.84e-05       4.42e-05       5.00e-05       5.53e-05       6.15e-05
 9.35
  -10.2360  -10.2280   -8.4590   -7.7600   -7.6250   -7.1610   -6.9410   -6.7360
       2.37e-06       9.62e-06       2.40e-05       3.38e-05       3.85e-05       4.32e-05       4.75e-05       5.26e-05
  9.4
  -10.2210   -8.2360   -7.6850   -7.3030   -7.1080   -6.9190   -6.7470
       9.17e-06       2.30e-05       3.21e-05       3.60e-05       3.99e-05       4.36e-05       4.78e-05
 9.45
  -10.1700   -8.1090   -7.4260   -7.2170   -7.0100   -6.8200
       8.71e-06       2.10e-05       2.92e-05       3.32e-05       3.70e-05       4.14e-05
  9.5
  -10.1380   -8.0820   -7.4340   -7.2280   -7.0240   -6.8370
       7.83e-06       1.89e-05       2.63e-05       3.01e-05       3.36e-05       3.78e-05
 9.55
   -9.9450   -8.0370   -7.4060   -7.1950   -6.9870   -6.7950
       6.74e-06       1.71e-05       2.40e-05       2.74e-05       3.07e-05       3.46e-05
 9.65
   -8.3150   -7.7010   -7.2620   -7.2120   -6.9460   -6.6890
       5.48e-06       1.20e-05       1.52e-05       2.01e-05       2.34e-05       2.73e-05
  9.7
   -8.1410   -7.9430   -7.4970   -7.0150   -6.8050   -6.6060
       2.83e-06       7.78e-06       1.37e-05       1.80e-05       2.04e-05       2.34e-05
 9.75
   -7.8990   -7.8940   -7.8430   -7.8220   -7.7950   -7.7090   -7.5780   -7.5700   -7.2050   -6.8470   -6.6000
       9.11e-07       1.39e-06       1.68e-06       3.92e-06       4.20e-06       4.46e-06       8.37e-06       8.52e-06       1.27e-05       1.58e-05       1.86e-05
  9.8
   -7.8370   -7.8290   -7.8120   -7.7880   -7.7540   -7.5160   -7.3980   -7.1560   -6.8140   -6.5880   -6.5690
       4.23e-07       1.24e-06       1.50e-06       1.75e-06       3.79e-06       7.34e-06       7.56e-06       1.13e-05       1.42e-05       1.43e-05       1.69e-05
  9.9
   -7.7090   -7.6910   -7.6490   -7.5280   -7.1790   -6.9320   -6.6470
       5.15e-07       1.04e-06       1.97e-06       4.34e-06       7.16e-06       9.48e-06       1.25e-05
 9.95
   -7.6090   -7.5990   -7.5470   -7.4140   -7.0300   -6.7620   -6.4600
       5.12e-07       1.05e-06       1.99e-06       4.40e-06       7.27e-06       9.63e-06       1.18e-05
 10.0
   -7.5080   -7.5060   -7.4450   -7.3000   -6.8800   -6.5930   -6.2720
       5.19e-07       1.07e-06       2.03e-06       4.47e-06       7.39e-06       9.79e-06       1.11e-05
10.05
   -7.3520   -7.3290   -7.2780   -7.2230   -6.8730   -6.4410   -6.2790
       6.47e-07       1.24e-06       3.29e-06       3.85e-06       7.28e-06       9.65e-06       1.03e-05
10.15
   -7.1660   -7.1060   -6.8940   -6.4650   -6.3710   -6.3120
       8.21e-07       2.21e-06       4.92e-06       7.31e-06       8.08e-06       8.76e-06
