  5.5
    7.1930    7.8070    8.4530    8.5760    8.9730    9.2490    9.7340   10.2110
       1.33e-01       3.11e-01       4.81e-01       6.05e-01       7.18e-01       8.05e-01       9.05e-01       9.61e-01
 5.55
    7.1930    7.8070    8.4530    8.5760    8.9730    9.2490    9.7340   10.2110
       1.33e-01       3.11e-01       4.81e-01       6.05e-01       7.18e-01       8.05e-01       9.05e-01       9.61e-01
  5.6
    7.1930    7.8070    8.4530    8.5760    8.9730    9.2490    9.7340   10.2110
       1.33e-01       3.11e-01       4.81e-01       6.05e-01       7.18e-01       8.05e-01       9.05e-01       9.61e-01
 5.65
    7.1930    7.8070    8.4530    8.5760    8.9730    9.2490    9.7340   10.2110
       1.33e-01       3.11e-01       4.81e-01       6.05e-01       7.18e-01       8.05e-01       9.05e-01       9.61e-01
  5.7
    7.1930    7.8070    8.4530    8.5760    8.9730    9.2490    9.7340   10.2110
       1.33e-01       3.11e-01       4.81e-01       6.05e-01       7.18e-01       8.05e-01       9.05e-01       9.61e-01
 5.75
    7.1930    7.8070    8.4530    8.5760    8.9730    9.2490    9.7340   10.2110
       1.33e-01       3.11e-01       4.81e-01       6.05e-01       7.18e-01       8.05e-01       9.05e-01       9.61e-01
  5.8
    7.1930    7.8070    8.4530    8.5760    8.9730    9.2490    9.7340   10.2110
       1.33e-01       3.11e-01       4.81e-01       6.05e-01       7.18e-01       8.05e-01       9.05e-01       9.61e-01
 5.85
    7.1930    7.8070    8.4530    8.5760    8.9730    9.2490    9.7340   10.2110
       1.33e-01       3.11e-01       4.81e-01       6.05e-01       7.18e-01       8.05e-01       9.05e-01       9.61e-01
  5.9
    7.1930    7.8070    8.4530    8.5760    8.9730    9.2490    9.7340   10.2110
       1.33e-01       3.11e-01       4.81e-01       6.05e-01       7.18e-01       8.05e-01       9.05e-01       9.61e-01
 5.95
    7.1930    7.8070    8.4530    8.5760    8.9730    9.2490    9.7340   10.2110
       1.33e-01       3.11e-01       4.81e-01       6.05e-01       7.18e-01       8.05e-01       9.05e-01       9.61e-01
  6.0
    7.1930    7.8070    8.4530    8.5760    8.9730    9.2490    9.7340   10.2110
       1.33e-01       3.11e-01       4.81e-01       6.05e-01       7.18e-01       8.05e-01       9.05e-01       9.61e-01
 6.05
    7.1930    7.8070    8.4530    8.5760    8.9730    9.2490    9.7340   10.2110
       1.33e-01       3.11e-01       4.81e-01       6.05e-01       7.18e-01       8.05e-01       9.05e-01       9.61e-01
  6.1
    7.1930    7.8070    8.4530    8.5760    8.9730    9.2490    9.7340   10.2110
       1.33e-01       3.11e-01       4.81e-01       6.05e-01       7.18e-01       8.05e-01       9.05e-01       9.61e-01
 6.15
    7.1930    7.8070    8.4530    8.5760    8.9730    9.2490    9.7340   10.2110
       1.33e-01       3.11e-01       4.81e-01       6.05e-01       7.18e-01       8.05e-01       9.05e-01       9.61e-01
  6.2
    7.1930    7.8070    8.4530    8.5760    8.9730    9.2490    9.7340   10.2110
       1.33e-01       3.11e-01       4.81e-01       6.05e-01       7.18e-01       8.05e-01       9.05e-01       9.61e-01
 6.25
    7.1930    7.8070    8.4530    8.5760    8.9730    9.2490    9.7340   10.2110
       1.33e-01       3.11e-01       4.81e-01       6.05e-01       7.18e-01       8.05e-01       9.05e-01       9.61e-01
  6.3
    7.1930    7.8070    8.4530    8.5760    8.9730    9.2490    9.7340   10.2110
       1.33e-01       3.11e-01       4.81e-01       6.05e-01       7.18e-01       8.05e-01       9.05e-01       9.61e-01
 6.35
    7.1930    7.8070    8.4530    8.5760    8.9730    9.2490    9.7340   10.2110
       1.33e-01       3.11e-01       4.81e-01       6.05e-01       7.18e-01       8.05e-01       9.05e-01       9.61e-01
  6.4
    7.1930    7.8070    8.4530    8.5760    8.9730    9.2490    9.7340   10.2110
       1.33e-01       3.11e-01       4.81e-01       6.05e-01       7.18e-01       8.05e-01       9.05e-01       9.61e-01
 6.45
    7.1930    7.8070    8.4530    8.5760    8.9730    9.2490    9.7340   10.2110
       1.33e-01       3.11e-01       4.81e-01       6.05e-01       7.18e-01       8.05e-01       9.05e-01       9.61e-01
  6.5
    7.1930    7.8070    8.4530    8.5760    8.9730    9.2490    9.7340   10.2110
       1.33e-01       3.11e-01       4.81e-01       6.05e-01       7.18e-01       8.05e-01       9.05e-01       9.61e-01
 6.55
    7.1930    7.8070    8.4530    8.5760    8.9730    9.2490    9.7340   10.2110
       1.33e-01       3.11e-01       4.81e-01       6.05e-01       7.18e-01       8.05e-01       9.05e-01       9.61e-01
  6.6
    7.1930    7.8070    8.4530    8.5760    8.9730    9.2490    9.7340   10.2110
       1.33e-01       3.11e-01       4.81e-01       6.05e-01       7.18e-01       8.05e-01       9.05e-01       9.61e-01
 6.65
    7.1930    7.8070    8.4530    8.5760    8.9730    9.2490    9.7340   10.2110
       1.33e-01       3.11e-01       4.81e-01       6.05e-01       7.18e-01       8.05e-01       9.05e-01       9.61e-01
  6.7
    7.1930    7.8070    8.4530    8.5760    8.9730    9.2490    9.7340   10.2110
       1.33e-01       3.11e-01       4.81e-01       6.05e-01       7.18e-01       8.05e-01       9.05e-01       9.61e-01
 6.75
    7.1930    7.8070    8.4530    8.5760    8.9730    9.2490    9.7340   10.2110
       1.33e-01       3.11e-01       4.81e-01       6.05e-01       7.18e-01       8.05e-01       9.05e-01       9.61e-01
  6.8
    7.1930    7.8070    8.4530    8.5760    8.9730    9.2490    9.7340   10.2110
       1.33e-01       3.11e-01       4.81e-01       6.05e-01       7.18e-01       8.05e-01       9.05e-01       9.61e-01
 6.85
    7.1930    7.8070    8.4530    8.5760    8.9730    9.2490    9.7340   10.2110
       1.33e-01       3.11e-01       4.81e-01       6.05e-01       7.18e-01       8.05e-01       9.05e-01       9.61e-01
  6.9
    7.1930    7.8060    8.4530    8.5760    8.9730    9.2490    9.7340   10.2110
       1.33e-01       3.11e-01       4.81e-01       6.05e-01       7.18e-01       8.05e-01       9.05e-01       9.61e-01
 6.95
    7.1930    7.8060    8.4530    8.5760    8.9730    9.2490    9.7340   10.2110
       1.33e-01       3.11e-01       4.81e-01       6.05e-01       7.18e-01       8.05e-01       9.05e-01       9.61e-01
  7.0
    7.1930    7.8060    8.4530    8.5760    8.9730    9.2490    9.7340   10.2110
       1.33e-01       3.11e-01       4.81e-01       6.05e-01       7.18e-01       8.05e-01       9.05e-01       9.61e-01
 7.05
    7.1930    7.8060    8.4530    8.5760    8.9730    9.2490    9.7340   10.2110
       1.33e-01       3.11e-01       4.81e-01       6.05e-01       7.18e-01       8.05e-01       9.05e-01       9.61e-01
  7.1
    7.1930    7.8050    8.4530    8.5760    8.9730    9.2490    9.7340   10.2110
       1.33e-01       3.11e-01       4.81e-01       6.05e-01       7.18e-01       8.05e-01       9.05e-01       9.61e-01
 7.15
    7.1930    7.8050    8.4530    8.5760    8.9730    9.2490    9.7340   10.2110
       1.33e-01       3.11e-01       4.81e-01       6.05e-01       7.18e-01       8.05e-01       9.05e-01       9.61e-01
  7.2
    7.1930    7.8050    8.4530    8.5760    8.9730    9.2490    9.7340   10.2110
       1.33e-01       3.11e-01       4.81e-01       6.05e-01       7.18e-01       8.05e-01       9.05e-01       9.61e-01
 7.25
    7.1930    7.8050    8.4530    8.5760    8.9730    9.2490    9.7340   10.2110
       1.33e-01       3.11e-01       4.81e-01       6.05e-01       7.18e-01       8.05e-01       9.05e-01       9.61e-01
  7.3
    7.1930    7.8050    8.4530    8.5760    8.9730    9.2490    9.7340   10.2110
       1.33e-01       3.11e-01       4.81e-01       6.05e-01       7.18e-01       8.05e-01       9.05e-01       9.61e-01
 7.35
    7.1930    7.8050    8.4530    8.5760    8.9730    9.2490    9.7340   10.2110
       1.33e-01       3.11e-01       4.81e-01       6.05e-01       7.18e-01       8.05e-01       9.05e-01       9.61e-01
  7.4
    7.1930    7.8050    8.4530    8.5760    8.9730    9.2490    9.7340   10.2110
       1.33e-01       3.11e-01       4.81e-01       6.05e-01       7.18e-01       8.05e-01       9.05e-01       9.61e-01
 7.45
    7.1930    7.8050    8.4530    8.5760    8.9730    9.2490    9.7340   10.2110
       1.33e-01       3.11e-01       4.81e-01       6.05e-01       7.18e-01       8.05e-01       9.05e-01       9.61e-01
  7.5
    7.1930    7.8050    8.4530    8.5760    8.9730    9.2490    9.7340   10.2110
       1.33e-01       3.11e-01       4.81e-01       6.05e-01       7.18e-01       8.05e-01       9.05e-01       9.61e-01
  7.6
    7.1930    7.8050    8.4530    8.5760    8.9730    9.2490    9.7340   10.2110
       1.33e-01       3.11e-01       4.81e-01       6.05e-01       7.18e-01       8.05e-01       9.05e-01       9.61e-01
 7.65
    7.1930    7.8050    8.4530    8.5760    8.9730    9.2490    9.7340   10.2110
       1.33e-01       3.11e-01       4.81e-01       6.05e-01       7.18e-01       8.05e-01       9.05e-01       9.61e-01
  7.7
    7.1930    7.8050    8.4530    8.5760    8.9730    9.2490    9.7340   10.2110
       1.33e-01       3.11e-01       4.81e-01       6.05e-01       7.18e-01       8.05e-01       9.05e-01       9.61e-01
 7.75
    7.1930    7.8050    8.4530    8.5760    8.9730    9.2490    9.7340   10.2110
       1.33e-01       3.11e-01       4.81e-01       6.05e-01       7.18e-01       8.05e-01       9.05e-01       9.61e-01
 7.85
    7.1930    7.8050    8.4530    8.5760    8.9730    9.2490    9.7340   10.2110
       1.33e-01       3.11e-01       4.81e-01       6.05e-01       7.18e-01       8.05e-01       9.05e-01       9.61e-01
  7.9
    7.1930    7.8050    8.4530    8.5760    8.9730    9.2490    9.7340   10.2110
       1.33e-01       3.11e-01       4.81e-01       6.05e-01       7.18e-01       8.05e-01       9.05e-01       9.61e-01
 7.95
    7.1930    7.8050    8.4520    8.5760    8.9730    9.2490    9.7340   10.2110
       1.33e-01       3.11e-01       4.81e-01       6.05e-01       7.18e-01       8.05e-01       9.05e-01       9.61e-01
  8.0
   -8.5110   -8.4790   -8.4770   -8.4430   -8.4360   -8.3960   -8.3020    7.1930    7.8050    8.4520    8.5760    8.9730    9.2490    9.7340   10.2110
       2.21e-07       2.27e-07       6.00e-07       7.64e-07       9.85e-07       1.58e-06       2.28e-06       1.33e-01       3.11e-01       4.81e-01       6.05e-01       7.18e-01       8.05e-01       9.05e-01       9.61e-01
 8.05
  -11.6050  -11.6040  -11.6020  -11.6000  -11.5980  -11.5930  -11.5910  -11.5820  -11.5760  -11.5730  -11.5620  -11.5490  -11.5360  -11.5330  -11.5230  -11.5110  -11.5090  -11.4940  -11.4790  -11.4780  -11.4650  -11.4640  -11.4490  -11.4480  -11.4340  -11.4190  -11.4040  -11.3880  -11.3730  -11.3580  -11.3430  -11.3280  -11.3130  -11.2980  -11.2830  -11.2680  -11.2530  -11.2380  -11.2230  -11.2080  -11.1930  -11.1790  -11.1640  -11.1490  -11.1340  -11.1190  -11.1040  -11.0880  -11.0730  -11.0570  -11.0430  -11.0290  -11.0140  -10.9990  -10.9840  -10.9670  -10.9500  -10.9330  -10.9130  -10.8920  -10.8770  -10.8680  -10.8380  -10.8030  -10.7610  -10.7180  -10.6520  -10.6310  -10.2880  -10.2570  -10.0750   -9.8080   -9.5720   -9.3460   -9.1490   -9.0000   -8.6530   -8.6400   -8.3850    7.1930    7.8050    8.4520    8.5760    8.9730    9.2490    9.7340   10.2110
       1.55e-08       3.10e-08       4.67e-08       6.23e-08       7.79e-08       1.01e-07       1.17e-07       1.33e-07       1.63e-07       1.79e-07       1.95e-07       2.11e-07       2.27e-07       2.57e-07       2.73e-07       3.11e-07       3.27e-07       3.43e-07       3.60e-07       3.90e-07       4.06e-07       4.21e-07       4.37e-07       4.52e-07       4.68e-07       4.85e-07       5.01e-07       5.18e-07       5.34e-07       5.51e-07       5.68e-07       5.84e-07       6.01e-07       6.18e-07       6.35e-07       6.52e-07       6.68e-07       6.85e-07       7.03e-07       7.20e-07       7.37e-07       7.54e-07       7.71e-07       7.88e-07       8.06e-07       8.23e-07       8.40e-07       8.58e-07       8.75e-07       8.92e-07       9.10e-07       9.28e-07       9.46e-07       9.64e-07       9.82e-07       1.00e-06       1.02e-06       1.04e-06       1.06e-06       1.07e-06       1.09e-06       1.11e-06       1.13e-06       1.15e-06       1.17e-06       1.19e-06       1.20e-06       1.22e-06       1.23e-06       1.27e-06       1.33e-06       1.40e-06       1.45e-06       1.49e-06       1.52e-06       1.55e-06       1.67e-06       2.63e-06       4.54e-06       1.33e-01       3.11e-01       4.81e-01       6.05e-01       7.18e-01       8.05e-01       9.05e-01       9.61e-01
  8.1
  -11.7110  -11.5820  -11.4700  -11.4690  -11.4690  -11.4650  -11.4620  -11.4600  -11.4540  -11.4460  -11.4390  -11.4370  -11.4270  -11.4160  -11.4130  -11.4040  -11.3920  -11.3900  -11.3800  -11.3780  -11.3680  -11.3670  -11.3560  -11.3540  -11.3410  -11.3270  -11.3140  -11.3010  -11.2870  -11.2740  -11.2610  -11.2470  -11.2340  -11.2210  -11.2080  -11.1950  -11.1820  -11.1690  -11.1560  -11.1430  -11.1300  -11.1170  -11.1040  -11.0920  -11.0790  -11.0660  -11.0530  -11.0400  -11.0270  -11.0140  -11.0010  -10.9880  -10.9760  -10.9640  -10.9520  -10.9400  -10.9270  -10.9150  -10.9010  -10.8880  -10.8750  -10.8590  -10.8440  -10.8260  -10.8050  -10.7800  -10.7510  -10.7220  -10.6760  -10.2210  -10.0560   -9.8140   -9.5780   -9.3660   -9.1570   -9.0000   -8.6510   -8.6370   -8.3770   -8.1730    7.1930    7.8050    8.4520    8.5760    8.9730    9.2490    9.7340   10.2110
       2.67e-08       5.48e-08       7.83e-08       1.37e-07       1.37e-07       1.60e-07       2.06e-07       2.30e-07       2.54e-07       2.78e-07       3.24e-07       3.48e-07       3.72e-07       3.96e-07       4.53e-07       4.77e-07       5.01e-07       5.47e-07       5.71e-07       5.93e-07       6.15e-07       6.40e-07       6.58e-07       6.83e-07       7.07e-07       7.32e-07       7.57e-07       7.81e-07       8.06e-07       8.31e-07       8.56e-07       8.81e-07       9.06e-07       9.31e-07       9.57e-07       9.82e-07       1.01e-06       1.03e-06       1.06e-06       1.08e-06       1.11e-06       1.14e-06       1.16e-06       1.19e-06       1.21e-06       1.24e-06       1.27e-06       1.29e-06       1.32e-06       1.34e-06       1.37e-06       1.40e-06       1.42e-06       1.45e-06       1.48e-06       1.50e-06       1.53e-06       1.56e-06       1.59e-06       1.61e-06       1.64e-06       1.67e-06       1.70e-06       1.72e-06       1.75e-06       1.78e-06       1.81e-06       1.84e-06       1.87e-06       1.92e-06       2.02e-06       2.12e-06       2.19e-06       2.26e-06       2.30e-06       2.34e-06       2.52e-06       3.64e-06       5.87e-06       8.41e-06       1.33e-01       3.11e-01       4.81e-01       6.05e-01       7.18e-01       8.05e-01       9.05e-01       9.61e-01
 8.15
  -11.9010  -11.5690  -11.5000  -11.4470  -11.4260  -11.3460  -11.3440  -11.3430  -11.3350  -11.3330  -11.3200  -11.3160  -11.3040  -11.2970  -11.2850  -11.2830  -11.2750  -11.2660  -11.2450  -11.2240  -11.2030  -11.1820  -11.1600  -11.1400  -11.1190  -11.0980  -11.0780  -11.0580  -11.0380  -11.0180  -10.9990  -10.9790  -10.9590  -10.9490  -10.9390  -10.9290  -10.9200  -10.9110  -10.9020  -10.8940  -10.8840  -10.8750  -10.8670  -10.8590  -10.8500  -10.8410  -10.8320  -10.8230  -10.8130  -10.8040  -10.7940  -10.7840  -10.7730  -10.7610  -10.7460  -10.7310  -10.0840   -9.8200   -9.4750   -9.2320   -9.0190   -8.6400   -8.6320   -8.5710   -8.5710   -8.4970   -8.3620   -8.3060   -8.2330   -8.0860   -7.9310    7.1920    7.8040    8.4520    8.5760    8.9730    9.2490    9.7340   10.2110
       8.74e-08       1.22e-07       1.57e-07       1.91e-07       2.26e-07       2.85e-07       3.44e-07       4.03e-07       4.62e-07       5.22e-07       5.82e-07       6.40e-07       7.00e-07       7.58e-07       8.19e-07       8.62e-07       9.25e-07       9.86e-07       1.05e-06       1.11e-06       1.17e-06       1.23e-06       1.29e-06       1.36e-06       1.42e-06       1.48e-06       1.54e-06       1.61e-06       1.67e-06       1.73e-06       1.80e-06       1.86e-06       1.91e-06       1.94e-06       1.97e-06       2.01e-06       2.04e-06       2.07e-06       2.10e-06       2.13e-06       2.17e-06       2.20e-06       2.23e-06       2.27e-06       2.30e-06       2.33e-06       2.36e-06       2.40e-06       2.43e-06       2.46e-06       2.50e-06       2.53e-06       2.57e-06       2.60e-06       2.63e-06       2.67e-06       2.81e-06       2.99e-06       3.12e-06       3.21e-06       3.27e-06       3.52e-06       3.79e-06       4.36e-06       4.36e-06       5.34e-06       6.58e-06       7.74e-06       9.11e-06       1.06e-05       1.23e-05       1.33e-01       3.11e-01       4.81e-01       6.05e-01       7.18e-01       8.05e-01       9.05e-01       9.61e-01
  8.2
  -11.5450  -11.5320  -11.4880  -11.4300  -11.2860  -11.2150  -11.2150  -11.2090  -11.2070  -11.2000  -11.1980  -11.1860  -11.1850  -11.1720  -11.1710  -11.1560  -11.1400  -11.1230  -11.1050  -11.0880  -11.0710  -11.0540  -11.0370  -11.0200  -11.0040  -10.9870  -10.9700  -10.9530  -10.9360  -10.9200  -10.9060  -10.8980  -10.8920  -10.8840  -10.8770  -10.8700  -10.8630  -10.8550  -10.8470  -10.8400  -10.8320  -10.8260  -10.8190  -10.8120  -10.8030  -10.7940  -10.7860  -10.7780  -10.7690  -10.7600  -10.7510  -10.7400  -10.7280  -10.7150  -10.1110  -10.0960   -9.9910   -9.7710   -9.4650   -9.2370   -9.0090   -8.6320   -8.6250   -8.4940   -8.4930   -8.3080   -8.2970   -8.2870   -8.1740   -8.0200   -7.8400    7.1920    7.8040    8.4520    8.5760    8.9730    9.2490    9.7340   10.2110
       4.84e-08       1.45e-07       1.94e-07       2.43e-07       2.90e-07       4.55e-07       4.55e-07       5.38e-07       6.21e-07       7.03e-07       7.86e-07       8.68e-07       9.52e-07       1.04e-06       1.12e-06       1.20e-06       1.29e-06       1.37e-06       1.46e-06       1.55e-06       1.63e-06       1.72e-06       1.81e-06       1.89e-06       1.98e-06       2.07e-06       2.16e-06       2.25e-06       2.33e-06       2.42e-06       2.49e-06       2.54e-06       2.58e-06       2.63e-06       2.67e-06       2.72e-06       2.76e-06       2.81e-06       2.85e-06       2.90e-06       2.94e-06       2.99e-06       3.04e-06       3.08e-06       3.13e-06       3.17e-06       3.22e-06       3.27e-06       3.31e-06       3.36e-06       3.41e-06       3.45e-06       3.50e-06       3.55e-06       3.61e-06       3.70e-06       3.90e-06       4.14e-06       4.32e-06       4.44e-06       4.53e-06       4.86e-06       5.16e-06       5.18e-06       5.81e-06       7.11e-06       8.23e-06       9.63e-06       1.12e-05       1.29e-05       1.48e-05       1.33e-01       3.11e-01       4.81e-01       6.05e-01       7.18e-01       8.05e-01       9.05e-01       9.61e-01
 8.25
  -11.5200  -11.4750  -11.4350  -11.3130  -11.2270  -11.0870  -11.0840  -11.0820  -11.0760  -11.0750  -11.0660  -11.0660  -11.0580  -11.0470  -11.0350  -11.0220  -11.0080  -10.9950  -10.9820  -10.9690  -10.9550  -10.9420  -10.9290  -10.9150  -10.9020  -10.8920  -10.8810  -10.8690  -10.8580  -10.8520  -10.8460  -10.8400  -10.8340  -10.8280  -10.8230  -10.8160  -10.8100  -10.8040  -10.7980  -10.7920  -10.7870  -10.7810  -10.7730  -10.7650  -10.7570  -10.7510  -10.7440  -10.7360  -10.7280  -10.7190  -10.7100  -10.6990  -10.0270  -10.0120   -9.9950   -9.9860   -9.8990   -9.7210   -9.4540   -9.2410   -9.0000   -8.6250   -8.6190   -8.4180   -8.4140   -8.3110   -8.2120   -8.1150   -8.0950   -7.9510   -7.7470    7.1920    7.8040    8.4520    8.5760    8.9730    9.2490    9.7340   10.2110
       6.50e-08       1.31e-07       1.97e-07       2.60e-07       3.70e-07       4.82e-07       5.92e-07       7.04e-07       8.16e-07       9.27e-07       1.15e-06       1.15e-06       1.26e-06       1.38e-06       1.49e-06       1.61e-06       1.72e-06       1.84e-06       1.95e-06       2.07e-06       2.19e-06       2.30e-06       2.42e-06       2.54e-06       2.66e-06       2.78e-06       2.90e-06       3.01e-06       3.10e-06       3.16e-06       3.23e-06       3.29e-06       3.35e-06       3.41e-06       3.47e-06       3.53e-06       3.59e-06       3.65e-06       3.71e-06       3.77e-06       3.84e-06       3.90e-06       3.96e-06       4.02e-06       4.08e-06       4.15e-06       4.21e-06       4.27e-06       4.33e-06       4.40e-06       4.46e-06       4.53e-06       4.64e-06       4.74e-06       4.83e-06       4.94e-06       5.20e-06       5.53e-06       5.77e-06       5.93e-06       6.04e-06       6.46e-06       6.80e-06       6.83e-06       7.54e-06       9.01e-06       1.06e-05       1.23e-05       1.36e-05       1.56e-05       1.77e-05       1.33e-01       3.11e-01       4.81e-01       6.05e-01       7.18e-01       8.05e-01       9.05e-01       9.61e-01
  8.3
  -10.9980  -10.9880  -10.9600  -10.9260  -10.8970  -10.8640  -10.8240  -10.7790  -10.7670  -10.7180  -10.6420   -9.9480   -9.8940   -9.8660   -9.8380   -9.7560   -9.6030   -9.3750   -9.1540   -8.8390   -8.6560   -8.6470   -8.4250   -8.2940   -8.2830   -8.2820   -8.2480   -8.2030   -8.1840   -8.1840   -8.0820   -7.9160   -7.7400    7.1910    7.8040    8.4520    8.5760    8.9730    9.2490    9.7340   10.2110
       3.46e-07       6.96e-07       1.05e-06       1.40e-06       1.76e-06       2.12e-06       2.48e-06       2.71e-06       2.90e-06       3.21e-06       3.60e-06       3.94e-06       4.13e-06       4.18e-06       4.29e-06       4.50e-06       4.75e-06       4.96e-06       5.09e-06       5.75e-06       6.06e-06       6.33e-06       6.81e-06       8.04e-06       8.48e-06       9.86e-06       1.08e-05       1.10e-05       1.17e-05       1.17e-05       1.32e-05       1.47e-05       1.65e-05       1.33e-01       3.11e-01       4.81e-01       6.05e-01       7.18e-01       8.05e-01       9.05e-01       9.61e-01
 8.35
  -10.9310  -10.9250  -10.9230  -10.9130  -10.8910  -10.8590  -10.8170  -10.7640  -10.7490  -10.6820  -10.5900   -9.8670   -9.8050   -9.7780   -9.7520   -9.6700   -9.5270   -9.3360   -9.1260   -8.8440   -8.6990   -8.6830   -8.4560   -8.4100   -8.4010   -8.3310   -8.3090   -8.3090   -8.2770   -8.2630   -8.0110   -7.7980   -7.5780    7.1910    7.8040    8.4520    8.5760    8.9730    9.2490    9.7340   10.2110
       2.51e-07       5.04e-07       7.51e-07       1.01e-06       1.26e-06       1.52e-06       1.78e-06       1.94e-06       2.08e-06       2.30e-06       2.59e-06       2.83e-06       2.97e-06       3.02e-06       3.10e-06       3.26e-06       3.46e-06       3.62e-06       3.72e-06       4.22e-06       4.45e-06       4.74e-06       5.29e-06       6.34e-06       7.72e-06       8.22e-06       8.68e-06       8.68e-06       9.18e-06       1.07e-05       1.24e-05       1.42e-05       1.61e-05       1.33e-01       3.11e-01       4.81e-01       6.05e-01       7.18e-01       8.05e-01       9.05e-01       9.61e-01
  8.4
  -10.8940  -10.8880  -10.8710  -10.8580  -10.8060  -10.7450  -10.6980  -10.6610  -10.6400  -10.6200  -10.6100  -10.5970  -10.5860  -10.5730   -9.7910   -9.7370   -9.7130   -9.6230   -9.5270   -9.4280   -9.4090   -9.3130   -9.1240   -8.6910   -8.6830   -8.6150   -8.4330   -8.3850   -8.3190   -8.2720   -8.1750   -7.9140   -7.6920   -7.4220    7.1910    7.8040    8.4520    8.5760    8.9730    9.2490    9.7340   10.2110
       2.13e-07       3.97e-07       6.53e-07       8.51e-07       1.08e-06       1.21e-06       1.28e-06       1.32e-06       1.35e-06       1.38e-06       1.41e-06       1.44e-06       1.47e-06       1.50e-06       1.67e-06       1.75e-06       1.83e-06       1.94e-06       2.04e-06       2.14e-06       2.17e-06       2.28e-06       2.39e-06       2.81e-06       2.91e-06       3.30e-06       5.54e-06       6.06e-06       7.63e-06       7.93e-06       9.50e-06       1.11e-05       1.28e-05       1.50e-05       1.33e-01       3.11e-01       4.81e-01       6.05e-01       7.18e-01       8.05e-01       9.05e-01       9.61e-01
 8.45
  -11.5460  -11.5290  -11.4960  -11.4610  -11.4080  -11.3590  -11.3220  -11.2930  -11.2760  -11.2560  -11.2350  -11.2350  -11.2130  -11.1910  -11.1680   -9.8630   -9.7540   -9.6780   -9.6360   -9.5140   -9.4050   -9.2860   -9.1550   -8.9430   -8.4430   -8.4370   -8.3600   -8.1900   -8.1740   -8.1470   -8.0650   -7.8400   -7.6090   -7.4010    7.1900    7.8040    8.4520    8.5760    8.9730    9.2490    9.7340   10.2110
       5.98e-07       1.15e-06       1.80e-06       2.57e-06       3.26e-06       3.64e-06       3.86e-06       3.99e-06       4.08e-06       4.16e-06       4.34e-06       4.34e-06       4.43e-06       4.52e-06       4.61e-06       4.70e-06       5.21e-06       5.47e-06       5.67e-06       5.92e-06       6.17e-06       6.41e-06       6.65e-06       6.91e-06       7.87e-06       7.99e-06       8.43e-06       9.00e-06       1.08e-05       1.11e-05       1.36e-05       1.54e-05       1.71e-05       1.91e-05       1.33e-01       3.11e-01       4.81e-01       6.05e-01       7.18e-01       8.05e-01       9.05e-01       9.61e-01
  8.5
  -11.3100  -11.3050  -11.3010  -11.2910  -11.2730  -11.2600  -11.2450  -11.2330  -11.2260  -11.2190  -11.2110  -11.2030  -11.1960  -11.1880  -11.0620  -11.0550  -10.9900   -9.5520   -9.4720   -9.4610   -9.4420   -9.2800   -9.1430   -8.9950   -8.7620   -8.1870   -8.1840   -8.1050   -8.0290   -8.0200   -7.9930   -7.6970   -7.5030   -7.3030    7.1900    7.8030    8.4520    8.5760    8.9730    9.2490    9.7340   10.2110
       1.17e-06       2.17e-06       3.57e-06       4.66e-06       5.91e-06       6.61e-06       7.00e-06       7.24e-06       7.39e-06       7.55e-06       7.71e-06       7.87e-06       8.03e-06       8.19e-06       8.35e-06       8.52e-06       8.69e-06       9.61e-06       1.01e-05       1.05e-05       1.09e-05       1.13e-05       1.17e-05       1.21e-05       1.25e-05       1.27e-05       1.42e-05       1.47e-05       1.67e-05       1.71e-05       1.77e-05       2.05e-05       2.25e-05       2.44e-05       1.33e-01       3.11e-01       4.81e-01       6.05e-01       7.18e-01       8.05e-01       9.05e-01       9.61e-01
 8.55
  -11.2300  -11.2290  -11.2250  -11.2250  -11.2230  -11.2200  -11.2180  -11.2150  -11.2120  -11.2070  -11.2060  -11.1850  -11.1800  -11.1670  -11.1450  -11.1140  -11.0330  -10.4850   -9.4780   -9.3340   -9.2790   -9.2220   -9.1920   -9.0000   -8.8300   -8.5810   -7.9370   -7.9230   -7.8930   -7.8860   -7.8490   -7.7980   -7.3310   -7.1680    7.1900    7.8030    8.4520    8.5760    8.9730    9.2490    9.7340   10.2110
       1.08e-06       1.69e-06       3.97e-06       3.97e-06       4.22e-06       4.46e-06       4.70e-06       4.95e-06       5.19e-06       5.44e-06       7.60e-06       7.86e-06       9.65e-06       9.91e-06       1.15e-05       1.31e-05       1.34e-05       1.36e-05       1.51e-05       1.58e-05       1.63e-05       1.70e-05       1.76e-05       1.82e-05       1.88e-05       1.95e-05       1.97e-05       2.19e-05       2.23e-05       2.45e-05       2.50e-05       2.57e-05       2.88e-05       3.10e-05       1.33e-01       3.11e-01       4.81e-01       6.05e-01       7.18e-01       8.05e-01       9.05e-01       9.61e-01
  8.6
  -11.1670  -11.1410  -11.1230  -11.1010  -11.0730  -11.0300  -11.0220   -9.5220   -9.1590   -9.1360   -9.1170   -9.0990   -9.0790   -9.0700   -9.0630   -9.0530   -9.0230   -8.8140   -8.6650   -8.4510   -8.3070   -8.2170   -8.1260   -7.6990   -7.6940   -7.6180   -7.5910   -7.3290   -7.0270    7.1890    7.8030    8.4520    8.5760    8.9730    9.2490    9.7340   10.2110
       9.01e-07       2.49e-06       4.40e-06       6.45e-06       8.66e-06       1.10e-05       1.16e-05       1.41e-05       1.54e-05       1.56e-05       1.58e-05       1.61e-05       1.64e-05       1.66e-05       1.69e-05       1.73e-05       1.78e-05       1.84e-05       1.91e-05       1.97e-05       2.00e-05       2.02e-05       2.05e-05       2.18e-05       2.20e-05       2.28e-05       2.46e-05       2.68e-05       2.89e-05       1.33e-01       3.11e-01       4.81e-01       6.05e-01       7.18e-01       8.05e-01       9.05e-01       9.61e-01
 8.65
  -11.1150  -11.0410  -10.9990  -10.9710  -10.9410  -10.7750   -9.7930   -9.2690   -9.0410   -9.0180   -8.9990   -8.9820   -8.9480   -8.9380   -8.9310   -8.9190   -8.8900   -8.6410   -8.4800   -8.2550   -8.1090   -8.0170   -7.9240   -7.4680   -7.4530   -7.3850   -7.2510   -6.9920    7.1890    7.8030    8.4520    8.5760    8.9730    9.2490    9.7340   10.2110
       8.29e-07       2.29e-06       4.04e-06       5.93e-06       7.96e-06       8.49e-06       1.07e-05       1.29e-05       1.42e-05       1.45e-05       1.48e-05       1.52e-05       1.56e-05       1.60e-05       1.64e-05       1.69e-05       1.76e-05       1.86e-05       1.96e-05       2.04e-05       2.08e-05       2.11e-05       2.16e-05       2.34e-05       2.36e-05       2.45e-05       2.65e-05       2.89e-05       1.33e-01       3.11e-01       4.81e-01       6.05e-01       7.18e-01       8.05e-01       9.05e-01       9.61e-01
  8.7
  -11.0590  -10.9410  -10.8760  -10.8420  -10.6900   -9.8630   -9.3710   -9.0690   -8.9240   -8.9000   -8.8810   -8.8640   -8.8270   -8.8060   -8.7980   -8.7850   -8.7560   -8.4630   -8.2940   -8.0570   -7.9110   -7.8160   -7.7210   -7.2350   -7.2120   -7.1530   -6.9100    7.1890    7.8020    8.4520    8.5760    8.9730    9.2490    9.7340   10.2110
       7.31e-07       2.02e-06       3.56e-06       5.23e-06       5.70e-06       7.49e-06       9.39e-06       1.14e-05       1.26e-05       1.30e-05       1.34e-05       1.39e-05       1.45e-05       1.50e-05       1.56e-05       1.63e-05       1.73e-05       1.85e-05       1.99e-05       2.10e-05       2.16e-05       2.20e-05       2.26e-05       2.50e-05       2.52e-05       2.63e-05       2.85e-05       1.33e-01       3.11e-01       4.81e-01       6.05e-01       7.18e-01       8.05e-01       9.05e-01       9.61e-01
 8.75
  -11.0010  -10.8730  -10.8410  -10.7520   -9.6570   -9.2540   -9.0320   -8.8960   -8.8050   -8.7820   -8.7620   -8.7440   -8.7070   -8.6810   -8.6650   -8.6510   -8.6230   -8.2800   -8.1080   -7.8600   -7.7120   -7.6160   -7.5180   -7.0040   -6.9710   -6.9190    7.1890    7.8020    8.4510    8.5760    8.9730    9.2490    9.7340   10.2110
       6.03e-07       9.90e-07       2.05e-06       3.32e-06       4.70e-06       6.17e-06       7.74e-06       9.39e-06       1.05e-05       1.10e-05       1.15e-05       1.22e-05       1.30e-05       1.36e-05       1.44e-05       1.53e-05       1.66e-05       1.83e-05       2.01e-05       2.15e-05       2.23e-05       2.28e-05       2.37e-05       2.67e-05       2.69e-05       2.80e-05       1.33e-01       3.11e-01       4.81e-01       6.05e-01       7.18e-01       8.05e-01       9.05e-01       9.61e-01
  8.8
  -10.8600  -10.7340   -9.0970   -8.7980   -8.6800   -8.6420   -8.6140   -8.5900   -8.5570   -8.5340   -8.5150   -8.4870   -8.4290   -8.0680   -7.8630   -7.7290   -7.5920   -7.4460   -7.2740   -6.7180   -6.7000    7.1880    7.8020    8.4510    8.5760    8.9730    9.2490    9.7340   10.2110
       9.27e-07       2.75e-06       5.33e-06       7.90e-06       9.73e-06       1.07e-05       1.15e-05       1.23e-05       1.32e-05       1.42e-05       1.52e-05       1.63e-05       1.74e-05       1.91e-05       2.08e-05       2.20e-05       2.31e-05       2.42e-05       2.55e-05       2.91e-05       2.95e-05       1.33e-01       3.11e-01       4.81e-01       6.05e-01       7.18e-01       8.05e-01       9.05e-01       9.61e-01
 8.85
  -10.6750  -10.6220   -8.9320   -8.6700   -8.5630   -8.5200   -8.4900   -8.4580   -8.4230   -8.4020   -8.3750   -8.3360   -8.2680   -7.8470   -7.6040   -7.4560   -7.3070   -7.1500   -6.6700    7.1870    7.8000    8.4520    8.5760    8.9730    9.2490    9.7340   10.2110
       1.99e-06       3.01e-06       5.83e-06       8.65e-06       1.07e-05       1.18e-05       1.27e-05       1.36e-05       1.46e-05       1.57e-05       1.69e-05       1.81e-05       1.94e-05       2.13e-05       2.32e-05       2.45e-05       2.58e-05       2.71e-05       2.86e-05       1.33e-01       3.11e-01       4.81e-01       6.05e-01       7.18e-01       8.05e-01       9.05e-01       9.61e-01
  8.9
  -10.6170  -10.3660   -8.7920   -8.5550   -8.4490   -8.4020   -8.3660   -8.3270   -8.3000   -8.2710   -8.2340   -8.1850   -8.1060   -7.6240   -7.3410   -7.1810   -7.0180    7.1870    7.8000    8.4520    8.5760    8.9730    9.2490    9.7340   10.2110
       2.18e-06       3.29e-06       6.39e-06       9.47e-06       1.17e-05       1.30e-05       1.40e-05       1.50e-05       1.62e-05       1.74e-05       1.88e-05       2.02e-05       2.16e-05       2.38e-05       2.60e-05       2.74e-05       2.89e-05       1.33e-01       3.11e-01       4.81e-01       6.05e-01       7.18e-01       8.05e-01       9.05e-01       9.61e-01
 8.95
  -10.4700   -8.5070   -8.3450   -8.2570   -8.1850   -8.1150   -8.0220   -7.4630   -7.2430   -7.0100    7.1860    7.7990    8.4520    8.5760    8.9730    9.2490    9.7340   10.2110
       4.11e-06       8.39e-06       1.17e-05       1.41e-05       1.65e-05       1.89e-05       2.14e-05       2.38e-05       2.62e-05       2.86e-05       1.33e-01       3.11e-01       4.81e-01       6.05e-01       7.18e-01       8.05e-01       9.05e-01       9.61e-01
  9.0
   -9.4190   -8.4260   -8.2460   -8.1390   -8.0650   -7.9710   -7.8510   -7.2340   -7.0050    7.1840    7.7990    8.4520    8.5760    8.9730    9.2490    9.7340   10.2110
       4.38e-06       8.94e-06       1.26e-05       1.52e-05       1.79e-05       2.05e-05       2.32e-05       2.59e-05       2.85e-05       1.33e-01       3.11e-01       4.81e-01       6.05e-01       7.18e-01       8.05e-01       9.05e-01       9.61e-01
 9.05
   -8.7340   -8.4160   -8.3330   -8.1690   -8.0390   -7.9290   -7.7890   -7.1440   -6.8710    7.1830    7.7980    8.4510    8.5760    8.9730    9.2490    9.7340   10.2110
       4.00e-06       6.69e-06       1.08e-05       1.45e-05       1.78e-05       2.11e-05       2.45e-05       2.78e-05       3.11e-05       1.33e-01       3.11e-01       4.81e-01       6.05e-01       7.18e-01       8.05e-01       9.05e-01       9.61e-01
  9.1
  -10.3840   -9.0280   -8.3470   -8.1230   -7.9660   -7.8310   -7.6650   -6.9480   -6.3340    7.1820    7.7970    8.4510    8.5760    8.9730    9.2490    9.7340   10.2110
       3.94e-06       5.99e-06       1.05e-05       1.47e-05       1.86e-05       2.25e-05       2.65e-05       3.04e-05       3.43e-05       1.33e-01       3.11e-01       4.81e-01       6.05e-01       7.18e-01       8.05e-01       9.05e-01       9.61e-01
 9.15
   -9.4640   -8.7660   -8.2320   -7.9710   -7.8410   -7.6880   -7.0330   -6.7460    7.1810    7.7950    8.4510    8.5760    8.9730    9.2490    9.7340   10.2110
       4.60e-06       7.00e-06       1.23e-05       1.68e-05       2.07e-05       2.46e-05       2.86e-05       3.25e-05       1.33e-01       3.11e-01       4.81e-01       6.05e-01       7.18e-01       8.05e-01       9.05e-01       9.61e-01
  9.2
  -10.6110  -10.4340   -8.4090   -7.9340   -7.7840   -7.6070   -6.9540   -6.6470    7.1800    7.7940    8.4520    8.5760    8.9730    9.2490    9.7340   10.2110
       2.56e-06       7.75e-06       1.43e-05       1.95e-05       2.32e-05       2.69e-05       3.05e-05       3.38e-05       1.33e-01       3.11e-01       4.81e-01       6.05e-01       7.18e-01       8.05e-01       9.05e-01       9.61e-01
 9.25
  -10.6070  -10.3840   -8.3190   -7.8750   -7.7220   -7.2380   -6.9460   -6.6980   -6.0760   -6.0320   -5.9660    7.1780    7.7930    8.4510    8.5760    8.9730    9.2490    9.7340   10.2110
       2.32e-06       6.57e-06       1.16e-05       1.55e-05       1.82e-05       2.08e-05       2.33e-05       2.61e-05       2.63e-05       3.15e-05       3.21e-05       1.33e-01       3.11e-01       4.81e-01       6.05e-01       7.18e-01       8.05e-01       9.05e-01       9.61e-01
  9.3
  -10.5300  -10.5170   -8.6870   -7.8220   -7.6870   -7.2370   -7.0120   -6.8090   -6.2630   -6.2450   -6.2220   -5.9820   -5.9570   -5.9450    7.1760    7.7920    8.4510    8.5760    8.9730    9.2490    9.7340   10.2110
       8.86e-07       3.60e-06       8.97e-06       1.27e-05       1.46e-05       1.65e-05       1.83e-05       2.04e-05       2.05e-05       2.42e-05       2.45e-05       2.54e-05       2.73e-05       4.58e-05       1.33e-01       3.11e-01       4.81e-01       6.05e-01       7.18e-01       8.05e-01       9.05e-01       9.61e-01
 9.35
  -10.4960  -10.4880   -8.5840   -7.7650   -7.6280   -7.1660   -6.9460   -6.7410   -6.1960   -6.1760   -6.1640   -6.1140   -6.0810   -5.9220    7.1740    7.7890    8.4520    8.5760    8.9730    9.2490    9.7340   10.2110
       8.23e-07       3.33e-06       8.32e-06       1.17e-05       1.34e-05       1.50e-05       1.65e-05       1.82e-05       1.83e-05       2.13e-05       2.16e-05       2.23e-05       3.77e-05       3.94e-05       1.33e-01       3.11e-01       4.81e-01       6.05e-01       7.18e-01       8.05e-01       9.05e-01       9.61e-01
  9.4
  -10.4810   -8.2870   -7.6900   -7.3090   -7.1130   -6.9240   -6.7520   -6.2730   -6.2490   -6.2320   -6.1610   -6.0060   -5.8550    7.1710    7.7880    8.4510    8.5760    8.9730    9.2490    9.7340   10.2110
       3.33e-06       8.36e-06       1.16e-05       1.31e-05       1.45e-05       1.58e-05       1.74e-05       1.75e-05       2.01e-05       2.43e-05       2.51e-05       3.77e-05       3.97e-05       1.33e-01       3.11e-01       4.81e-01       6.05e-01       7.18e-01       8.05e-01       9.05e-01       9.61e-01
 9.45
  -10.4290   -8.1300   -7.4310   -7.2220   -7.0160   -6.8250   -6.3390   -6.3130   -6.2840   -6.1160   -6.0400   -6.0330   -5.9910   -5.9280   -5.7160    7.1690    7.7850    8.4500    8.5760    8.9730    9.2490    9.7340   10.2110
       3.31e-06       7.98e-06       1.11e-05       1.26e-05       1.41e-05       1.58e-05       1.61e-05       1.88e-05       2.30e-05       2.35e-05       2.37e-05       3.64e-05       3.66e-05       3.76e-05       3.98e-05       1.33e-01       3.11e-01       4.81e-01       6.05e-01       7.18e-01       8.05e-01       9.05e-01       9.61e-01
  9.5
  -10.3970   -8.1000   -7.4400   -7.2330   -7.0290   -6.8430   -6.3750   -6.3510   -6.3340   -6.1140   -6.0570   -6.0220   -5.9730   -5.9210   -5.7540    7.1660    7.7830    8.4510    8.5760    8.9730    9.2490    9.7340   10.2110
       3.12e-06       7.51e-06       1.05e-05       1.20e-05       1.34e-05       1.50e-05       1.54e-05       1.79e-05       2.44e-05       2.48e-05       2.50e-05       2.52e-05       2.61e-05       3.99e-05       4.20e-05       1.33e-01       3.11e-01       4.81e-01       6.05e-01       7.18e-01       8.05e-01       9.05e-01       9.61e-01
 9.55
  -10.2150   -8.0470   -7.4110   -7.2000   -6.9920   -6.8000   -6.3640   -6.3230   -6.2950   -6.2500   -5.9280   -5.8390   -5.5660   -5.4970    7.1630    7.7790    8.4500    8.5760    8.9730    9.2490    9.7340   10.2110
       2.81e-06       7.12e-06       1.00e-05       1.14e-05       1.28e-05       1.44e-05       2.07e-05       2.08e-05       2.32e-05       2.43e-05       3.78e-05       3.99e-05       4.20e-05       5.74e-05       1.33e-01       3.11e-01       4.81e-01       6.05e-01       7.18e-01       8.05e-01       9.05e-01       9.61e-01
 9.65
   -8.4740   -7.7060   -7.2170   -6.9510   -6.6940   -6.4220   -6.3380   -6.1130   -6.0700   -6.0370   -5.9150   -5.7460   -5.5360   -5.4730    7.1550    7.7730    8.4490    8.5760    8.9730    9.2490    9.7340   10.2110
       2.50e-06       5.49e-06       7.77e-06       9.25e-06       1.11e-05       1.21e-05       1.83e-05       1.85e-05       2.09e-05       2.20e-05       3.25e-05       3.44e-05       4.60e-05       4.79e-05       1.33e-01       3.11e-01       4.81e-01       6.05e-01       7.18e-01       8.05e-01       9.05e-01       9.61e-01
  9.7
   -8.1430   -7.9510   -7.5020   -7.0200   -6.8110   -6.6110   -6.4480   -6.3650   -6.1370   -6.0950   -6.0530   -5.9230   -5.7710   -5.5280   -5.5000    7.1500    7.7690    8.4490    8.5760    8.9730    9.2490    9.7340   10.2110
       1.35e-06       3.72e-06       6.56e-06       8.59e-06       9.76e-06       1.12e-05       1.22e-05       1.83e-05       1.84e-05       2.02e-05       2.12e-05       3.15e-05       3.33e-05       4.46e-05       4.63e-05       1.33e-01       3.11e-01       4.81e-01       6.05e-01       7.18e-01       8.05e-01       9.05e-01       9.61e-01
 9.75
   -7.9050   -7.9000   -7.8500   -7.8270   -7.8020   -7.7150   -7.5840   -7.5750   -7.2100   -6.8520   -6.6050   -6.4750   -6.1500   -6.1120   -6.0850   -6.0570   -5.9330   -5.7060   -5.6820   -5.4220   -5.3310    7.1450    7.7640    8.4490    8.5760    8.9730    9.2490    9.7340   10.2110
       4.55e-07       6.93e-07       8.38e-07       1.96e-06       2.10e-06       2.23e-06       4.19e-06       4.26e-06       6.33e-06       7.91e-06       9.29e-06       1.33e-05       1.34e-05       1.49e-05       2.31e-05       2.36e-05       2.47e-05       3.36e-05       3.51e-05       3.66e-05       4.60e-05       1.33e-01       3.11e-01       4.81e-01       6.05e-01       7.18e-01       8.05e-01       9.05e-01       9.61e-01
  9.8
   -7.8420   -7.8350   -7.8180   -7.7940   -7.7600   -7.5220   -7.4030   -7.1610   -6.8190   -6.5750   -6.5100   -6.1290   -6.1050   -6.0880   -6.0200   -5.9020   -5.7100   -5.6640   -5.4010   -5.3140    7.1390    7.7590    8.4490    8.5760    8.9730    9.2490    9.7340   10.2110
       2.12e-07       6.18e-07       7.51e-07       8.74e-07       1.89e-06       3.67e-06       3.78e-06       5.65e-06       7.10e-06       8.41e-06       1.23e-05       1.24e-05       2.03e-05       2.17e-05       2.22e-05       2.32e-05       3.19e-05       3.33e-05       3.48e-05       4.39e-05       1.33e-01       3.11e-01       4.81e-01       6.05e-01       7.18e-01       8.05e-01       9.05e-01       9.61e-01
  9.9
   -7.7150   -7.6970   -7.6550   -7.5340   -7.1850   -6.9370   -6.6520   -6.5610   -6.4990   -6.1330   -6.1010   -6.1010   -6.0140   -5.8480   -5.7880   -5.6020   -5.4170   -5.3120   -5.1080    7.1250    7.7480    8.4480    8.5760    8.9730    9.2490    9.7340   10.2110
       2.58e-07       5.21e-07       9.85e-07       2.17e-06       3.58e-06       4.74e-06       6.26e-06       6.84e-06       1.05e-05       1.66e-05       1.84e-05       1.84e-05       1.89e-05       1.99e-05       2.65e-05       2.78e-05       3.50e-05       3.63e-05       4.38e-05       1.33e-01       3.11e-01       4.81e-01       6.05e-01       7.18e-01       8.05e-01       9.05e-01       9.61e-01
 9.95
   -7.6140   -7.6040   -7.5530   -7.4190   -7.0350   -6.7680   -6.5810   -6.5200   -6.4650   -6.1400   -6.1000   -6.1000   -6.0030   -5.8390   -5.7900   -5.5890   -5.4100   -5.3010   -5.0880    7.1160    7.7400    8.4470    8.5760    8.9730    9.2490    9.7340   10.2110
       2.56e-07       5.26e-07       9.97e-07       2.20e-06       3.64e-06       4.82e-06       5.38e-06       8.93e-06       1.00e-05       1.59e-05       1.70e-05       1.70e-05       1.74e-05       1.84e-05       2.47e-05       2.60e-05       3.29e-05       3.42e-05       4.15e-05       1.33e-01       3.11e-01       4.81e-01       6.05e-01       7.18e-01       8.05e-01       9.05e-01       9.61e-01
 10.0
   -7.5130   -7.5120   -7.4500   -7.3050   -6.8850   -6.6020   -6.5980   -6.5410   -6.2770   -6.1470   -6.1020   -6.0980   -5.9930   -5.8310   -5.7900   -5.5750   -5.4020   -5.2910   -5.0680    7.1070    7.7330    8.4480    8.5760    8.9730    9.2490    9.7340   10.2110
       2.59e-07       5.34e-07       1.01e-06       2.24e-06       3.69e-06       4.23e-06       5.43e-06       8.87e-06       9.54e-06       1.52e-05       1.53e-05       1.54e-05       1.57e-05       1.66e-05       2.28e-05       2.40e-05       3.07e-05       3.18e-05       3.89e-05       1.33e-01       3.11e-01       4.81e-01       6.05e-01       7.18e-01       8.05e-01       9.05e-01       9.61e-01
10.05
   -7.3580   -7.3340   -7.2840   -7.2280   -6.8780   -6.6220   -6.5630   -6.4460   -6.2840   -6.1560   -6.1040   -6.0150   -5.7900   -5.7300   -5.4670   -5.3940   -5.2060   -5.0450    7.0960    7.7230    8.4460    8.5760    8.9730    9.2490    9.7340   10.2110
       3.24e-07       6.19e-07       1.65e-06       1.92e-06       3.64e-06       4.16e-06       7.47e-06       8.66e-06       9.00e-06       1.45e-05       1.46e-05       1.52e-05       2.11e-05       2.22e-05       2.34e-05       2.98e-05       3.09e-05       3.78e-05       1.33e-01       3.11e-01       4.81e-01       6.05e-01       7.18e-01       8.05e-01       9.05e-01       9.61e-01
10.15
   -7.1720   -7.1110   -6.8990   -6.6590   -6.6090   -6.4710   -6.3170   -6.2410   -6.1360   -5.8800   -5.8360   -5.5770   -5.5590   -5.3280   -5.2020   -5.0370   -4.9530    7.0710    7.7020    8.4450    8.5760    8.9730    9.2490    9.7340   10.2110
       4.11e-07       1.11e-06       2.46e-06       2.85e-06       5.55e-06       6.75e-06       7.09e-06       1.17e-05       1.21e-05       1.67e-05       1.76e-05       1.87e-05       2.37e-05       2.48e-05       2.98e-05       3.10e-05       3.68e-05       1.33e-01       3.11e-01       4.81e-01       6.05e-01       7.18e-01       8.05e-01       9.05e-01       9.61e-01
