 8.05
  -12.1360  -12.1350  -12.1340  -12.1330  -12.1280  -12.1260  -12.1210  -12.1150  -12.1140  -12.1030  -12.0920  -12.0910  -12.0790  -12.0670  -12.0540  -12.0400  -12.0380  -12.0260  -12.0130  -11.9980  -11.9840  -11.9840  -11.9700  -11.9560  -11.9410  -11.9260  -11.9120  -11.9020  -11.8980  -11.8830  -11.8690  -11.8680  -11.8550  -11.8410  -11.8370  -11.8270  -11.8130  -11.7990  -11.7850  -11.7710  -11.7580  -11.7440  -11.7300  -11.7170  -11.7030  -11.6890  -11.6760  -11.6620  -11.6480  -11.6350  -11.6210  -11.6070  -11.5920  -11.5770  -11.5610  -11.5450  -11.5280  -11.5110  -11.4910  -11.4700  -11.4470  -11.4190  -11.3850  -11.3430  -11.2990  -11.2340  -11.1630  -10.7910   -9.2450   -9.2120   -9.0310   -8.7800   -8.5610   -8.3530   -8.1660   -8.0270   -7.2510
       1.74e-08       3.47e-08       5.20e-08       6.94e-08       8.70e-08       1.04e-07       1.22e-07       1.48e-07       1.65e-07       1.83e-07       2.01e-07       2.35e-07       2.53e-07       2.71e-07       2.88e-07       3.06e-07       3.40e-07       3.58e-07       3.77e-07       3.95e-07       4.55e-07       4.55e-07       4.74e-07       4.92e-07       5.11e-07       5.29e-07       5.48e-07       5.81e-07       6.00e-07       6.18e-07       6.35e-07       6.53e-07       6.72e-07       6.91e-07       7.07e-07       7.26e-07       7.45e-07       7.64e-07       7.83e-07       8.02e-07       8.21e-07       8.40e-07       8.59e-07       8.78e-07       8.98e-07       9.17e-07       9.36e-07       9.55e-07       9.75e-07       9.94e-07       1.01e-06       1.03e-06       1.05e-06       1.07e-06       1.09e-06       1.11e-06       1.13e-06       1.16e-06       1.18e-06       1.20e-06       1.22e-06       1.24e-06       1.26e-06       1.28e-06       1.30e-06       1.32e-06       1.34e-06       1.36e-06       1.38e-06       1.41e-06       1.49e-06       1.56e-06       1.62e-06       1.66e-06       1.70e-06       1.73e-06       1.74e-06
  8.1
  -12.0020  -12.0010  -12.0000  -11.9980  -11.9970  -11.9920  -11.9850  -11.9840  -11.9770  -11.9690  -11.9580  -11.9530  -11.9470  -11.9370  -11.9250  -11.9190  -11.9130  -11.9010  -11.8890  -11.8770  -11.8640  -11.8540  -11.8520  -11.8400  -11.8270  -11.8260  -11.8140  -11.8020  -11.7990  -11.7890  -11.7770  -11.7710  -11.7650  -11.7530  -11.7410  -11.7290  -11.7170  -11.7050  -11.6940  -11.6810  -11.6700  -11.6590  -11.6470  -11.6420  -11.6350  -11.6240  -11.6130  -11.6010  -11.5890  -11.5780  -11.5660  -11.5550  -11.5430  -11.5310  -11.5190  -11.5060  -11.4940  -11.4800  -11.4670  -11.4540  -11.4380  -11.4240  -11.4230  -11.4060  -11.3860  -11.3630  -11.3340  -11.3060  -11.2590   -9.1800   -9.0110   -8.7790   -8.5590   -8.3630   -8.1680   -8.0210   -7.8640
       2.86e-08       5.71e-08       8.57e-08       1.28e-07       1.57e-07       1.86e-07       2.15e-07       2.71e-07       3.00e-07       3.29e-07       3.59e-07       4.15e-07       4.44e-07       4.73e-07       5.03e-07       5.72e-07       6.02e-07       6.32e-07       6.62e-07       6.92e-07       7.22e-07       7.77e-07       8.07e-07       8.38e-07       8.68e-07       8.95e-07       9.25e-07       9.56e-07       9.82e-07       1.01e-06       1.04e-06       1.07e-06       1.10e-06       1.13e-06       1.16e-06       1.19e-06       1.22e-06       1.25e-06       1.28e-06       1.31e-06       1.35e-06       1.38e-06       1.41e-06       1.44e-06       1.47e-06       1.51e-06       1.54e-06       1.57e-06       1.60e-06       1.63e-06       1.67e-06       1.70e-06       1.73e-06       1.76e-06       1.80e-06       1.83e-06       1.86e-06       1.90e-06       1.93e-06       1.96e-06       2.00e-06       2.03e-06       2.06e-06       2.10e-06       2.13e-06       2.17e-06       2.20e-06       2.24e-06       2.27e-06       2.33e-06       2.45e-06       2.57e-06       2.67e-06       2.74e-06       2.80e-06       2.85e-06       2.86e-06
 8.15
  -11.8770  -11.8750  -11.8700  -11.8670  -11.8590  -11.8540  -11.8440  -11.8290  -11.8280  -11.8100  -11.7980  -11.7910  -11.7720  -11.7560  -11.7520  -11.7370  -11.7340  -11.7330  -11.7140  -11.7110  -11.6950  -11.6760  -11.6740  -11.6570  -11.6390  -11.6210  -11.6030  -11.5850  -11.5680  -11.5500  -11.5330  -11.5250  -11.5230  -11.5160  -11.5080  -11.5000  -11.4910  -11.4820  -11.4730  -11.4640  -11.4550  -11.4470  -11.4390  -11.4290  -11.4210  -11.4120  -11.4030  -11.3930  -11.3840  -11.3740  -11.3650  -11.3550  -11.3440  -11.3310  -11.3180  -11.0760   -9.0410   -8.7770   -8.4560   -8.2310   -8.0320
       7.74e-08       1.55e-07       2.33e-07       3.10e-07       3.88e-07       4.64e-07       5.43e-07       6.19e-07       6.98e-07       7.78e-07       8.54e-07       9.34e-07       1.01e-06       1.07e-06       1.15e-06       1.20e-06       1.28e-06       1.36e-06       1.44e-06       1.49e-06       1.57e-06       1.65e-06       1.69e-06       1.78e-06       1.86e-06       1.94e-06       2.02e-06       2.11e-06       2.19e-06       2.27e-06       2.33e-06       2.38e-06       2.42e-06       2.46e-06       2.51e-06       2.55e-06       2.59e-06       2.63e-06       2.67e-06       2.72e-06       2.76e-06       2.80e-06       2.85e-06       2.89e-06       2.93e-06       2.97e-06       3.02e-06       3.06e-06       3.11e-06       3.15e-06       3.19e-06       3.24e-06       3.28e-06       3.33e-06       3.37e-06       3.48e-06       3.67e-06       3.91e-06       4.08e-06       4.19e-06       4.27e-06
  8.2
  -11.7500  -11.7470  -11.7460  -11.7390  -11.7350  -11.7280  -11.7280  -11.7210  -11.7170  -11.7090  -11.7050  -11.7010  -11.6900  -11.6820  -11.6770  -11.6760  -11.6670  -11.6600  -11.6450  -11.6300  -11.6150  -11.6000  -11.5850  -11.5710  -11.5570  -11.5420  -11.5280  -11.5150  -11.5000  -11.4860  -11.4780  -11.4710  -11.4640  -11.4570  -11.4490  -11.4420  -11.4350  -11.4270  -11.4200  -11.4120  -11.4060  -11.3990  -11.3920  -11.3830  -11.3750  -11.3670  -11.3590  -11.3510  -11.3430  -11.3360  -11.3260  -11.3160  -11.3050  -11.2870   -9.0870   -9.0700   -8.9500   -8.7270   -8.4390   -8.2280   -8.0170
       1.15e-07       2.29e-07       3.45e-07       4.61e-07       5.75e-07       7.59e-07       7.59e-07       8.72e-07       9.89e-07       1.06e-06       1.17e-06       1.29e-06       1.41e-06       1.47e-06       1.59e-06       1.71e-06       1.77e-06       1.89e-06       2.01e-06       2.13e-06       2.25e-06       2.37e-06       2.49e-06       2.61e-06       2.73e-06       2.86e-06       2.98e-06       3.10e-06       3.23e-06       3.32e-06       3.38e-06       3.44e-06       3.51e-06       3.57e-06       3.63e-06       3.69e-06       3.76e-06       3.82e-06       3.88e-06       3.95e-06       4.01e-06       4.07e-06       4.14e-06       4.20e-06       4.27e-06       4.33e-06       4.39e-06       4.46e-06       4.52e-06       4.59e-06       4.66e-06       4.72e-06       4.79e-06       4.92e-06       5.01e-06       5.13e-06       5.40e-06       5.74e-06       5.99e-06       6.15e-06       6.28e-06
 8.25
  -12.3970  -11.7200  -11.7090  -11.6890  -11.6240  -11.6210  -11.6190  -11.6170  -11.6110  -11.6060  -11.6030  -11.5980  -11.5890  -11.5880  -11.5780  -11.5670  -11.5560  -11.5450  -11.5350  -11.5340  -11.5250  -11.5140  -11.5040  -11.4930  -11.4820  -11.4720  -11.4610  -11.4490  -11.4380  -11.4320  -11.4260  -11.4200  -11.4140  -11.4080  -11.4030  -11.3960  -11.3900  -11.3840  -11.3780  -11.3730  -11.3680  -11.3630  -11.3550  -11.3480  -11.3410  -11.3350  -11.3280  -11.3220  -11.3150  -11.3080  -11.3000  -11.2920   -9.0120   -8.9900   -8.9710   -8.9610   -8.8590   -8.6760   -8.4210   -8.2240   -8.0020
       9.15e-08       1.86e-07       2.82e-07       3.78e-07       5.40e-07       7.03e-07       8.67e-07       1.03e-06       1.19e-06       1.36e-06       1.52e-06       1.68e-06       1.85e-06       2.01e-06       2.18e-06       2.34e-06       2.51e-06       2.68e-06       2.85e-06       3.01e-06       3.18e-06       3.35e-06       3.53e-06       3.70e-06       3.87e-06       4.04e-06       4.22e-06       4.39e-06       4.52e-06       4.61e-06       4.70e-06       4.78e-06       4.87e-06       4.96e-06       5.05e-06       5.14e-06       5.23e-06       5.32e-06       5.41e-06       5.50e-06       5.58e-06       5.67e-06       5.77e-06       5.86e-06       5.95e-06       6.04e-06       6.13e-06       6.22e-06       6.31e-06       6.40e-06       6.50e-06       6.59e-06       6.75e-06       6.91e-06       7.03e-06       7.19e-06       7.58e-06       8.06e-06       8.41e-06       8.63e-06       8.80e-06
  8.3
  -11.5480  -11.5460  -11.5300  -11.5060  -11.4760  -11.4440  -11.4040  -11.3610  -11.3500  -11.3040  -11.2400   -8.9450   -8.8720   -8.8390   -8.8020   -8.7150   -8.5580   -8.3380   -8.1330
       5.32e-07       1.06e-06       1.59e-06       2.13e-06       2.67e-06       3.22e-06       3.77e-06       4.12e-06       4.40e-06       4.87e-06       5.46e-06       5.97e-06       6.27e-06       6.35e-06       6.51e-06       6.82e-06       7.21e-06       7.52e-06       7.72e-06
 8.35
  -11.5050  -11.5050  -11.4920  -11.4820  -11.4700  -11.4390  -11.3990  -11.3490  -11.3350  -11.2700  -11.1780   -8.8740   -8.7860   -8.7570   -8.7230   -8.6330   -8.4820   -8.2920   -8.0950
       7.91e-07       7.91e-07       1.19e-06       1.58e-06       1.98e-06       2.38e-06       2.79e-06       3.05e-06       3.26e-06       3.61e-06       4.07e-06       4.45e-06       4.67e-06       4.73e-06       4.86e-06       5.12e-06       5.43e-06       5.68e-06       5.84e-06
  8.4
  -11.4740  -11.4670  -11.4530  -11.4380  -11.3940  -11.3380  -11.2930  -11.2560  -11.2370  -11.2160  -11.1960  -11.1740  -11.1540  -11.1330   -8.9340   -8.8170   -8.7370   -8.7020   -8.5910   -8.4900   -8.3860   -8.2680   -8.0830   -7.6740   -7.0920   -6.5330
       3.44e-07       6.41e-07       1.05e-06       1.37e-06       1.74e-06       1.95e-06       2.07e-06       2.14e-06       2.18e-06       2.23e-06       2.28e-06       2.32e-06       2.37e-06       2.42e-06       2.47e-06       2.74e-06       2.88e-06       3.01e-06       3.17e-06       3.34e-06       3.51e-06       3.67e-06       3.85e-06       3.90e-06       3.95e-06       4.04e-06
 8.45
  -12.6590  -12.5790  -12.5280  -12.4900  -12.4650  -12.4310  -12.3950  -12.3580  -12.3190  -12.2740  -11.8530  -11.8500  -11.8340  -11.7990  -11.3500   -9.0890   -8.7710   -8.6580   -8.6100   -8.4990   -8.3760   -8.2460   -8.1100   -7.9110   -7.7240   -6.8990
       1.14e-06       1.78e-06       2.13e-06       2.35e-06       2.49e-06       2.63e-06       2.78e-06       2.92e-06       3.07e-06       3.22e-06       4.28e-06       5.55e-06       6.47e-06       7.46e-06       7.61e-06       7.76e-06       8.61e-06       9.03e-06       9.37e-06       9.78e-06       1.02e-05       1.06e-05       1.10e-05       1.14e-05       1.16e-05       1.17e-05
  8.5
  -12.5160  -12.4790  -12.4320  -12.3750  -12.2900  -12.2230  -12.1800  -12.1780  -12.1440  -12.1230  -12.0960  -12.0800  -12.0680  -12.0360  -12.0000  -11.9520  -11.1370   -8.9440   -8.6720   -8.5700   -8.4050   -8.2600   -8.1050   -7.9520   -7.7390   -7.2850
       1.83e-06       3.52e-06       5.48e-06       7.84e-06       9.94e-06       1.11e-05       1.18e-05       1.21e-05       1.25e-05       1.27e-05       1.30e-05       1.33e-05       1.35e-05       1.38e-05       1.41e-05       1.43e-05       1.46e-05       1.62e-05       1.70e-05       1.76e-05       1.83e-05       1.90e-05       1.97e-05       2.04e-05       2.11e-05       2.14e-05
 8.55
  -12.1540  -12.1040  -12.0480  -11.9900  -11.9210  -11.8790  -11.8500  -11.8240  -11.8090  -11.7940  -11.7770  -11.7560  -11.7300  -11.6920  -11.6360  -11.5820  -11.5350   -9.8060   -9.4900   -9.4430   -8.5160   -8.3260   -8.1650   -7.9640   -7.7930   -7.5670
       2.86e-06       5.51e-06       8.58e-06       1.23e-05       1.56e-05       1.74e-05       1.84e-05       1.91e-05       1.95e-05       1.99e-05       2.03e-05       2.07e-05       2.11e-05       2.16e-05       2.20e-05       2.24e-05       2.29e-05       2.53e-05       2.65e-05       2.70e-05       2.79e-05       2.90e-05       3.00e-05       3.11e-05       3.21e-05       3.33e-05
  8.6
  -11.9150  -11.8430  -11.7890  -11.7430  -11.6580  -11.5310  -11.4620   -9.9700   -9.2360   -9.2000   -8.3230   -8.2700   -8.2060   -8.1640   -8.1140   -8.0300   -7.9190   -7.7700   -7.6320   -7.4390   -7.3080   -7.2230   -7.1380
       4.06e-06       7.88e-06       1.14e-05       1.47e-05       1.75e-05       1.84e-05       2.00e-05       2.43e-05       2.66e-05       2.70e-05       2.73e-05       2.78e-05       2.83e-05       2.87e-05       2.92e-05       2.99e-05       3.07e-05       3.18e-05       3.30e-05       3.40e-05       3.45e-05       3.48e-05       3.54e-05
 8.65
  -11.7520  -11.7390  -11.6840  -11.6440  -11.5480  -11.3140  -10.3820   -9.5570   -9.0950   -9.0610   -9.0340   -9.0150   -8.0990   -8.0550   -8.0020   -7.8930   -7.7430   -7.5950   -7.4530   -7.2490   -7.1140   -7.0270   -6.9400
       9.14e-07       4.45e-06       7.74e-06       1.08e-05       1.33e-05       1.48e-05       1.85e-05       2.25e-05       2.48e-05       2.53e-05       2.58e-05       2.64e-05       2.72e-05       2.78e-05       2.85e-05       2.95e-05       3.07e-05       3.23e-05       3.41e-05       3.54e-05       3.62e-05       3.67e-05       3.75e-05
  8.7
  -11.5870  -11.5430  -11.4390  -11.2760  -10.9840  -10.4610   -9.7550   -9.2350   -8.9530   -8.9210   -8.8970   -8.8780   -7.9990   -7.9470   -7.8900   -7.7560   -7.5680   -7.4230   -7.2750   -7.0590   -6.9210   -6.8320   -6.7440
       2.91e-06       5.62e-06       7.87e-06       9.15e-06       9.96e-06       1.31e-05       1.64e-05       1.99e-05       2.21e-05       2.27e-05       2.34e-05       2.43e-05       2.53e-05       2.62e-05       2.73e-05       2.85e-05       3.02e-05       3.24e-05       3.48e-05       3.67e-05       3.77e-05       3.84e-05       3.96e-05
 8.75
  -11.4430  -11.3280  -11.2330  -10.6640  -10.1590   -9.5610   -9.1810   -8.9700   -8.8120   -8.7810   -8.7580   -8.7420   -8.7230   -7.8380   -7.7790   -7.6190   -7.4010   -7.2500   -7.0960   -6.8660   -6.7270   -6.6370   -6.5460
       2.23e-06       4.10e-06       5.15e-06       5.83e-06       8.24e-06       1.08e-05       1.36e-05       1.65e-05       1.84e-05       1.93e-05       2.02e-05       2.14e-05       2.27e-05       2.39e-05       2.52e-05       2.69e-05       2.91e-05       3.20e-05       3.52e-05       3.77e-05       3.91e-05       4.00e-05       4.15e-05
  8.8
  -11.2600  -11.0630   -9.3140   -8.8030   -8.6530   -8.6200   -8.6030   -8.5990   -7.7170   -7.6420   -7.4740   -7.2700   -7.1620   -7.0520   -6.8660   -6.7390   -6.6100   -6.4750   -6.3150
       3.19e-06       4.82e-06       9.35e-06       1.39e-05       1.71e-05       1.88e-05       2.02e-05       2.15e-05       2.31e-05       2.49e-05       2.67e-05       2.86e-05       3.06e-05       3.35e-05       3.65e-05       3.85e-05       4.05e-05       4.25e-05       4.48e-05
 8.85
  -11.2760  -11.1600   -9.0520   -8.6370   -8.5290   -8.5010   -8.4930   -7.6440   -7.5640   -7.4730   -7.2880   -7.0890   -6.9710   -6.8470   -6.6200   -6.4820   -6.3430   -6.1990   -6.0440
       1.77e-06       5.27e-06       1.02e-05       1.51e-05       1.87e-05       2.07e-05       2.22e-05       2.38e-05       2.56e-05       2.75e-05       2.96e-05       3.18e-05       3.40e-05       3.74e-05       4.07e-05       4.30e-05       4.53e-05       4.75e-05       5.01e-05
  8.9
  -11.5980  -11.0600   -8.8360   -8.5010   -8.4120   -8.3950   -8.3820   -7.4830   -7.4100   -7.3050   -7.1020   -6.9080   -6.7790   -6.6350   -6.3730   -6.2250   -6.0760   -5.9300   -5.7810
       1.94e-06       5.75e-06       1.12e-05       1.65e-05       2.05e-05       2.27e-05       2.44e-05       2.62e-05       2.82e-05       3.04e-05       3.28e-05       3.52e-05       3.77e-05       4.15e-05       4.53e-05       4.79e-05       5.04e-05       5.30e-05       5.59e-05
 8.95
  -11.0890   -8.4400   -8.3210   -7.4360   -7.2580   -7.0040   -6.7090   -6.4800   -6.2770   -6.0640   -5.8530   -5.6460
       7.14e-06       1.46e-05       2.04e-05       2.45e-05       2.87e-05       3.29e-05       3.71e-05       4.13e-05       4.55e-05       4.97e-05       5.38e-05       5.87e-05
  9.0
   -9.8550   -8.3560   -8.2390   -7.2800   -7.0660   -6.7680   -6.4960   -6.2630   -6.0530   -5.8430   -5.6380   -5.4450
       7.55e-06       1.54e-05       2.17e-05       2.62e-05       3.08e-05       3.54e-05       4.00e-05       4.46e-05       4.92e-05       5.38e-05       5.84e-05       6.36e-05
 9.05
   -8.8250   -8.2710   -8.1680   -7.2390   -7.1360   -6.8280   -6.4750   -6.1740   -5.9240   -5.6860   -5.4550   -5.2530
       6.84e-06       1.38e-05       2.02e-05       2.48e-05       3.04e-05       3.61e-05       4.18e-05       4.75e-05       5.33e-05       5.89e-05       6.44e-05       7.06e-05
  9.1
  -11.0640   -9.2930   -8.4080   -8.1690   -8.0010   -7.8640   -7.6880   -6.9960   -6.3910   -6.1270   -5.8840
       6.67e-06       1.02e-05       1.78e-05       2.49e-05       3.14e-05       3.81e-05       4.48e-05       5.15e-05       5.82e-05       6.46e-05       7.45e-05
 9.15
   -9.9290   -8.9550   -8.2830   -8.0070   -7.8740   -7.7100   -7.0820   -6.7930   -6.2210   -5.9820   -5.7740
       7.72e-06       1.17e-05       2.05e-05       2.82e-05       3.47e-05       4.13e-05       4.79e-05       5.45e-05       6.11e-05       6.74e-05       7.72e-05
  9.2
  -11.2640  -11.1120   -8.5150   -7.9690   -7.8170   -7.6310   -7.0030   -6.6940
       4.24e-06       1.28e-05       2.37e-05       3.23e-05       3.84e-05       4.45e-05       5.05e-05       5.60e-05
 9.25
  -11.2540  -11.0660   -8.4100   -7.9100   -7.7540   -7.2910   -6.9970   -6.7470
       3.78e-06       1.07e-05       1.89e-05       2.53e-05       2.97e-05       3.40e-05       3.80e-05       4.26e-05
  9.3
  -11.1910  -11.1790   -8.9370   -7.8560   -7.7170   -7.2900   -7.0630   -6.8590
       1.43e-06       5.79e-06       1.45e-05       2.05e-05       2.36e-05       2.66e-05       2.95e-05       3.28e-05
 9.35
  -11.1630  -11.1550   -8.8070   -7.7970   -7.6550   -7.2190   -6.9980   -6.7910
       1.31e-06       5.29e-06       1.32e-05       1.86e-05       2.12e-05       2.38e-05       2.62e-05       2.89e-05
  9.4
  -11.1470   -8.4060   -7.7210   -7.3630   -7.1660   -6.9760   -6.8030
       5.20e-06       1.31e-05       1.82e-05       2.04e-05       2.26e-05       2.47e-05       2.71e-05
 9.45
  -11.1010   -8.1960   -7.4860   -7.2760   -7.0680   -6.8770
       5.08e-06       1.22e-05       1.71e-05       1.94e-05       2.16e-05       2.42e-05
  9.5
  -11.0750   -8.1620   -7.4950   -7.2870   -7.0820   -6.8940
       4.70e-06       1.13e-05       1.58e-05       1.80e-05       2.02e-05       2.27e-05
 9.55
  -10.8460   -8.0920   -7.4660   -7.2540   -7.0450   -6.8520
       4.16e-06       1.05e-05       1.48e-05       1.69e-05       1.89e-05       2.13e-05
 9.65
   -8.6850   -7.7740   -7.3250   -7.2710   -7.0040   -6.7460
       3.56e-06       7.81e-06       9.85e-06       1.31e-05       1.52e-05       1.78e-05
  9.7
   -8.1650   -7.9830   -7.5630   -7.0740   -6.8630   -6.6630
       1.88e-06       5.18e-06       9.14e-06       1.20e-05       1.36e-05       1.56e-05
 9.75
   -7.9750   -7.9730   -7.9240   -7.8930   -7.8750   -7.7760   -7.6450   -7.6330   -7.2650   -6.9050   -6.6570
       3.25e-07       9.48e-07       1.15e-06       2.68e-06       2.87e-06       3.05e-06       5.72e-06       5.82e-06       8.65e-06       1.08e-05       1.27e-05
  9.8
   -7.9110   -7.9010   -7.8880   -7.8670   -7.8250   -7.5820   -7.4510   -7.2150   -6.8720   -6.6260   -6.6240
       2.96e-07       8.65e-07       1.05e-06       1.22e-06       2.65e-06       5.14e-06       5.29e-06       7.91e-06       9.94e-06       1.18e-05       1.19e-05
  9.9
   -7.7800   -7.7620   -7.7200   -7.5960   -7.2400   -6.9910   -6.7050
       3.78e-07       7.64e-07       1.44e-06       3.18e-06       5.25e-06       6.95e-06       9.18e-06
 9.95
   -7.6790   -7.6690   -7.6170   -7.4810   -7.0900   -6.8210   -6.5170
       3.84e-07       7.89e-07       1.49e-06       3.30e-06       5.46e-06       7.23e-06       8.89e-06
 10.0
   -7.5770   -7.5770   -7.5140   -7.3670   -6.9400   -6.6510   -6.3290
       8.20e-07       8.20e-07       1.55e-06       3.43e-06       5.67e-06       7.51e-06       8.52e-06
10.05
   -7.4190   -7.3890   -7.3440   -7.2790   -6.9320   -6.4980   -6.3360
       5.07e-07       9.70e-07       2.58e-06       3.01e-06       5.70e-06       7.56e-06       8.09e-06
10.15
   -7.2260   -7.1660   -6.9540   -6.5230   -6.4170   -6.3680
       6.71e-07       1.81e-06       4.02e-06       5.97e-06       6.60e-06       7.15e-06
