 8.05
   -9.8550   -9.8540   -9.8530   -9.8530   -9.8480   -9.8450   -9.8410   -9.8340   -9.8330   -9.8220   -9.8110   -9.8090   -9.7980   -9.7860   -9.7730   -9.7590   -9.7560   -9.7450   -9.7310   -9.7170   -9.7030   -9.7010   -9.6880   -9.6730   -9.6590   -9.6440   -9.6290   -9.6170   -9.6150   -9.6000   -9.5850   -9.5840   -9.5720   -9.5580   -9.5510   -9.5430   -9.5300   -9.5160   -9.5010   -9.4870   -9.4740   -9.4600   -9.4460   -9.4330   -9.4190   -9.4050   -9.3910   -9.3770   -9.3630   -9.3500   -9.3360   -9.3210   -9.3070   -9.2910   -9.2760   -9.2590   -9.2430   -9.2250   -9.2060   -9.1840   -9.1610   -9.1320   -9.0980   -9.0550   -9.0110   -8.9440   -8.8710   -8.4830   -6.8390   -6.8020   -6.6130   -6.3600   -6.1400   -5.9300   -5.7430   -5.6030   -4.8510
       1.49e-07       2.97e-07       5.95e-07       5.95e-07       7.46e-07       8.95e-07       1.05e-06       1.27e-06       1.42e-06       1.57e-06       1.72e-06       2.01e-06       2.17e-06       2.32e-06       2.47e-06       2.63e-06       2.92e-06       3.07e-06       3.23e-06       3.38e-06       3.54e-06       3.90e-06       4.06e-06       4.22e-06       4.38e-06       4.54e-06       4.69e-06       4.98e-06       5.14e-06       5.30e-06       5.46e-06       5.60e-06       5.76e-06       5.92e-06       6.06e-06       6.22e-06       6.38e-06       6.55e-06       6.71e-06       6.87e-06       7.04e-06       7.20e-06       7.36e-06       7.53e-06       7.69e-06       7.86e-06       8.02e-06       8.19e-06       8.36e-06       8.52e-06       8.69e-06       8.86e-06       9.03e-06       9.20e-06       9.38e-06       9.55e-06       9.73e-06       9.90e-06       1.01e-05       1.03e-05       1.04e-05       1.06e-05       1.08e-05       1.10e-05       1.11e-05       1.13e-05       1.15e-05       1.17e-05       1.18e-05       1.21e-05       1.27e-05       1.34e-05       1.39e-05       1.43e-05       1.46e-05       1.48e-05       1.49e-05
  8.1
   -9.7990   -9.7980   -9.7970   -9.7950   -9.7940   -9.7890   -9.7820   -9.7800   -9.7740   -9.7660   -9.7550   -9.7490   -9.7440   -9.7330   -9.7220   -9.7150   -9.7100   -9.6970   -9.6850   -9.6730   -9.6600   -9.6480   -9.6480   -9.6360   -9.6220   -9.6200   -9.6100   -9.5970   -9.5930   -9.5850   -9.5720   -9.5640   -9.5600   -9.5480   -9.5360   -9.5240   -9.5120   -9.5000   -9.4880   -9.4760   -9.4640   -9.4530   -9.4410   -9.4290   -9.4180   -9.4160   -9.4060   -9.3950   -9.3830   -9.3710   -9.3600   -9.3490   -9.3360   -9.3240   -9.3120   -9.3000   -9.2870   -9.2730   -9.2600   -9.2470   -9.2310   -9.2160   -9.1990   -9.1910   -9.1780   -9.1550   -9.1260   -9.0970   -9.0500   -6.8660   -6.6770   -6.4430   -6.2220   -6.0780   -6.0250   -5.8280   -5.6800
       2.14e-07       4.29e-07       6.43e-07       9.62e-07       1.18e-06       1.39e-06       1.61e-06       2.03e-06       2.25e-06       2.47e-06       2.69e-06       3.11e-06       3.33e-06       3.55e-06       3.77e-06       4.29e-06       4.52e-06       4.74e-06       4.96e-06       5.19e-06       5.41e-06       6.05e-06       6.05e-06       6.28e-06       6.51e-06       6.71e-06       6.94e-06       7.17e-06       7.37e-06       7.60e-06       7.83e-06       7.99e-06       8.23e-06       8.46e-06       8.69e-06       8.92e-06       9.15e-06       9.39e-06       9.62e-06       9.86e-06       1.01e-05       1.03e-05       1.06e-05       1.08e-05       1.10e-05       1.13e-05       1.15e-05       1.18e-05       1.20e-05       1.23e-05       1.25e-05       1.27e-05       1.30e-05       1.32e-05       1.35e-05       1.37e-05       1.40e-05       1.42e-05       1.45e-05       1.47e-05       1.50e-05       1.52e-05       1.55e-05       1.57e-05       1.60e-05       1.62e-05       1.65e-05       1.68e-05       1.70e-05       1.75e-05       1.84e-05       1.93e-05       2.00e-05       2.01e-05       2.07e-05       2.11e-05       2.15e-05
 8.15
   -9.7520   -9.7500   -9.7450   -9.7420   -9.7340   -9.7290   -9.7190   -9.7030   -9.7020   -9.6850   -9.6710   -9.6660   -9.6460   -9.6290   -9.6260   -9.6070   -9.6060   -9.5910   -9.5880   -9.5680   -9.5650   -9.5490   -9.5300   -9.5280   -9.5120   -9.4930   -9.4760   -9.4580   -9.4400   -9.4220   -9.4050   -9.3970   -9.3880   -9.3800   -9.3760   -9.3720   -9.3630   -9.3540   -9.3450   -9.3360   -9.3270   -9.3180   -9.3100   -9.3010   -9.2920   -9.2830   -9.2740   -9.2650   -9.2550   -9.2460   -9.2370   -9.2270   -9.2150   -9.2020   -9.1880   -8.9120   -6.8030   -6.5250   -6.2020   -5.9760   -5.7750
       5.16e-07       1.03e-06       1.55e-06       2.06e-06       2.59e-06       3.10e-06       3.62e-06       4.13e-06       4.66e-06       5.18e-06       5.69e-06       6.22e-06       6.76e-06       7.13e-06       7.67e-06       8.21e-06       8.75e-06       9.06e-06       9.60e-06       1.01e-05       1.04e-05       1.10e-05       1.15e-05       1.18e-05       1.24e-05       1.29e-05       1.35e-05       1.40e-05       1.46e-05       1.51e-05       1.56e-05       1.58e-05       1.61e-05       1.64e-05       1.67e-05       1.70e-05       1.73e-05       1.75e-05       1.78e-05       1.81e-05       1.84e-05       1.87e-05       1.90e-05       1.93e-05       1.95e-05       1.98e-05       2.01e-05       2.04e-05       2.07e-05       2.10e-05       2.13e-05       2.16e-05       2.19e-05       2.22e-05       2.25e-05       2.32e-05       2.45e-05       2.61e-05       2.72e-05       2.79e-05       2.85e-05
  8.2
   -9.7030   -9.6990   -9.6980   -9.6910   -9.6870   -9.6800   -9.6740   -9.6700   -9.6620   -9.6570   -9.6520   -9.6430   -9.6430   -9.6280   -9.6280   -9.6160   -9.6120   -9.6010   -9.5970   -9.5820   -9.5670   -9.5520   -9.5370   -9.5230   -9.5080   -9.4940   -9.4800   -9.4660   -9.4510   -9.4370   -9.4290   -9.4230   -9.4150   -9.4080   -9.4000   -9.3930   -9.3860   -9.3780   -9.3710   -9.3630   -9.3560   -9.3490   -9.3420   -9.3340   -9.3260   -9.3180   -9.3100   -9.3020   -9.2940   -9.2860   -9.2760   -9.2660   -9.2550   -9.2140   -7.0020   -6.9650   -6.7980   -6.5590   -6.2690   -6.0570   -5.8440
       6.89e-07       1.38e-06       2.07e-06       2.76e-06       3.45e-06       4.15e-06       4.83e-06       5.53e-06       5.93e-06       6.64e-06       7.32e-06       8.44e-06       8.44e-06       9.82e-06       9.82e-06       1.02e-05       1.09e-05       1.13e-05       1.20e-05       1.28e-05       1.35e-05       1.42e-05       1.49e-05       1.57e-05       1.64e-05       1.71e-05       1.79e-05       1.86e-05       1.94e-05       1.99e-05       2.03e-05       2.07e-05       2.10e-05       2.14e-05       2.18e-05       2.22e-05       2.25e-05       2.29e-05       2.33e-05       2.37e-05       2.41e-05       2.44e-05       2.48e-05       2.52e-05       2.56e-05       2.60e-05       2.64e-05       2.68e-05       2.71e-05       2.75e-05       2.79e-05       2.83e-05       2.87e-05       2.95e-05       3.00e-05       3.08e-05       3.24e-05       3.45e-05       3.60e-05       3.69e-05       3.77e-05
 8.25
  -10.4080   -9.7340   -9.7220   -9.7030   -9.6540   -9.6520   -9.6500   -9.6470   -9.6420   -9.6370   -9.6330   -9.6290   -9.6200   -9.6180   -9.6090   -9.5970   -9.5860   -9.5760   -9.5660   -9.5550   -9.5470   -9.5440   -9.5340   -9.5230   -9.5120   -9.5020   -9.4910   -9.4800   -9.4680   -9.4620   -9.4560   -9.4500   -9.4440   -9.4380   -9.4330   -9.4260   -9.4200   -9.4150   -9.4080   -9.4030   -9.3980   -9.3930   -9.3850   -9.3770   -9.3700   -9.3640   -9.3580   -9.3520   -9.3440   -9.3370   -9.3290   -9.3210   -7.0510   -6.9970   -6.9520   -6.9320   -6.7930   -6.5920   -6.3350   -6.1370   -5.9140
       4.99e-07       1.02e-06       1.54e-06       2.06e-06       2.95e-06       3.83e-06       4.73e-06       5.61e-06       6.50e-06       7.40e-06       8.28e-06       9.18e-06       1.01e-05       1.10e-05       1.19e-05       1.28e-05       1.37e-05       1.46e-05       1.56e-05       1.65e-05       1.74e-05       1.83e-05       1.92e-05       2.02e-05       2.11e-05       2.21e-05       2.30e-05       2.39e-05       2.47e-05       2.51e-05       2.56e-05       2.61e-05       2.66e-05       2.71e-05       2.75e-05       2.80e-05       2.85e-05       2.90e-05       2.95e-05       3.00e-05       3.05e-05       3.10e-05       3.14e-05       3.19e-05       3.24e-05       3.29e-05       3.34e-05       3.39e-05       3.44e-05       3.49e-05       3.54e-05       3.59e-05       3.68e-05       3.77e-05       3.83e-05       3.92e-05       4.13e-05       4.39e-05       4.59e-05       4.71e-05       4.80e-05
  8.3
   -9.6570   -9.6560   -9.6400   -9.6150   -9.5860   -9.5530   -9.5140   -9.4700   -9.4590   -9.4120   -9.3470   -7.1130   -6.9340   -6.8790   -6.8350   -6.7270   -6.5570   -6.3360   -6.1290
       2.66e-06       5.28e-06       7.96e-06       1.07e-05       1.34e-05       1.61e-05       1.88e-05       2.06e-05       2.20e-05       2.44e-05       2.73e-05       2.99e-05       3.13e-05       3.17e-05       3.25e-05       3.41e-05       3.61e-05       3.76e-05       3.86e-05
 8.35
   -9.6940   -9.6930   -9.6810   -9.6700   -9.6590   -9.6270   -9.5870   -9.5370   -9.5220   -9.4570   -9.3640   -7.1570   -6.9450   -6.8890   -6.8420   -6.7290   -6.5660   -6.3740   -6.1760
       1.83e-06       3.65e-06       5.49e-06       7.28e-06       9.14e-06       1.10e-05       1.29e-05       1.41e-05       1.50e-05       1.67e-05       1.88e-05       2.05e-05       2.15e-05       2.18e-05       2.24e-05       2.36e-05       2.51e-05       2.62e-05       2.69e-05
  8.4
   -9.7430   -9.7350   -9.7210   -9.7050   -9.6610   -9.6040   -9.5590   -9.5220   -9.5020   -9.4810   -9.4610   -9.4390   -9.4190   -9.3970   -8.4140   -7.2550   -7.0310   -6.9570   -6.7870   -6.6690   -6.5530   -6.4340   -6.2480   -5.8450   -5.2720   -4.7100
       1.47e-06       2.75e-06       4.52e-06       5.89e-06       7.47e-06       8.36e-06       8.85e-06       9.15e-06       9.35e-06       9.55e-06       9.75e-06       9.95e-06       1.02e-05       1.04e-05       1.06e-05       1.17e-05       1.23e-05       1.29e-05       1.36e-05       1.43e-05       1.50e-05       1.57e-05       1.65e-05       1.67e-05       1.69e-05       1.73e-05
 8.45
  -10.9870  -10.9070  -10.8570  -10.8190  -10.7930  -10.7590  -10.7240  -10.6870  -10.6480  -10.6030  -10.1860  -10.1830  -10.1670  -10.1310   -9.6810   -8.6360   -7.4470   -7.1010   -6.9810   -6.7810   -6.6380   -6.4960   -6.3590   -6.2600   -6.1590   -5.1610
       4.54e-06       7.11e-06       8.53e-06       9.39e-06       9.96e-06       1.05e-05       1.11e-05       1.17e-05       1.23e-05       1.29e-05       1.71e-05       2.22e-05       2.59e-05       2.98e-05       3.04e-05       3.11e-05       3.44e-05       3.61e-05       3.75e-05       3.91e-05       4.07e-05       4.23e-05       4.39e-05       4.45e-05       4.62e-05       4.70e-05
  8.5
  -10.9240  -10.8880  -10.8410  -10.7840  -10.7000  -10.6340  -10.5910  -10.5850  -10.5550  -10.5340  -10.5070  -10.4890  -10.4790  -10.4480  -10.4110  -10.3640   -9.5460   -8.1350   -7.4840   -7.2070   -6.7790   -6.6040   -6.4390   -6.2840   -6.0700   -5.6390
       6.85e-06       1.32e-05       2.06e-05       2.94e-05       3.73e-05       4.17e-05       4.42e-05       4.52e-05       4.67e-05       4.77e-05       4.87e-05       4.98e-05       5.07e-05       5.17e-05       5.28e-05       5.38e-05       5.48e-05       6.07e-05       6.36e-05       6.59e-05       6.85e-05       7.11e-05       7.37e-05       7.63e-05       7.91e-05       8.02e-05
 8.55
  -10.6430  -10.5930  -10.5390  -10.4820  -10.4130  -10.3710  -10.3430  -10.3170  -10.3020  -10.2870  -10.2700  -10.2500  -10.2240  -10.1860  -10.1290  -10.0750  -10.0290   -9.1810   -8.9260   -8.4940   -7.3090   -6.8490   -6.5860   -6.3820   -6.2080   -5.9810
       1.01e-05       1.95e-05       3.03e-05       4.33e-05       5.49e-05       6.14e-05       6.51e-05       6.72e-05       6.87e-05       7.02e-05       7.16e-05       7.31e-05       7.46e-05       7.61e-05       7.76e-05       7.91e-05       8.07e-05       8.93e-05       9.09e-05       9.52e-05       9.85e-05       1.02e-04       1.06e-04       1.10e-04       1.13e-04       1.17e-04
  8.6
  -10.4840  -10.4140  -10.3600  -10.3150  -10.2310  -10.1040  -10.0360   -9.5140   -8.0730   -7.9580   -7.0190   -6.9190   -6.7890   -6.6990   -6.6190   -6.5330   -6.4210   -6.2700   -6.1300   -5.9360   -5.8040   -5.7190   -5.6330
       1.35e-05       2.63e-05       3.81e-05       4.90e-05       5.82e-05       6.15e-05       6.67e-05       8.09e-05       8.87e-05       8.99e-05       9.10e-05       9.25e-05       9.42e-05       9.56e-05       9.74e-05       9.95e-05       1.02e-04       1.06e-04       1.10e-04       1.13e-04       1.15e-04       1.16e-04       1.18e-04
 8.65
  -10.4000  -10.3890  -10.3350  -10.2950  -10.2000   -9.9880   -9.9680   -8.9940   -7.9580   -7.8560   -7.7760   -7.7130   -6.7440   -6.6620   -6.5890   -6.4790   -6.3280   -6.1780   -6.0350   -5.8290   -5.6940   -5.6070   -5.5200
       2.89e-06       1.41e-05       2.44e-05       3.41e-05       4.21e-05       5.40e-05       5.85e-05       7.10e-05       7.82e-05       7.98e-05       8.13e-05       8.35e-05       8.57e-05       8.77e-05       9.02e-05       9.31e-05       9.69e-05       1.02e-04       1.08e-04       1.12e-04       1.14e-04       1.16e-04       1.19e-04
  8.7
  -10.3160  -10.2730  -10.1700  -10.0560  -10.0100   -9.7120   -9.3400   -8.5320   -7.8570   -7.7600   -7.6900   -7.6350   -6.7100   -6.6270   -6.5600   -6.4260   -6.2350   -6.0890   -5.9390   -5.7220   -5.5840   -5.4950   -5.4060
       8.74e-06       1.68e-05       2.36e-05       3.30e-05       3.68e-05       3.93e-05       4.93e-05       5.98e-05       6.62e-05       6.82e-05       7.03e-05       7.30e-05       7.60e-05       7.86e-05       8.18e-05       8.56e-05       9.06e-05       9.72e-05       1.04e-04       1.10e-04       1.13e-04       1.15e-04       1.19e-04
 8.75
  -10.2520  -10.1380  -10.0460   -9.8100   -9.4670   -9.1510   -8.5640   -8.1520   -7.7580   -7.6710   -7.6060   -7.5600   -7.5010   -6.5950   -6.5320   -6.3720   -6.1500   -5.9980   -5.8430   -5.6130   -5.4730   -5.3830   -5.2920
       6.38e-06       1.17e-05       1.47e-05       2.16e-05       2.35e-05       3.09e-05       3.88e-05       4.71e-05       5.26e-05       5.51e-05       5.77e-05       6.12e-05       6.49e-05       6.82e-05       7.21e-05       7.69e-05       8.32e-05       9.15e-05       1.01e-04       1.08e-04       1.12e-04       1.14e-04       1.19e-04
  8.8
  -10.1490   -9.9550   -8.8640   -7.9420   -7.5790   -7.4990   -7.4620   -7.4400   -6.5540   -6.4780   -6.3100   -6.1030   -5.9930   -5.8830   -5.6960   -5.5690   -5.4400   -5.3040   -5.1450
       8.71e-06       1.31e-05       2.55e-05       3.78e-05       4.66e-05       5.13e-05       5.50e-05       5.88e-05       6.31e-05       6.79e-05       7.29e-05       7.81e-05       8.34e-05       9.15e-05       9.96e-05       1.05e-04       1.10e-04       1.16e-04       1.22e-04
 8.85
  -10.2440  -10.1290   -8.5330   -7.7260   -7.4830   -7.4320   -7.4130   -6.5630   -6.4830   -6.3930   -6.2070   -6.0050   -5.8850   -5.7600   -5.5330   -5.3950   -5.2560   -5.1120   -4.9560
       4.63e-06       1.37e-05       2.67e-05       3.95e-05       4.88e-05       5.39e-05       5.79e-05       6.20e-05       6.67e-05       7.18e-05       7.73e-05       8.29e-05       8.87e-05       9.74e-05       1.06e-04       1.12e-04       1.18e-04       1.24e-04       1.31e-04
  8.9
  -10.6420  -10.1080   -8.2550   -7.5940   -7.4300   -7.3960   -7.3820   -6.4860   -6.4130   -6.3080   -6.1040   -5.9070   -5.7760   -5.6320   -5.3700   -5.2210   -5.0720   -4.9260   -4.7770
       4.84e-06       1.44e-05       2.79e-05       4.13e-05       5.12e-05       5.67e-05       6.10e-05       6.54e-05       7.05e-05       7.61e-05       8.20e-05       8.81e-05       9.43e-05       1.04e-04       1.13e-04       1.20e-04       1.26e-04       1.32e-04       1.40e-04
 8.95
  -10.2160   -7.6140   -7.4080   -6.5220   -6.3440   -6.0890   -5.7900   -5.5610   -5.3570   -5.1440   -4.9320   -4.7260
       1.71e-05       3.50e-05       4.89e-05       5.89e-05       6.89e-05       7.90e-05       8.91e-05       9.92e-05       1.09e-04       1.19e-04       1.29e-04       1.41e-04
  9.0
   -9.6130   -7.5790   -7.4060   -6.4490   -6.2350   -5.9350   -5.6600   -5.4270   -5.2160   -5.0070   -4.8010   -4.6080
       1.74e-05       3.56e-05       5.00e-05       6.05e-05       7.11e-05       8.17e-05       9.24e-05       1.03e-04       1.14e-04       1.24e-04       1.35e-04       1.47e-04
 9.05
   -8.4520   -7.5490   -7.4180   -6.5470   -6.3890   -6.0790   -5.7230   -5.4210   -5.1710   -4.9330   -4.7020   -4.5000
       1.52e-05       3.07e-05       4.48e-05       5.50e-05       6.76e-05       8.03e-05       9.30e-05       1.06e-04       1.18e-04       1.31e-04       1.43e-04       1.57e-04
  9.1
   -9.9550   -8.1840   -7.3570   -7.1150   -6.0590   -5.6960   -5.2930   -4.9870   -4.7150   -4.4620   -4.2270
       1.43e-05       2.18e-05       3.81e-05       5.33e-05       6.74e-05       8.17e-05       9.60e-05       1.10e-04       1.25e-04       1.38e-04       1.60e-04
 9.15
   -9.4240   -7.5860   -7.1940   -7.0010   -6.8830   -5.5760   -5.2720   -5.0200   -4.7740   -4.5400   -4.3320
       1.60e-05       2.43e-05       4.25e-05       5.84e-05       7.18e-05       8.54e-05       9.91e-05       1.13e-04       1.26e-04       1.40e-04       1.60e-04
  9.2
  -10.2310   -9.9710   -7.5360   -6.9690   -6.8100   -5.7520   -5.4160   -5.1360
       8.48e-06       2.57e-05       4.74e-05       6.45e-05       7.68e-05       8.90e-05       1.01e-04       1.12e-04
 9.25
  -10.3050  -10.1170   -7.5680   -6.9100   -6.7540   -6.2910   -5.9970   -5.7470
       7.32e-06       2.08e-05       3.66e-05       4.89e-05       5.75e-05       6.58e-05       7.36e-05       8.25e-05
  9.3
  -10.2950  -10.2850   -8.6500   -6.9160   -6.7180   -6.5200   -6.3180   -6.1330
       2.68e-06       1.09e-05       2.71e-05       3.84e-05       4.42e-05       5.00e-05       5.53e-05       6.15e-05
 9.35
  -10.3250  -10.3160   -8.6070   -6.9140   -6.8750   -6.6940   -6.5850   -6.3400
       2.37e-06       9.62e-06       2.40e-05       3.38e-05       3.85e-05       4.32e-05       4.75e-05       5.26e-05
  9.4
  -10.3380   -8.1920   -7.2270   -7.0280   -7.0270   -6.8340   -6.6610
       9.17e-06       2.30e-05       2.70e-05       3.60e-05       3.99e-05       4.36e-05       4.78e-05
 9.45
  -10.3020   -7.8890   -7.3540   -7.1400   -6.9280   -6.7340
       8.71e-06       2.10e-05       2.92e-05       3.32e-05       3.70e-05       4.14e-05
  9.5
  -10.2870   -7.8480   -7.3640   -7.1520   -6.9430   -6.7520
       7.83e-06       1.89e-05       2.63e-05       3.01e-05       3.36e-05       3.78e-05
 9.55
  -10.2480   -7.7520   -7.3360   -7.1190   -6.9060   -6.7100
       6.74e-06       1.71e-05       2.40e-05       2.74e-05       3.07e-05       3.46e-05
 9.65
   -8.6710   -7.6860   -7.2990   -7.1370   -6.8660   -6.6030
       5.48e-06       1.20e-05       1.52e-05       2.01e-05       2.34e-05       2.73e-05
  9.7
   -7.5020   -7.4550   -7.3190   -6.9380   -6.7230   -6.5190
       4.95e-06       1.09e-05       1.37e-05       1.80e-05       2.04e-05       2.34e-05
 9.75
   -7.8870   -7.8850   -7.8260   -7.8010   -7.7700   -7.6480   -7.5380   -7.4900   -7.1320   -6.7670   -6.5140
       9.11e-07       1.39e-06       1.68e-06       3.92e-06       4.20e-06       4.46e-06       8.37e-06       8.52e-06       1.27e-05       1.58e-05       1.86e-05
  9.8
   -7.8220   -7.8110   -7.7960   -7.7690   -7.7300   -7.4720   -7.3930   -7.0820   -6.7340   -6.7050   -6.4830
       4.23e-07       1.24e-06       1.50e-06       1.75e-06       3.79e-06       7.34e-06       7.56e-06       1.13e-05       1.42e-05       1.43e-05       1.69e-05
  9.9
   -7.6870   -7.6690   -7.6240   -7.4930   -7.1110   -6.8560   -6.5650
       5.15e-07       1.04e-06       1.97e-06       4.34e-06       7.16e-06       9.48e-06       1.25e-05
 9.95
   -7.5810   -7.5750   -7.5200   -7.3750   -6.9580   -6.6850   -6.3760
       5.12e-07       1.05e-06       1.99e-06       4.40e-06       7.27e-06       9.63e-06       1.18e-05
 10.0
   -7.4810   -7.4750   -7.4150   -7.2590   -6.8070   -6.5140   -6.1860
       5.50e-07       1.07e-06       2.03e-06       4.47e-06       7.39e-06       9.79e-06       1.11e-05
10.05
   -7.3120   -7.2550   -7.2320   -7.1370   -6.7990   -6.3580   -6.1930
       6.47e-07       1.24e-06       3.29e-06       3.85e-06       7.28e-06       9.65e-06       1.03e-05
10.15
   -7.0920   -7.0340   -6.8200   -6.5120   -6.3830   -6.2260
       8.21e-07       2.21e-06       4.92e-06       5.69e-06       8.08e-06       8.76e-06
