  8.1
  -11.2790  -11.2720  -11.2640  -11.2450  -11.2160  -11.2130  -11.1770  -11.1540  -11.1380  -11.1020  -11.0680  -11.0660  -11.0330  -10.9990  -10.9680  -10.9610  -10.9370  -10.9070  -10.8780  -10.8530  -10.8150  -10.7340  -10.6350  -10.4340  -10.3740  -10.1780  -10.0150   -9.6970
       6.05e-07       1.22e-06       1.81e-06       2.43e-06       3.02e-06       3.64e-06       4.27e-06       4.85e-06       5.48e-06       6.11e-06       6.69e-06       7.33e-06       7.97e-06       8.61e-06       9.25e-06       9.82e-06       1.05e-05       1.11e-05       1.18e-05       1.24e-05       1.31e-05       1.37e-05       1.44e-05       1.48e-05       1.48e-05       1.54e-05       1.62e-05       1.71e-05
 8.15
  -11.1440  -11.1420  -11.1240  -11.1190  -11.0980  -11.0670  -11.0670  -11.0350  -11.0030  -11.0000  -10.9730  -10.9460  -10.9190  -10.9110  -10.8910  -10.8630  -10.8400  -10.8190  -10.7980  -10.7760  -10.7130  -10.6220  -10.4720  -10.1900  -10.1360   -9.9550   -9.8000   -9.5410
       8.38e-07       1.68e-06       2.54e-06       3.36e-06       4.22e-06       5.91e-06       5.91e-06       6.78e-06       7.65e-06       8.47e-06       9.35e-06       1.02e-05       1.11e-05       1.19e-05       1.28e-05       1.37e-05       1.46e-05       1.55e-05       1.64e-05       1.73e-05       1.82e-05       1.91e-05       1.96e-05       2.03e-05       2.11e-05       2.19e-05       2.28e-05       2.37e-05
  8.2
  -11.0090  -11.0070  -11.0020  -10.9980  -10.9860  -10.9820  -10.9820  -10.9700  -10.9540  -10.9500  -10.9370  -10.9180  -10.9160  -10.9030  -10.8920  -10.8670  -10.8550  -10.8420  -10.8270  -10.8130  -10.8000  -10.7890  -10.7780  -10.7680  -10.7570  -10.7330  -10.6960  -10.6470  -10.5830  -10.4960  -10.2270   -9.7180   -9.3810   -7.7770
       7.61e-07       1.52e-06       2.28e-06       3.05e-06       3.81e-06       5.35e-06       5.35e-06       6.12e-06       6.89e-06       7.65e-06       8.42e-06       9.19e-06       9.95e-06       1.07e-05       1.15e-05       1.37e-05       1.45e-05       1.53e-05       1.61e-05       1.69e-05       1.77e-05       1.85e-05       1.92e-05       2.00e-05       2.08e-05       2.16e-05       2.24e-05       2.32e-05       2.40e-05       2.47e-05       2.51e-05       2.77e-05       2.89e-05       2.95e-05
 8.25
  -10.8980  -10.8740  -10.8740  -10.8710  -10.8650  -10.8650  -10.8550  -10.8500  -10.8440  -10.8380  -10.8290  -10.8270  -10.8220  -10.8170  -10.8070  -10.7870  -10.7800  -10.7730  -10.7700  -10.7630  -10.7530  -10.7480  -10.7430  -10.7370  -10.7150  -10.6870  -10.6540  -10.6130  -10.5600  -10.4720  -10.2230   -9.7190   -9.3750   -8.1430
       9.62e-07       2.84e-06       2.84e-06       3.79e-06       5.67e-06       5.67e-06       6.62e-06       7.55e-06       8.50e-06       9.45e-06       1.04e-05       1.13e-05       1.23e-05       1.33e-05       1.42e-05       1.52e-05       1.61e-05       1.71e-05       1.99e-05       2.08e-05       2.18e-05       2.28e-05       2.37e-05       2.47e-05       2.57e-05       2.67e-05       2.77e-05       2.87e-05       2.97e-05       3.05e-05       3.09e-05       3.43e-05       3.59e-05       3.65e-05
  8.3
  -10.7450  -10.7390  -10.7380  -10.7350  -10.7150  -10.7060  -10.6980  -10.6970  -10.6220  -10.4750   -9.7300   -9.2280
       3.23e-06       6.50e-06       9.75e-06       1.30e-05       1.62e-05       1.96e-05       2.43e-05       2.76e-05       3.09e-05       3.36e-05       3.85e-05       4.12e-05
 8.35
  -10.6500  -10.6450  -10.6430  -10.6420  -10.6410  -10.6350  -10.6170  -10.5910  -10.4890   -9.9570   -9.7180   -9.2630
       3.21e-06       6.48e-06       9.73e-06       1.30e-05       1.62e-05       1.93e-05       2.25e-05       2.57e-05       2.83e-05       3.30e-05       3.90e-05       4.34e-05
  8.4
  -10.5870  -10.5610  -10.5090   -9.9990   -9.9790   -9.9640   -9.9380   -9.9140   -9.8820   -9.8330   -9.7050   -9.2970
       3.19e-06       6.37e-06       8.90e-06       1.21e-05       1.52e-05       1.84e-05       2.15e-05       2.46e-05       2.77e-05       3.22e-05       3.95e-05       4.57e-05
 8.45
  -11.0350  -11.0320  -11.0280  -11.0150  -10.9780  -10.9750  -10.9570  -10.8640  -10.7150   -9.9780   -9.9770   -9.9760   -9.9760   -9.9740   -9.9730   -9.9610   -9.9320   -9.8620   -9.7380   -9.6550   -9.6360   -9.6360   -9.5060   -9.4410   -9.2600   -8.9230
       9.16e-07       1.83e-06       2.73e-06       3.63e-06       4.51e-06       5.25e-06       6.13e-06       6.56e-06       7.25e-06       9.12e-06       1.15e-05       1.48e-05       1.48e-05       1.57e-05       1.66e-05       1.95e-05       2.33e-05       2.80e-05       3.18e-05       3.37e-05       3.68e-05       3.68e-05       3.95e-05       4.30e-05       4.71e-05       4.98e-05
  8.5
  -10.9940  -10.9800  -10.9690  -10.9690  -10.9690  -10.9670  -10.9670  -10.9670  -10.9660  -10.9650  -10.9640  -10.9620  -10.9600  -10.9580  -10.9510  -10.9430  -10.6680   -9.8750   -9.7910   -9.5820   -9.5030   -9.4470   -9.3110   -9.2410   -9.0610   -8.7510
       9.53e-07       2.09e-06       9.98e-06       9.98e-06       9.98e-06       1.66e-05       1.66e-05       1.66e-05       1.78e-05       1.90e-05       2.02e-05       2.14e-05       2.25e-05       2.37e-05       2.49e-05       2.54e-05       2.62e-05       3.24e-05       3.73e-05       4.22e-05       4.46e-05       4.75e-05       5.09e-05       5.53e-05       6.06e-05       6.41e-05
 8.55
  -10.9860  -10.9760  -10.9760  -10.9730  -10.9700  -10.9660  -10.9630  -10.9600  -10.9570  -10.9540  -10.9500  -10.9470  -10.9380  -10.9290  -10.9190  -10.8990  -10.8780  -10.7500   -9.7000   -9.5270   -9.3510   -9.2570   -9.1160   -9.0600   -8.8630   -8.5780
       1.19e-06       4.03e-06       4.03e-06       4.72e-06       6.17e-06       7.63e-06       9.10e-06       1.06e-05       1.21e-05       1.35e-05       1.50e-05       1.73e-05       2.03e-05       2.33e-05       2.72e-05       3.17e-05       3.79e-05       3.89e-05       4.50e-05       5.26e-05       5.56e-05       5.92e-05       6.34e-05       6.89e-05       7.56e-05       7.98e-05
  8.6
  -11.0010  -10.9670  -10.9530  -10.9530  -10.9530  -10.9520  -10.9490  -10.9460  -10.9430  -10.9390  -10.9350  -10.9310  -10.9220  -10.9130  -10.9020  -10.8780  -10.8540  -10.8480  -10.7890   -9.1980   -9.1810   -9.0650   -8.9420   -8.8830   -8.6630   -8.4040
       8.41e-07       2.29e-06       7.52e-06       7.52e-06       7.52e-06       9.30e-06       1.11e-05       1.29e-05       1.47e-05       1.65e-05       1.83e-05       2.11e-05       2.48e-05       2.85e-05       3.31e-05       3.87e-05       4.62e-05       4.74e-05       5.67e-05       6.04e-05       6.78e-05       7.22e-05       7.73e-05       8.39e-05       9.20e-05       9.72e-05
 8.65
  -10.9220  -10.9200  -10.9100  -10.8970  -10.8810  -10.8460  -10.8010  -10.7260   -9.0520   -9.0460   -8.8600   -8.7890   -8.7550   -8.7190   -8.6820   -8.4660   -8.1980
       2.57e-06       5.22e-06       1.04e-05       1.58e-05       2.41e-05       3.54e-05       4.70e-05       5.90e-05       6.82e-05       7.41e-05       7.88e-05       8.17e-05       8.35e-05       8.53e-05       9.10e-05       9.94e-05       1.06e-04
  8.7
  -10.8850  -10.8770  -10.8640  -10.8440  -10.8230  -10.7780  -10.7270  -10.6480   -8.9860   -8.8840   -8.7580   -8.6630   -8.6180   -8.5730   -8.5260   -8.2490   -7.9310
       2.70e-06       5.48e-06       1.09e-05       1.66e-05       2.53e-05       3.72e-05       4.95e-05       6.21e-05       7.17e-05       7.86e-05       8.46e-05       8.83e-05       9.07e-05       9.30e-05       1.00e-04       1.11e-04       1.20e-04
 8.75
  -10.8490  -10.8340  -10.8180  -10.7910  -10.7640  -10.7100  -10.6520   -9.7170   -8.9220   -8.7920   -8.6570   -8.5360   -8.4820   -8.4250   -8.3690   -8.0280   -7.6640
       2.85e-06       5.75e-06       1.14e-05       1.74e-05       2.66e-05       3.92e-05       5.21e-05       6.53e-05       7.55e-05       8.34e-05       9.09e-05       9.55e-05       9.85e-05       1.01e-04       1.10e-04       1.24e-04       1.35e-04
  8.8
  -10.8120  -10.7910  -10.7720  -10.7380  -10.7050  -10.6430  -10.5770   -9.5910   -8.8790   -8.7390   -8.5570   -8.4100   -8.3450   -8.2780   -8.2130   -7.8060   -7.3930
       2.99e-06       6.04e-06       1.20e-05       1.83e-05       2.80e-05       4.12e-05       5.48e-05       6.88e-05       7.94e-05       8.85e-05       9.76e-05       1.03e-04       1.07e-04       1.10e-04       1.21e-04       1.38e-04       1.51e-04
 8.85
  -10.7630  -10.7460  -10.7180  -10.6730  -10.6310  -10.5900  -10.5470  -10.5020   -9.1060   -8.6510   -8.5260   -8.3070   -8.2150   -8.1230   -8.0270   -7.6720   -7.1750
       4.88e-06       8.46e-06       1.42e-05       2.20e-05       3.00e-05       3.82e-05       4.68e-05       6.01e-05       7.86e-05       9.30e-05       1.03e-04       1.11e-04       1.16e-04       1.21e-04       1.32e-04       1.50e-04       1.68e-04
  8.9
  -10.7010  -10.6930  -10.6670  -10.6190  -10.5740  -10.5300  -10.4830  -10.4320   -8.9050   -8.4960   -8.3870   -8.1550   -8.0550   -7.9520   -7.8410   -7.4580   -6.9480
       4.55e-06       7.90e-06       1.33e-05       2.05e-05       2.80e-05       3.57e-05       4.36e-05       5.61e-05       7.33e-05       8.72e-05       9.75e-05       1.05e-04       1.11e-04       1.16e-04       1.27e-04       1.46e-04       1.64e-04
 8.95
  -10.6410  -10.6390  -10.6150  -10.5650  -10.5170  -10.4690  -10.4190   -9.6500   -8.7510   -8.4080   -8.2150   -8.0030   -7.8950   -7.7760   -7.6550   -7.2440   -6.7200
       3.06e-06       7.24e-06       1.21e-05       1.88e-05       2.56e-05       3.27e-05       4.00e-05       5.14e-05       6.72e-05       8.05e-05       9.11e-05       9.92e-05       1.05e-04       1.10e-04       1.21e-04       1.41e-04       1.59e-04
  9.0
  -10.6100  -10.6050  -10.5640  -10.5100  -10.4570  -10.4020  -10.3410   -9.0900   -8.4500   -8.3440   -8.1410   -8.0550   -7.9610   -7.8630   -7.7550   -7.5090   -7.0810   -6.6160
       3.66e-06       6.62e-06       1.18e-05       1.81e-05       2.47e-05       3.17e-05       3.90e-05       5.06e-05       6.27e-05       7.14e-05       7.83e-05       8.31e-05       8.80e-05       9.31e-05       1.01e-04       1.15e-04       1.34e-04       1.54e-04
 9.05
  -10.6330  -10.6010  -10.5410  -10.4870  -10.4350  -10.3800  -10.3190   -9.2460   -8.4740   -8.3260   -8.1320   -8.0340   -7.9280   -7.8170   -7.6970   -7.4370   -6.9900   -6.5310
       3.11e-06       5.62e-06       9.98e-06       1.54e-05       2.10e-05       2.69e-05       3.31e-05       4.29e-05       5.32e-05       6.17e-05       6.92e-05       7.45e-05       7.99e-05       8.54e-05       9.40e-05       1.10e-04       1.30e-04       1.52e-04
  9.1
  -10.6190  -10.5620  -10.4960  -10.4520  -10.4080  -10.4030  -10.3630  -10.2570   -8.6630   -8.3030   -8.2380   -8.0920   -7.9730   -7.8430   -7.5600   -7.0740   -6.5830
       1.70e-06       4.42e-06       8.08e-06       1.19e-05       1.60e-05       1.83e-05       2.49e-05       3.42e-05       4.44e-05       5.28e-05       5.90e-05       6.55e-05       7.21e-05       8.26e-05       1.02e-04       1.27e-04       1.57e-04
 9.15
  -10.5970  -10.5490  -10.5000  -10.4480  -10.4040  -10.3570  -10.3050   -9.2450   -8.4380   -8.1960   -8.0630   -7.9300   -7.7850   -7.6330   -7.3160   -6.8390   -6.8210   -6.1760   -5.4420
       2.17e-06       3.72e-06       6.21e-06       9.56e-06       1.31e-05       1.68e-05       2.28e-05       3.13e-05       4.07e-05       4.89e-05       5.59e-05       6.30e-05       7.04e-05       8.21e-05       1.02e-04       1.16e-04       1.87e-04       3.11e-04       3.65e-04
  9.2
  -10.4660  -10.4020  -10.3480  -10.2930  -10.2340  -10.1670   -9.0030   -8.4960   -8.2720   -8.2550   -8.1170   -7.9330   -7.7530   -7.3450   -6.8960   -6.3590
       2.88e-06       5.95e-06       9.21e-06       1.27e-05       1.83e-05       2.10e-05       2.30e-05       3.13e-05       3.61e-05       4.28e-05       4.92e-05       5.73e-05       7.00e-05       8.70e-05       1.06e-04       1.16e-04
 9.25
  -10.4000  -10.3090  -10.3080   -9.5350   -8.8690   -8.6460   -8.3540   -8.2720   -8.1160   -7.9650   -7.7620   -7.5500   -7.0880
       2.53e-06       6.73e-06       9.10e-06       1.53e-05       1.69e-05       2.06e-05       2.56e-05       2.95e-05       3.37e-05       3.91e-05       4.60e-05       5.64e-05       7.15e-05
  9.3
  -10.3530  -10.3410  -10.2250   -8.9770   -8.5840   -8.4910   -8.3410   -8.1490   -7.9900   -7.8300   -7.6570   -7.4810   -7.0980
       2.44e-06       4.72e-06       8.77e-06       1.03e-05       1.52e-05       2.11e-05       2.47e-05       2.84e-05       3.24e-05       3.69e-05       4.19e-05       4.94e-05       6.03e-05
 9.35
  -10.3570  -10.3550   -8.9260   -8.6640   -8.3880   -8.1870   -8.0260   -7.8330   -7.6540   -7.4810   -7.1310
       1.71e-06       5.41e-06       1.09e-05       1.54e-05       1.87e-05       2.23e-05       2.61e-05       3.00e-05       3.40e-05       3.97e-05       4.81e-05
  9.4
  -10.0720  -10.0120   -8.6030   -8.4220   -8.2190   -8.0550   -7.8690   -7.4710   -7.1410
       3.52e-06       8.64e-06       1.29e-05       1.61e-05       1.94e-05       2.30e-05       2.89e-05       3.63e-05       4.37e-05
 9.45
   -9.4470   -8.7690   -8.4830   -8.3140   -8.1340   -7.9840   -7.8120   -7.4670   -7.2170
       3.02e-06       7.41e-06       1.11e-05       1.38e-05       1.67e-05       1.97e-05       2.48e-05       3.10e-05       3.70e-05
  9.5
   -8.8510   -8.8410   -8.7160   -8.4660   -8.2940   -8.0980   -7.9390   -7.7570   -7.4050
       9.56e-07       1.84e-06       4.65e-06       7.75e-06       1.01e-05       1.26e-05       1.52e-05       1.96e-05       2.46e-05
 9.55
   -8.7580   -8.7510   -8.6490   -8.3870   -8.2060   -8.0120   -7.8420   -7.6410   -7.2910
       8.24e-07       1.71e-06       4.29e-06       7.15e-06       9.29e-06       1.16e-05       1.41e-05       1.81e-05       2.25e-05
 9.65
   -8.6320   -8.3820   -8.2140   -8.0150   -7.6670   -7.3120   -7.1290
       2.06e-06       4.24e-06       5.87e-06       8.64e-06       1.28e-05       1.62e-05       1.87e-05
  9.7
   -8.4040   -8.1890   -7.8780   -7.4110   -6.9920
       2.92e-06       4.19e-06       8.55e-06       1.33e-05       1.78e-05
 9.75
   -8.2770   -8.2240   -7.7220   -7.2550   -6.8170
       1.24e-06       4.13e-06       8.45e-06       1.32e-05       1.65e-05
  9.8
   -8.1000   -7.8290   -7.4890   -6.9460   -6.6870
       3.05e-06       4.04e-06       8.83e-06       1.26e-05       1.41e-05
  9.9
   -7.9280   -7.9090   -7.3480   -6.8370   -6.5910
       8.01e-07       3.26e-06       7.12e-06       1.01e-05       1.14e-05
 9.95
   -7.8290   -7.4370   -7.0250   -6.5670
       1.90e-06       4.82e-06       8.07e-06       1.00e-05
 10.0
   -7.7500   -7.3640   -6.9770   -6.5460
       1.71e-06       4.35e-06       7.28e-06       9.00e-06
10.05
   -7.5640   -7.3670   -6.8120   -6.5400
       1.36e-06       3.99e-06       6.96e-06       7.98e-06
10.15
   -7.2760   -7.2460   -6.8410   -6.6510
       1.03e-06       3.00e-06       5.22e-06       5.98e-06
