  5.5
    6.2770    6.6400    6.9720    7.3900    7.7940    8.2960    8.5510    8.9450    9.2170    9.7290   10.1550
       7.20e-02       1.58e-01       2.62e-01       3.95e-01       5.74e-01       7.43e-01       8.68e-01       9.80e-01       1.07e+00       1.17e+00       1.22e+00
 5.55
    6.2770    6.6400    6.9720    7.3900    7.7940    8.2960    8.5510    8.9450    9.2170    9.7290   10.1550
       7.20e-02       1.58e-01       2.62e-01       3.95e-01       5.74e-01       7.43e-01       8.68e-01       9.80e-01       1.07e+00       1.17e+00       1.22e+00
  5.6
    6.2770    6.6400    6.9720    7.3900    7.7940    8.2960    8.5510    8.9450    9.2170    9.7290   10.1550
       7.20e-02       1.58e-01       2.62e-01       3.95e-01       5.74e-01       7.43e-01       8.68e-01       9.80e-01       1.07e+00       1.17e+00       1.22e+00
 5.65
    6.2770    6.6400    6.9720    7.3900    7.7940    8.2960    8.5510    8.9450    9.2170    9.7290   10.1550
       7.20e-02       1.58e-01       2.62e-01       3.95e-01       5.74e-01       7.43e-01       8.68e-01       9.80e-01       1.07e+00       1.17e+00       1.22e+00
  5.7
    6.2770    6.6400    6.9720    7.3900    7.7940    8.2960    8.5510    8.9450    9.2170    9.7290   10.1550
       7.20e-02       1.58e-01       2.62e-01       3.95e-01       5.74e-01       7.43e-01       8.68e-01       9.80e-01       1.07e+00       1.17e+00       1.22e+00
 5.75
    6.2770    6.6400    6.9720    7.3900    7.7940    8.2960    8.5510    8.9450    9.2170    9.7290   10.1550
       7.20e-02       1.58e-01       2.62e-01       3.95e-01       5.74e-01       7.43e-01       8.68e-01       9.80e-01       1.07e+00       1.17e+00       1.22e+00
  5.8
    6.2770    6.6400    6.9720    7.3900    7.7940    8.2960    8.5510    8.9450    9.2170    9.7290   10.1550
       7.20e-02       1.58e-01       2.62e-01       3.95e-01       5.74e-01       7.43e-01       8.68e-01       9.80e-01       1.07e+00       1.17e+00       1.22e+00
 5.85
    6.2770    6.6400    6.9720    7.3900    7.7940    8.2960    8.5510    8.9450    9.2170    9.7290   10.1550
       7.20e-02       1.58e-01       2.62e-01       3.95e-01       5.74e-01       7.43e-01       8.68e-01       9.80e-01       1.07e+00       1.17e+00       1.22e+00
  5.9
    6.2770    6.6400    6.9720    7.3900    7.7940    8.2960    8.5510    8.9450    9.2170    9.7290   10.1550
       7.20e-02       1.58e-01       2.62e-01       3.95e-01       5.74e-01       7.43e-01       8.68e-01       9.80e-01       1.07e+00       1.17e+00       1.22e+00
 5.95
    6.2770    6.6400    6.9720    7.3900    7.7940    8.2960    8.5510    8.9450    9.2170    9.7290   10.1550
       7.20e-02       1.58e-01       2.62e-01       3.95e-01       5.74e-01       7.43e-01       8.68e-01       9.80e-01       1.07e+00       1.17e+00       1.22e+00
  6.0
    6.2770    6.6400    6.9720    7.3900    7.7940    8.2960    8.5510    8.9450    9.2170    9.7290   10.1550
       7.20e-02       1.58e-01       2.62e-01       3.95e-01       5.74e-01       7.43e-01       8.68e-01       9.80e-01       1.07e+00       1.17e+00       1.22e+00
 6.05
    6.2770    6.6400    6.9720    7.3900    7.7940    8.2960    8.5510    8.9450    9.2170    9.7290   10.1550
       7.20e-02       1.58e-01       2.62e-01       3.95e-01       5.74e-01       7.43e-01       8.68e-01       9.80e-01       1.07e+00       1.17e+00       1.22e+00
  6.1
    6.2770    6.6400    6.9720    7.3900    7.7940    8.2960    8.5510    8.9450    9.2170    9.7290   10.1550
       7.20e-02       1.58e-01       2.62e-01       3.95e-01       5.74e-01       7.43e-01       8.68e-01       9.80e-01       1.07e+00       1.17e+00       1.22e+00
 6.15
    6.2770    6.6400    6.9720    7.3900    7.7940    8.2960    8.5510    8.9450    9.2170    9.7290   10.1550
       7.20e-02       1.58e-01       2.62e-01       3.95e-01       5.74e-01       7.43e-01       8.68e-01       9.80e-01       1.07e+00       1.17e+00       1.22e+00
  6.2
    6.2770    6.6400    6.9720    7.3900    7.7940    8.2960    8.5510    8.9450    9.2170    9.7290   10.1550
       7.20e-02       1.58e-01       2.62e-01       3.95e-01       5.74e-01       7.43e-01       8.68e-01       9.80e-01       1.07e+00       1.17e+00       1.22e+00
 6.25
    6.2770    6.6400    6.9720    7.3900    7.7940    8.2960    8.5510    8.9450    9.2170    9.7290   10.1550
       7.20e-02       1.58e-01       2.62e-01       3.95e-01       5.74e-01       7.43e-01       8.68e-01       9.80e-01       1.07e+00       1.17e+00       1.22e+00
  6.3
    6.2770    6.6400    6.9720    7.3900    7.7940    8.2960    8.5510    8.9450    9.2170    9.7290   10.1550
       7.20e-02       1.58e-01       2.62e-01       3.95e-01       5.74e-01       7.43e-01       8.68e-01       9.80e-01       1.07e+00       1.17e+00       1.22e+00
 6.35
    6.2770    6.6400    6.9720    7.3900    7.7940    8.2960    8.5510    8.9450    9.2170    9.7290   10.1550
       7.20e-02       1.58e-01       2.62e-01       3.95e-01       5.74e-01       7.43e-01       8.68e-01       9.80e-01       1.07e+00       1.17e+00       1.22e+00
  6.4
    6.2770    6.6400    6.9720    7.3900    7.7940    8.2960    8.5510    8.9450    9.2170    9.7290   10.1550
       7.20e-02       1.58e-01       2.62e-01       3.95e-01       5.74e-01       7.43e-01       8.68e-01       9.80e-01       1.07e+00       1.17e+00       1.22e+00
 6.45
    6.2770    6.6400    6.9720    7.3900    7.7940    8.2960    8.5510    8.9450    9.2170    9.7290   10.1550
       7.20e-02       1.58e-01       2.62e-01       3.95e-01       5.74e-01       7.43e-01       8.68e-01       9.80e-01       1.07e+00       1.17e+00       1.22e+00
  6.5
    6.2770    6.6400    6.9720    7.3900    7.7940    8.2960    8.5510    8.9450    9.2170    9.7290   10.1550
       7.20e-02       1.58e-01       2.62e-01       3.95e-01       5.74e-01       7.43e-01       8.68e-01       9.80e-01       1.07e+00       1.17e+00       1.22e+00
 6.55
    6.2770    6.6400    6.9720    7.3900    7.7940    8.2960    8.5510    8.9450    9.2170    9.7290   10.1550
       7.20e-02       1.58e-01       2.62e-01       3.95e-01       5.74e-01       7.43e-01       8.68e-01       9.80e-01       1.07e+00       1.17e+00       1.22e+00
  6.6
    6.2770    6.6400    6.9720    7.3900    7.7940    8.2960    8.5510    8.9450    9.2170    9.7290   10.1550
       7.20e-02       1.58e-01       2.62e-01       3.95e-01       5.74e-01       7.43e-01       8.68e-01       9.80e-01       1.07e+00       1.17e+00       1.22e+00
 6.65
    6.2770    6.6400    6.9720    7.3900    7.7930    8.2960    8.5510    8.9450    9.2170    9.7290   10.1550
       7.20e-02       1.58e-01       2.62e-01       3.95e-01       5.74e-01       7.43e-01       8.68e-01       9.80e-01       1.07e+00       1.17e+00       1.22e+00
  6.7
    6.2770    6.6400    6.9720    7.3900    7.7930    8.2960    8.5510    8.9450    9.2170    9.7290   10.1550
       7.20e-02       1.58e-01       2.62e-01       3.95e-01       5.74e-01       7.43e-01       8.68e-01       9.80e-01       1.07e+00       1.17e+00       1.22e+00
 6.75
    6.2770    6.6400    6.9710    7.3900    7.7930    8.2960    8.5510    8.9450    9.2170    9.7290   10.1550
       7.20e-02       1.58e-01       2.62e-01       3.95e-01       5.74e-01       7.43e-01       8.68e-01       9.80e-01       1.07e+00       1.17e+00       1.22e+00
  6.8
    6.2770    6.6400    6.9710    7.3900    7.7930    8.2960    8.5510    8.9450    9.2170    9.7290   10.1550
       7.20e-02       1.58e-01       2.62e-01       3.95e-01       5.74e-01       7.43e-01       8.68e-01       9.80e-01       1.07e+00       1.17e+00       1.22e+00
 6.85
    6.2770    6.6400    6.9710    7.3900    7.7930    8.2960    8.5510    8.9450    9.2170    9.7290   10.1550
       7.20e-02       1.58e-01       2.62e-01       3.95e-01       5.74e-01       7.43e-01       8.68e-01       9.80e-01       1.07e+00       1.17e+00       1.22e+00
  6.9
    6.2770    6.6400    6.9710    7.3900    7.7930    8.2960    8.5510    8.9450    9.2170    9.7290   10.1550
       7.20e-02       1.58e-01       2.62e-01       3.95e-01       5.74e-01       7.43e-01       8.68e-01       9.80e-01       1.07e+00       1.17e+00       1.22e+00
 6.95
    6.2770    6.6400    6.9710    7.3900    7.7930    8.2960    8.5510    8.9450    9.2170    9.7290   10.1550
       7.20e-02       1.58e-01       2.62e-01       3.95e-01       5.74e-01       7.43e-01       8.68e-01       9.80e-01       1.07e+00       1.17e+00       1.22e+00
  7.0
    6.2770    6.6400    6.9710    7.3900    7.7930    8.2960    8.5510    8.9450    9.2170    9.7290   10.1550
       7.20e-02       1.58e-01       2.62e-01       3.95e-01       5.74e-01       7.43e-01       8.68e-01       9.80e-01       1.07e+00       1.17e+00       1.22e+00
 7.05
  -10.8510  -10.4070    6.2770    6.6400    6.9710    7.3900    7.7930    8.2960    8.5510    8.9450    9.2170    9.7290   10.1550
       4.36e-06       1.02e-05       7.20e-02       1.58e-01       2.62e-01       3.95e-01       5.74e-01       7.44e-01       8.68e-01       9.80e-01       1.07e+00       1.17e+00       1.22e+00
  7.1
  -10.8000  -10.3170    6.2770    6.6400    6.9710    7.3900    7.7930    8.2960    8.5510    8.9450    9.2170    9.7290   10.1550
       3.49e-06       1.08e-05       7.20e-02       1.58e-01       2.62e-01       3.95e-01       5.74e-01       7.44e-01       8.68e-01       9.80e-01       1.07e+00       1.17e+00       1.22e+00
 7.15
  -10.7480  -10.2240  -10.1900  -10.1220    6.2770    6.6400    6.9710    7.3900    7.7930    8.2960    8.5510    8.9450    9.2170    9.7290   10.1550
       2.36e-06       9.71e-06       1.38e-05       1.48e-05       7.20e-02       1.58e-01       2.62e-01       3.95e-01       5.74e-01       7.44e-01       8.68e-01       9.80e-01       1.07e+00       1.17e+00       1.22e+00
  7.2
  -10.4960  -10.0560  -10.0520   -9.9430   -9.7660    6.2770    6.6400    6.9710    7.3900    7.7930    8.2960    8.5510    8.9450    9.2170    9.7290   10.1550
       1.21e-06       1.09e-05       1.30e-05       1.44e-05       3.22e-05       7.20e-02       1.58e-01       2.62e-01       3.95e-01       5.74e-01       7.44e-01       8.68e-01       9.80e-01       1.07e+00       1.17e+00       1.22e+00
 7.25
  -10.3450   -9.8890   -9.8510   -9.7630   -9.5960    6.2770    6.6400    6.9710    7.3900    7.7930    8.2960    8.5510    8.9450    9.2170    9.7290   10.1550
       1.43e-06       1.39e-05       1.64e-05       1.82e-05       4.10e-05       7.20e-02       1.58e-01       2.62e-01       3.95e-01       5.74e-01       7.44e-01       8.68e-01       9.80e-01       1.07e+00       1.17e+00       1.22e+00
  7.3
  -10.1940   -9.7200   -9.6500   -9.5640   -9.5480   -9.4240   -9.3760    6.2770    6.6400    6.9710    7.3900    7.7930    8.2960    8.5510    8.9450    9.2170    9.7290   10.1550
       1.70e-06       1.07e-05       1.37e-05       1.57e-05       2.88e-05       4.94e-05       4.98e-05       7.20e-02       1.58e-01       2.62e-01       3.95e-01       5.74e-01       7.44e-01       8.68e-01       9.80e-01       1.07e+00       1.17e+00       1.22e+00
 7.35
  -10.1300   -9.9750   -9.8110   -9.6850   -9.5240   -9.5020   -9.4090   -9.3970   -9.3350   -9.3080    6.2770    6.6400    6.9710    7.3900    7.7930    8.2960    8.5510    8.9450    9.2170    9.7290   10.1550
       5.76e-07       1.68e-06       2.59e-06       3.50e-06       4.43e-06       2.21e-05       2.26e-05       2.29e-05       2.45e-05       2.69e-05       7.20e-02       1.58e-01       2.62e-01       3.95e-01       5.74e-01       7.44e-01       8.68e-01       9.80e-01       1.07e+00       1.17e+00       1.22e+00
  7.4
   -9.9530   -9.7990   -9.6430   -9.5190   -9.3640   -9.2830   -9.2480   -9.2340   -9.1650   -9.0510    6.2770    6.6400    6.9710    7.3900    7.7930    8.2960    8.5510    8.9450    9.2170    9.7290   10.1550
       6.52e-07       1.90e-06       2.94e-06       3.96e-06       5.01e-06       2.57e-05       2.63e-05       2.66e-05       2.84e-05       3.13e-05       7.20e-02       1.58e-01       2.62e-01       3.95e-01       5.74e-01       7.44e-01       8.68e-01       9.80e-01       1.07e+00       1.17e+00       1.22e+00
 7.45
   -9.7760   -9.6230   -9.4740   -9.3540   -9.2010   -9.0860   -9.0720   -9.0650   -8.9960    6.2770    6.6400    6.9710    7.3900    7.7930    8.2960    8.5510    8.9450    9.2170    9.7290   10.1550
       7.37e-07       2.14e-06       3.32e-06       4.47e-06       5.66e-06       6.26e-06       6.64e-06       3.08e-05       3.28e-05       7.20e-02       1.58e-01       2.62e-01       3.95e-01       5.74e-01       7.44e-01       8.68e-01       9.80e-01       1.07e+00       1.17e+00       1.22e+00
  7.5
   -9.5970   -9.4480   -9.3080   -9.1890   -9.0410   -8.9240   -8.9090   -8.8480   -8.8250    6.2770    6.6400    6.9710    7.3900    7.7930    8.2960    8.5510    8.9450    9.2170    9.7290   10.1550
       8.32e-07       2.42e-06       3.74e-06       5.05e-06       6.39e-06       7.07e-06       7.50e-06       3.55e-05       3.78e-05       7.20e-02       1.58e-01       2.62e-01       3.95e-01       5.74e-01       7.44e-01       8.68e-01       9.80e-01       1.07e+00       1.17e+00       1.22e+00
  7.6
   -9.2260   -8.9560   -8.6680    6.2770    6.6400    6.9710    7.3900    7.7930    8.2960    8.5510    8.9450    9.2170    9.7290   10.1550
       1.51e-06       4.55e-06       7.53e-06       7.20e-02       1.58e-01       2.62e-01       3.95e-01       5.74e-01       7.43e-01       8.68e-01       9.80e-01       1.07e+00       1.17e+00       1.22e+00
 7.65
   -9.0570   -8.7890   -8.5140    6.2770    6.6400    6.9710    7.3900    7.7930    8.2960    8.5510    8.9450    9.2170    9.7290   10.1550
       1.56e-06       4.69e-06       7.77e-06       7.20e-02       1.58e-01       2.62e-01       3.95e-01       5.74e-01       7.43e-01       8.68e-01       9.80e-01       1.07e+00       1.17e+00       1.22e+00
  7.7
   -8.8900   -8.6230   -8.3620    6.2770    6.6400    6.9710    7.3900    7.7930    8.2960    8.5510    8.9450    9.2170    9.7290   10.1550
       1.60e-06       4.83e-06       8.00e-06       7.20e-02       1.58e-01       2.62e-01       3.95e-01       5.74e-01       7.43e-01       8.68e-01       9.80e-01       1.07e+00       1.17e+00       1.22e+00
 7.75
   -8.7210   -8.4560   -8.2080    6.2770    6.6400    6.9710    7.3900    7.7930    8.2960    8.5510    8.9450    9.2170    9.7290   10.1550
       1.64e-06       4.96e-06       8.21e-06       7.20e-02       1.58e-01       2.62e-01       3.95e-01       5.74e-01       7.44e-01       8.68e-01       9.80e-01       1.07e+00       1.17e+00       1.22e+00
 7.85
   -8.4810   -8.2550   -8.0370    6.2770    6.6400    6.9710    7.3890    7.7930    8.2960    8.5510    8.9450    9.2170    9.7290   10.1550
       1.24e-06       3.87e-06       7.06e-06       7.20e-02       1.58e-01       2.62e-01       3.95e-01       5.74e-01       7.43e-01       8.68e-01       9.80e-01       1.07e+00       1.17e+00       1.22e+00
  7.9
   -8.3840   -8.3770   -8.3740   -8.2230   -8.0770   -7.9390    6.2770    6.6390    6.9710    7.3890    7.7930    8.2960    8.5510    8.9450    9.2170    9.7290   10.1550
       1.45e-06       2.41e-06       2.93e-06       4.74e-06       6.39e-06       8.24e-06       7.20e-02       1.58e-01       2.62e-01       3.95e-01       5.74e-01       7.44e-01       8.68e-01       9.80e-01       1.07e+00       1.17e+00       1.22e+00
 7.95
   -8.4770   -8.4510   -8.4370   -8.2050   -8.0410   -7.8630    6.2760    6.6390    6.9710    7.3890    7.7930    8.2960    8.5510    8.9450    9.2170    9.7290   10.1550
       6.14e-07       2.31e-06       3.45e-06       5.57e-06       7.51e-06       9.69e-06       7.20e-02       1.58e-01       2.62e-01       3.95e-01       5.74e-01       7.44e-01       8.68e-01       9.80e-01       1.07e+00       1.17e+00       1.22e+00
  8.0
   -8.5820   -8.5160   -8.4950   -8.1880   -8.0050   -7.7870    6.2760    6.6390    6.9710    7.3890    7.7930    8.2960    8.5510    8.9450    9.2170    9.7290   10.1550
       7.15e-07       2.70e-06       4.02e-06       6.50e-06       8.76e-06       1.13e-05       7.20e-02       1.58e-01       2.62e-01       3.95e-01       5.74e-01       7.44e-01       8.68e-01       9.80e-01       1.07e+00       1.17e+00       1.22e+00
 8.05
   -8.6850   -8.5810   -8.5560   -8.1700   -7.9690   -7.7120    6.2760    6.6390    6.9710    7.3890    7.7930    8.2960    8.5510    8.9450    9.2170    9.7290   10.1550
       8.29e-07       3.12e-06       4.65e-06       7.53e-06       1.01e-05       1.31e-05       7.20e-02       1.58e-01       2.62e-01       3.95e-01       5.74e-01       7.44e-01       8.68e-01       9.80e-01       1.07e+00       1.17e+00       1.22e+00
  8.1
  -11.6010  -11.5920  -11.5870  -11.5640  -11.5410  -11.5320  -11.4960  -11.4810  -11.4570  -11.4200  -11.3980  -11.3830  -11.3490  -11.3150  -11.2880  -11.2830  -11.2520  -11.2210  -11.1910  -11.1640  -11.1220  -11.0370  -10.9350  -10.7510  -10.7010  -10.1840  -10.0210   -9.7020   -9.2190   -8.9120   -8.9120   -8.7030   -8.6030   -8.5820   -8.5720   -8.5690   -8.5200   -8.3390   -8.0630   -7.8560   -7.6460   -7.4280    6.2760    6.6390    6.9710    7.3890    7.7930    8.2960    8.5510    8.9450    9.2170    9.7290   10.1550
       6.64e-08       1.33e-07       1.99e-07       2.66e-07       3.31e-07       3.99e-07       4.68e-07       5.32e-07       6.01e-07       6.70e-07       7.34e-07       8.04e-07       8.74e-07       9.44e-07       1.01e-06       1.08e-06       1.15e-06       1.22e-06       1.29e-06       1.36e-06       1.43e-06       1.50e-06       1.58e-06       1.62e-06       1.63e-06       1.69e-06       1.77e-06       1.88e-06       2.66e-06       3.43e-06       3.43e-06       4.06e-06       5.32e-06       5.80e-06       6.38e-06       6.72e-06       8.12e-06       1.01e-05       1.26e-05       1.48e-05       1.71e-05       1.99e-05       7.20e-02       1.58e-01       2.62e-01       3.95e-01       5.74e-01       7.44e-01       8.68e-01       9.80e-01       1.07e+00       1.17e+00       1.22e+00
 8.15
  -11.4650  -11.4630  -11.4440  -11.4430  -11.4180  -11.3930  -11.3860  -11.3540  -11.3290  -11.3210  -11.2910  -11.2630  -11.2390  -11.2350  -11.2070  -11.1780  -11.1540  -11.1310  -11.1090  -11.0840  -11.0170  -10.9210  -10.7840  -10.5150  -10.1410   -9.9610   -9.8060   -9.5460   -9.1360   -8.9050   -8.9010   -8.6930   -8.6190   -8.5160   -8.4860   -8.4850   -8.4600   -8.2670   -8.0110   -7.7450   -7.5090   -7.2680    6.2760    6.6390    6.9700    7.3890    7.7930    8.2950    8.5510    8.9450    9.2170    9.7290   10.1550
       9.62e-08       1.93e-07       2.91e-07       3.86e-07       4.85e-07       5.79e-07       6.78e-07       7.78e-07       8.72e-07       9.72e-07       1.07e-06       1.17e-06       1.27e-06       1.37e-06       1.47e-06       1.57e-06       1.68e-06       1.78e-06       1.88e-06       1.99e-06       2.09e-06       2.19e-06       2.25e-06       2.33e-06       2.42e-06       2.51e-06       2.61e-06       2.72e-06       3.49e-06       3.95e-06       4.30e-06       5.02e-06       6.46e-06       7.12e-06       8.73e-06       9.11e-06       9.66e-06       1.19e-05       1.48e-05       1.72e-05       1.99e-05       2.31e-05       7.20e-02       1.58e-01       2.62e-01       3.95e-01       5.74e-01       7.44e-01       8.68e-01       9.80e-01       1.07e+00       1.17e+00       1.22e+00
  8.2
  -11.3310  -11.3280  -11.3240  -11.3190  -11.3060  -11.3060  -11.2900  -11.2900  -11.2760  -11.2730  -11.2560  -11.2430  -11.2360  -11.2210  -11.2090  -11.1960  -11.1720  -11.1580  -11.1420  -11.1270  -11.1140  -11.1010  -11.0900  -11.0780  -11.0660  -11.0400  -11.0010  -10.9480  -10.8830  -10.7980  -10.5500   -9.7240   -9.3860   -9.0340   -8.8710   -8.8640   -8.8450   -8.5570   -8.5150   -8.4840   -8.4240   -8.4040   -8.3610   -8.0630   -7.8740   -7.5980   -7.3110    6.2760    6.6390    6.9700    7.3890    7.7930    8.2950    8.5510    8.9450    9.2170    9.7290   10.1550
       9.15e-08       1.83e-07       2.75e-07       3.66e-07       5.50e-07       5.50e-07       7.36e-07       7.36e-07       8.27e-07       9.19e-07       1.01e-06       1.10e-06       1.20e-06       1.29e-06       1.38e-06       1.65e-06       1.75e-06       1.84e-06       1.93e-06       2.03e-06       2.12e-06       2.22e-06       2.31e-06       2.41e-06       2.51e-06       2.60e-06       2.70e-06       2.79e-06       2.89e-06       2.97e-06       3.02e-06       3.34e-06       3.48e-06       4.19e-06       4.25e-06       4.56e-06       5.05e-06       5.66e-06       7.70e-06       7.99e-06       9.38e-06       9.62e-06       1.16e-05       1.39e-05       1.62e-05       1.89e-05       2.18e-05       7.20e-02       1.58e-01       2.62e-01       3.95e-01       5.74e-01       7.44e-01       8.68e-01       9.80e-01       1.07e+00       1.17e+00       1.22e+00
 8.25
  -11.1960  -11.1960  -11.1920  -11.1920  -11.1880  -11.1850  -11.1750  -11.1750  -11.1640  -11.1570  -11.1540  -11.1450  -11.1380  -11.1350  -11.1340  -11.1030  -11.0990  -11.0950  -11.0870  -11.0760  -11.0660  -11.0600  -11.0540  -11.0460  -11.0220  -10.9920  -10.9580  -10.9140  -10.8580  -10.7660  -10.5440   -9.7250   -9.3800   -9.0040   -8.8180   -8.8060   -8.7830   -8.4330   -8.4000   -8.3990   -8.3720   -8.3600   -8.2700   -7.9290   -7.6800   -7.3860   -7.0910    6.2760    6.6390    6.9700    7.3880    7.7930    8.2950    8.5510    8.9450    9.2170    9.7290   10.1550
       2.37e-07       2.37e-07       4.77e-07       4.77e-07       5.95e-07       7.14e-07       9.50e-07       9.50e-07       1.07e-06       1.19e-06       1.31e-06       1.43e-06       1.55e-06       1.67e-06       1.79e-06       1.91e-06       2.26e-06       2.38e-06       2.50e-06       2.62e-06       2.74e-06       2.87e-06       2.99e-06       3.11e-06       3.24e-06       3.36e-06       3.48e-06       3.61e-06       3.73e-06       3.83e-06       3.90e-06       4.32e-06       4.52e-06       5.48e-06       5.54e-06       5.97e-06       6.52e-06       8.81e-06       9.13e-06       1.07e-05       1.10e-05       1.17e-05       1.39e-05       1.64e-05       1.90e-05       2.21e-05       2.54e-05       7.20e-02       1.58e-01       2.62e-01       3.95e-01       5.74e-01       7.44e-01       8.68e-01       9.80e-01       1.07e+00       1.17e+00       1.22e+00
  8.3
  -11.0660  -11.0580  -11.0570  -11.0550  -11.0300  -11.0240  -11.0180  -11.0050  -10.9250  -10.7620   -9.7360   -9.2340   -8.7670   -8.7620   -8.7030   -8.3750   -8.3650   -8.3510   -8.3120   -8.2530   -8.2120   -8.1810   -8.0000   -7.7900   -7.5620   -7.3570   -7.0830    6.2760    6.6390    6.9700    7.3880    7.7920    8.2950    8.5510    8.9450    9.2170    9.7290   10.1550
       4.26e-07       8.48e-07       1.28e-06       1.71e-06       2.14e-06       2.76e-06       3.20e-06       3.64e-06       4.08e-06       4.43e-06       5.08e-06       5.43e-06       5.54e-06       6.44e-06       6.84e-06       7.40e-06       8.86e-06       1.01e-05       1.14e-05       1.23e-05       1.25e-05       1.39e-05       1.55e-05       1.72e-05       1.91e-05       2.14e-05       2.46e-05       7.20e-02       1.58e-01       2.62e-01       3.95e-01       5.74e-01       7.44e-01       8.68e-01       9.80e-01       1.07e+00       1.17e+00       1.22e+00
 8.35
  -10.9660  -10.9600  -10.9560  -10.9560  -10.9550  -10.9530  -10.9400  -10.8960  -10.7600   -9.9650   -9.7240   -9.2690   -8.7190   -8.7150   -8.6200   -8.3270   -8.3180   -8.2560   -8.1950   -8.1600   -8.1590   -7.9780   -7.7740   -7.5430   -7.3090   -7.0960    6.2760    6.6380    6.9700    7.3880    7.7920    8.2950    8.5510    8.9450    9.2170    9.7290   10.1550
       4.44e-07       8.84e-07       1.77e-06       1.77e-06       2.22e-06       2.67e-06       3.10e-06       3.55e-06       3.91e-06       4.55e-06       5.39e-06       5.99e-06       6.15e-06       7.62e-06       8.08e-06       8.72e-06       1.04e-05       1.18e-05       1.28e-05       1.43e-05       1.46e-05       1.62e-05       1.79e-05       1.99e-05       2.20e-05       2.47e-05       7.20e-02       1.58e-01       2.62e-01       3.95e-01       5.74e-01       7.44e-01       8.68e-01       9.80e-01       1.07e+00       1.17e+00       1.22e+00
  8.4
  -10.8960  -10.8670  -10.7640  -10.0140   -9.9930   -9.9760   -9.9510   -9.9260   -9.8890   -9.8380   -9.7110   -9.3030   -8.6710   -8.6680   -8.5370   -8.2800   -8.2700   -8.1600   -8.1360   -8.1040   -8.0090   -7.7770   -7.5470   -7.2980   -7.0580   -6.8370    6.2750    6.6380    6.9700    7.3880    7.7920    8.2950    8.5510    8.9450    9.2170    9.7290   10.1550
       4.61e-07       9.21e-07       1.29e-06       1.75e-06       2.20e-06       2.65e-06       3.11e-06       3.55e-06       4.00e-06       4.65e-06       5.70e-06       6.61e-06       6.81e-06       8.94e-06       9.46e-06       1.02e-05       1.21e-05       1.36e-05       1.48e-05       1.52e-05       1.68e-05       1.86e-05       2.06e-05       2.29e-05       2.53e-05       2.84e-05       7.20e-02       1.58e-01       2.62e-01       3.95e-01       5.74e-01       7.44e-01       8.68e-01       9.80e-01       1.07e+00       1.17e+00       1.22e+00
 8.45
  -11.3330  -11.3300  -11.3260  -11.3110  -11.2690  -11.2540  -11.2430  -11.1440  -11.0020   -9.9910   -9.9910   -9.9910   -9.9910   -9.9900   -9.9900   -9.9740   -9.9430   -9.8690   -9.7440   -9.7190   -9.6600   -9.6420   -9.5120   -9.4460   -9.2660   -8.9290   -8.5710   -8.5680   -8.3240   -8.1270   -8.0710   -8.0610   -8.0170   -7.6430   -7.3560   -7.0930   -6.8490    6.2750    6.6380    6.9690    7.3870    7.7920    8.2950    8.5510    8.9450    9.2170    9.7290   10.1550
       1.39e-07       2.76e-07       4.13e-07       5.49e-07       6.83e-07       7.95e-07       9.28e-07       9.92e-07       1.10e-06       1.87e-06       1.87e-06       1.87e-06       1.87e-06       2.52e-06       2.52e-06       2.95e-06       3.52e-06       4.24e-06       4.81e-06       4.95e-06       5.23e-06       5.57e-06       5.98e-06       6.50e-06       7.13e-06       7.54e-06       7.83e-06       8.94e-06       9.70e-06       1.11e-05       1.23e-05       1.33e-05       1.56e-05       1.82e-05       2.04e-05       2.28e-05       2.54e-05       7.20e-02       1.58e-01       2.62e-01       3.95e-01       5.74e-01       7.44e-01       8.68e-01       9.80e-01       1.07e+00       1.17e+00       1.22e+00
  8.5
  -11.2670  -11.2610  -11.2610  -11.2600  -11.2600  -11.2580  -11.2570  -11.2570  -11.2550  -11.2540  -11.2520  -11.2500  -11.2490  -11.2470  -11.2390  -11.2150  -10.9700   -9.8890   -9.7970   -9.6700   -9.5090   -9.4530   -9.3170   -9.2460   -9.0670   -8.7560   -8.3600   -8.3510   -8.1220   -7.8800   -7.8460   -7.8290   -7.6580   -7.2500   -7.0010   -6.7700    6.2750    6.6380    6.9690    7.3870    7.7920    8.2950    8.5510    8.9450    9.2170    9.7290   10.1550
       1.51e-07       1.02e-06       1.02e-06       1.98e-06       1.98e-06       2.27e-06       2.64e-06       2.64e-06       2.83e-06       3.02e-06       3.21e-06       3.39e-06       3.57e-06       3.76e-06       3.94e-06       4.03e-06       4.16e-06       5.13e-06       5.90e-06       6.68e-06       7.07e-06       7.52e-06       8.06e-06       8.76e-06       9.61e-06       1.02e-05       1.05e-05       1.19e-05       1.28e-05       1.40e-05       1.53e-05       1.69e-05       1.94e-05       2.23e-05       2.49e-05       2.76e-05       7.20e-02       1.58e-01       2.62e-01       3.95e-01       5.74e-01       7.44e-01       8.68e-01       9.80e-01       1.07e+00       1.17e+00       1.22e+00
 8.55
  -11.2580  -11.2490  -11.2490  -11.2470  -11.2450  -11.2450  -11.2420  -11.2390  -11.2370  -11.2340  -11.2300  -11.2270  -11.2190  -11.2110  -11.2010  -11.1830  -11.1630  -11.0790   -9.7070   -9.6480   -9.3560   -9.2620   -9.1210   -9.0660   -8.8680   -8.5830   -8.1490   -8.1320   -7.9210   -7.6940   -7.6040   -7.5010   -7.2760   -6.8580   -6.6450    6.2750    6.6370    6.9690    7.3870    7.7910    8.2950    8.5510    8.9450    9.2170    9.7290   10.1550
       1.97e-07       6.70e-07       6.70e-07       9.10e-07       1.27e-06       1.27e-06       1.51e-06       1.75e-06       2.00e-06       2.25e-06       2.50e-06       2.87e-06       3.37e-06       3.87e-06       4.51e-06       5.27e-06       6.29e-06       6.45e-06       7.46e-06       8.73e-06       9.23e-06       9.83e-06       1.05e-05       1.14e-05       1.25e-05       1.32e-05       1.36e-05       1.54e-05       1.63e-05       1.77e-05       1.92e-05       2.10e-05       2.38e-05       2.71e-05       3.00e-05       7.20e-02       1.58e-01       2.62e-01       3.95e-01       5.74e-01       7.44e-01       8.68e-01       9.80e-01       1.07e+00       1.17e+00       1.22e+00
  8.6
  -11.2730  -11.2390  -11.2250  -11.2250  -11.2240  -11.2240  -11.2210  -11.2190  -11.2150  -11.2110  -11.2070  -11.2030  -11.1960  -11.1940  -11.1850  -11.1740  -11.1520  -11.1290  -11.0680   -9.2040   -9.1960   -9.0700   -8.9480   -8.8880   -8.6680   -8.4090   -7.9370   -7.9130   -7.7200   -7.4960   -7.3560   -7.1670   -6.8960   -6.4640    6.2740    6.6370    6.9680    7.3860    7.7910    8.2950    8.5510    8.9450    9.2170    9.7290   10.1550
       1.46e-07       3.98e-07       1.00e-06       1.00e-06       1.62e-06       1.62e-06       1.93e-06       2.24e-06       2.55e-06       2.87e-06       3.19e-06       3.67e-06       3.87e-06       4.51e-06       5.15e-06       5.96e-06       6.93e-06       8.23e-06       9.85e-06       1.05e-05       1.18e-05       1.25e-05       1.34e-05       1.46e-05       1.60e-05       1.69e-05       1.73e-05       1.94e-05       2.05e-05       2.20e-05       2.37e-05       2.57e-05       2.89e-05       3.26e-05       7.20e-02       1.58e-01       2.62e-01       3.95e-01       5.74e-01       7.44e-01       8.68e-01       9.80e-01       1.07e+00       1.17e+00       1.22e+00
 8.65
  -11.1930  -11.1910  -11.1810  -11.1680  -11.1520  -11.1160  -11.0720  -11.0000   -9.0600   -9.0520   -8.8650   -8.7950   -8.7610   -8.7250   -8.6870   -8.4710   -8.2030   -7.6760   -7.6670   -7.5060   -7.3200   -7.1890   -6.9150   -6.6130   -6.3710    6.2740    6.6370    6.9680    7.3860    7.7910    8.2950    8.5510    8.9450    9.2170    9.7290   10.1550
       4.68e-07       9.50e-07       1.89e-06       2.87e-06       4.38e-06       6.44e-06       8.56e-06       1.07e-05       1.24e-05       1.35e-05       1.43e-05       1.49e-05       1.52e-05       1.55e-05       1.66e-05       1.81e-05       1.93e-05       1.97e-05       2.28e-05       2.34e-05       2.44e-05       2.66e-05       2.94e-05       3.19e-05       3.45e-05       7.20e-02       1.58e-01       2.62e-01       3.95e-01       5.74e-01       7.44e-01       8.68e-01       9.80e-01       1.07e+00       1.17e+00       1.22e+00
  8.7
  -11.1560  -11.1470  -11.1340  -11.1140  -11.0920  -11.0470  -10.9960  -10.9200   -8.9970   -8.8910   -8.7640   -8.6690   -8.6240   -8.5780   -8.5310   -8.2550   -7.9360   -7.3820   -7.3620   -7.1780   -6.9150   -6.8700   -6.6200   -6.3310    6.2740    6.6360    6.9670    7.3850    7.7910    8.2950    8.5510    8.9450    9.2170    9.7290   10.1550
       5.15e-07       1.04e-06       2.07e-06       3.16e-06       4.82e-06       7.10e-06       9.43e-06       1.18e-05       1.37e-05       1.50e-05       1.61e-05       1.68e-05       1.73e-05       1.77e-05       1.91e-05       2.12e-05       2.29e-05       2.32e-05       2.73e-05       2.80e-05       2.91e-05       3.14e-05       3.45e-05       3.73e-05       7.20e-02       1.58e-01       2.62e-01       3.95e-01       5.74e-01       7.44e-01       8.68e-01       9.80e-01       1.07e+00       1.17e+00       1.22e+00
 8.75
  -11.1190  -11.1040  -11.0870  -11.0600  -11.0320  -10.9780  -10.9190  -10.0110   -8.9420   -8.7990   -8.6630   -8.5420   -8.4870   -8.4300   -8.3750   -8.0330   -7.6690   -7.0700   -7.0450   -6.8490   -6.5530   -6.5120   -6.3220    6.2740    6.6360    6.9670    7.3850    7.7900    8.2940    8.5510    8.9450    9.2170    9.7290   10.1550
       5.68e-07       1.15e-06       2.28e-06       3.48e-06       5.31e-06       7.82e-06       1.04e-05       1.30e-05       1.51e-05       1.66e-05       1.81e-05       1.91e-05       1.96e-05       2.02e-05       2.20e-05       2.47e-05       2.69e-05       2.73e-05       3.24e-05       3.31e-05       3.57e-05       3.69e-05       4.03e-05       7.20e-02       1.58e-01       2.62e-01       3.95e-01       5.74e-01       7.44e-01       8.68e-01       9.80e-01       1.07e+00       1.17e+00       1.22e+00
  8.8
  -11.0810  -11.0600  -11.0400  -11.0060  -10.9730  -10.9090  -10.8430   -9.8790   -8.9100   -8.7490   -8.5620   -8.4150   -8.3510   -8.2830   -8.2180   -7.8110   -7.3980   -6.7570   -6.7270   -6.5210   -6.2340   -6.1070    6.2730    6.6350    6.9660    7.3850    7.7900    8.2950    8.5510    8.9450    9.2170    9.7290   10.1550
       6.26e-07       1.26e-06       2.51e-06       3.83e-06       5.85e-06       8.61e-06       1.15e-05       1.44e-05       1.66e-05       1.85e-05       2.04e-05       2.16e-05       2.23e-05       2.30e-05       2.53e-05       2.87e-05       3.15e-05       3.19e-05       3.81e-05       3.89e-05       4.18e-05       4.32e-05       7.20e-02       1.58e-01       2.62e-01       3.95e-01       5.74e-01       7.44e-01       8.68e-01       9.80e-01       1.07e+00       1.17e+00       1.22e+00
 8.85
  -11.0320  -11.0140  -10.9850  -10.9400  -10.8980  -10.8560  -10.8120  -10.7670   -9.2500   -8.6580   -8.5330   -8.3130   -8.2210   -8.1280   -8.0320   -7.6770   -7.1810   -6.4740   -6.4480   -6.2630    6.2730    6.6350    6.9660    7.3840    7.7890    8.2950    8.5510    8.9450    9.2170    9.7290   10.1550
       1.07e-06       1.85e-06       3.11e-06       4.80e-06       6.56e-06       8.36e-06       1.02e-05       1.31e-05       1.72e-05       2.03e-05       2.25e-05       2.42e-05       2.53e-05       2.64e-05       2.88e-05       3.28e-05       3.67e-05       3.71e-05       4.51e-05       4.59e-05       7.20e-02       1.58e-01       2.62e-01       3.95e-01       5.74e-01       7.44e-01       8.68e-01       9.80e-01       1.07e+00       1.17e+00       1.22e+00
  8.9
  -10.9690  -10.9600  -10.9340  -10.8850  -10.8400  -10.7940  -10.7470  -10.6960   -8.9800   -8.5030   -8.3930   -8.1610   -8.0610   -7.9570   -7.8460   -7.4640   -6.9540   -6.2460   -6.2070   -6.0780    6.2720    6.6340    6.9650    7.3830    7.7890    8.2950    8.5510    8.9450    9.2170    9.7290   10.1550
       1.04e-06       1.81e-06       3.04e-06       4.69e-06       6.41e-06       8.17e-06       1.00e-05       1.28e-05       1.68e-05       2.00e-05       2.23e-05       2.41e-05       2.54e-05       2.65e-05       2.91e-05       3.34e-05       3.76e-05       3.80e-05       4.63e-05       4.71e-05       7.20e-02       1.58e-01       2.62e-01       3.95e-01       5.74e-01       7.44e-01       8.68e-01       9.80e-01       1.07e+00       1.17e+00       1.22e+00
 8.95
  -10.9070  -10.9060  -10.8810  -10.8300  -10.7820  -10.7330  -10.6820   -9.9590   -8.7920   -8.4140   -8.2200   -8.0080   -7.9000   -7.7820   -7.6600   -7.2490   -6.7250   -6.0160   -5.9640   -5.8920    6.2710    6.6330    6.9640    7.3820    7.7880    8.2950    8.5510    8.9450    9.2170    9.7290   10.1550
       7.35e-07       1.74e-06       2.91e-06       4.51e-06       6.15e-06       7.84e-06       9.59e-06       1.23e-05       1.61e-05       1.93e-05       2.18e-05       2.38e-05       2.51e-05       2.64e-05       2.91e-05       3.37e-05       3.82e-05       3.87e-05       4.72e-05       4.81e-05       7.20e-02       1.58e-01       2.62e-01       3.95e-01       5.74e-01       7.44e-01       8.68e-01       9.80e-01       1.07e+00       1.17e+00       1.22e+00
  9.0
  -10.8760  -10.8710  -10.8290  -10.7740  -10.7210  -10.6640  -10.6030   -9.2840   -8.4550   -8.3500   -8.1470   -8.0600   -7.9670   -7.8680   -7.7600   -7.5140   -7.0860   -6.6210   -5.8500   -5.8150    6.2710    6.6330    6.9630    7.3820    7.7890    8.2940    8.5510    8.9450    9.2170    9.7290   10.1550
       9.20e-07       1.66e-06       2.95e-06       4.55e-06       6.22e-06       7.96e-06       9.79e-06       1.27e-05       1.57e-05       1.79e-05       1.97e-05       2.09e-05       2.21e-05       2.34e-05       2.54e-05       2.90e-05       3.37e-05       3.87e-05       4.08e-05       5.11e-05       7.20e-02       1.58e-01       2.62e-01       3.95e-01       5.74e-01       7.44e-01       8.68e-01       9.80e-01       1.07e+00       1.17e+00       1.22e+00
 9.05
  -10.8990  -10.8670  -10.8060  -10.7510  -10.6980  -10.6420  -10.5810   -9.5100   -8.4820   -8.3320   -8.1370   -8.0390   -7.9340   -7.8220   -7.7020   -7.4420   -6.9950   -6.5360   -5.7820   -5.7590    6.2700    6.6320    6.9620    7.3800    7.7880    8.2940    8.5510    8.9450    9.2170    9.7290   10.1550
       8.19e-07       1.48e-06       2.63e-06       4.04e-06       5.53e-06       7.08e-06       8.70e-06       1.13e-05       1.40e-05       1.62e-05       1.82e-05       1.96e-05       2.10e-05       2.25e-05       2.47e-05       2.89e-05       3.43e-05       4.00e-05       4.20e-05       5.33e-05       7.20e-02       1.58e-01       2.62e-01       3.95e-01       5.74e-01       7.44e-01       8.68e-01       9.80e-01       1.07e+00       1.17e+00       1.22e+00
  9.1
  -10.8850  -10.8280  -10.7600  -10.7150  -10.6710  -10.6710  -10.6250  -10.5180   -8.7180   -8.3100   -8.2440   -8.0980   -7.9780   -7.8490   -7.5650   -7.0800   -6.5880   -5.6910   -5.6730   -5.6670    6.2690    6.6300    6.9610    7.3790    7.7870    8.2940    8.5510    8.9450    9.2170    9.7290   10.1550
       4.68e-07       1.22e-06       2.23e-06       3.29e-06       5.05e-06       5.05e-06       6.85e-06       9.43e-06       1.22e-05       1.45e-05       1.63e-05       1.80e-05       1.99e-05       2.27e-05       2.81e-05       3.50e-05       4.34e-05       4.35e-05       6.12e-05       6.34e-05       7.20e-02       1.58e-01       2.62e-01       3.95e-01       5.74e-01       7.44e-01       8.68e-01       9.80e-01       1.07e+00       1.17e+00       1.22e+00
 9.15
  -10.8620  -10.8140  -10.7640  -10.7110  -10.6670  -10.6190  -10.5670   -9.5300   -8.4460   -8.2020   -8.0690   -7.9360   -7.7910   -7.6380   -7.3210   -6.8440   -6.8260   -6.1810   -5.5070   -5.4860    6.2680    6.6290    6.9590    7.3780    7.7860    8.2950    8.5510    8.9450    9.2170    9.7290   10.1550
       6.25e-07       1.07e-06       1.79e-06       2.76e-06       3.77e-06       4.85e-06       6.57e-06       9.04e-06       1.17e-05       1.41e-05       1.61e-05       1.82e-05       2.03e-05       2.37e-05       2.95e-05       3.35e-05       5.40e-05       8.97e-05       9.02e-05       9.67e-05       7.21e-02       1.58e-01       2.62e-01       3.95e-01       5.74e-01       7.44e-01       8.68e-01       9.80e-01       1.07e+00       1.17e+00       1.22e+00
  9.2
  -10.7300  -10.6650  -10.6100  -10.5540  -10.4940  -10.4430   -9.3260   -8.5410   -8.2780   -8.2620   -8.1220   -7.9380   -7.7590   -7.3500   -6.9010   -6.3650   -6.1540   -6.1430   -6.0050   -5.7250   -5.7000   -5.6660   -5.4470   -5.4410    6.2670    6.6280    6.9580    7.3770    7.7850    8.2940    8.5510    8.9450    9.2170    9.7290   10.1550
       8.70e-07       1.80e-06       2.78e-06       3.83e-06       5.54e-06       6.36e-06       6.96e-06       9.44e-06       1.09e-05       1.29e-05       1.49e-05       1.73e-05       2.11e-05       2.63e-05       3.19e-05       3.50e-05       3.51e-05       3.56e-05       3.89e-05       3.94e-05       4.62e-05       5.15e-05       5.66e-05       6.95e-05       7.20e-02       1.58e-01       2.62e-01       3.95e-01       5.74e-01       7.44e-01       8.68e-01       9.80e-01       1.07e+00       1.17e+00       1.22e+00
 9.25
  -10.6630  -10.5710  -10.5700   -9.8650   -9.1180   -8.6520   -8.3620   -8.2770   -8.1220   -7.9710   -7.7680   -7.5560   -7.0930   -6.3330   -6.3030   -6.2260   -6.1550   -6.1200   -6.0830   -5.9980   -5.9410   -5.9100   -5.7460   -5.6040   -5.4940   -5.3230    6.2660    6.6270    6.9560    7.3750    7.7840    8.2940    8.5510    8.9450    9.2170    9.7290   10.1550
       8.01e-07       2.13e-06       2.88e-06       4.83e-06       5.33e-06       6.50e-06       8.10e-06       9.34e-06       1.06e-05       1.24e-05       1.45e-05       1.78e-05       2.26e-05       2.29e-05       3.11e-05       3.16e-05       3.20e-05       3.23e-05       3.30e-05       3.55e-05       3.61e-05       4.31e-05       4.70e-05       6.05e-05       6.41e-05       7.88e-05       7.20e-02       1.58e-01       2.62e-01       3.95e-01       5.74e-01       7.44e-01       8.68e-01       9.80e-01       1.07e+00       1.17e+00       1.22e+00
  9.3
  -10.6150  -10.6030  -10.4860   -9.3090   -8.5900   -8.5540   -8.3470   -8.1550   -7.9950   -7.8360   -7.6620   -7.4860   -7.1030   -6.4680   -6.4470   -6.3670   -6.2970   -6.2510   -6.2040   -6.1540   -6.1260   -6.1220   -5.9070   -5.7660   -5.6420   -5.4460   -5.4150   -5.1320    6.2650    6.6250    6.9540    7.3730    7.7830    8.2930    8.5510    8.9450    9.2170    9.7290   10.1550
       8.09e-07       1.56e-06       2.90e-06       3.41e-06       5.03e-06       6.99e-06       8.17e-06       9.42e-06       1.07e-05       1.22e-05       1.39e-05       1.63e-05       2.00e-05       2.02e-05       2.62e-05       2.66e-05       2.70e-05       2.72e-05       2.79e-05       2.85e-05       3.07e-05       3.81e-05       4.15e-05       5.56e-05       5.88e-05       7.42e-05       7.72e-05       9.38e-05       7.21e-02       1.58e-01       2.62e-01       3.95e-01       5.74e-01       7.44e-01       8.68e-01       9.80e-01       1.07e+00       1.17e+00       1.22e+00
 9.35
  -10.6920  -10.6170   -9.1880   -8.6700   -8.3940   -8.1930   -8.0320   -7.8390   -7.6590   -7.4870   -7.1370   -6.5390   -6.5250   -6.4960   -6.3590   -6.3300   -6.3270   -6.0550   -5.9270   -5.8040   -5.5680   -5.5510   -5.2950   -5.2150    6.2630    6.6230    6.9520    7.3710    7.7820    8.2940    8.5510    8.9450    9.2170    9.7290   10.1550
       5.92e-07       1.88e-06       3.78e-06       5.35e-06       6.50e-06       7.73e-06       9.03e-06       1.04e-05       1.18e-05       1.38e-05       1.67e-05       1.68e-05       2.14e-05       2.17e-05       2.23e-05       2.39e-05       3.16e-05       3.45e-05       4.92e-05       5.20e-05       6.80e-05       7.07e-05       7.35e-05       9.08e-05       7.21e-02       1.58e-01       2.62e-01       3.95e-01       5.74e-01       7.44e-01       8.68e-01       9.80e-01       1.07e+00       1.17e+00       1.22e+00
  9.4
  -10.3500  -10.2830   -8.6090   -8.4280   -8.2240   -8.0610   -7.8750   -7.4770   -7.1470   -6.5990   -6.5800   -6.5370   -6.5020   -6.4530   -6.2740   -6.0880   -6.0520   -5.7940   -5.6910   -5.5480   -5.3130   -5.2980   -5.0720    6.2610    6.6210    6.9500    7.3690    7.7810    8.2930    8.5510    8.9450    9.2170    9.7290   10.1550
       1.28e-06       3.14e-06       4.69e-06       5.83e-06       7.05e-06       8.36e-06       1.05e-05       1.32e-05       1.59e-05       1.60e-05       2.01e-05       2.08e-05       2.88e-05       2.91e-05       3.05e-05       4.59e-05       4.83e-05       5.09e-05       6.76e-05       6.99e-05       7.23e-05       9.03e-05       9.29e-05       7.21e-02       1.58e-01       2.62e-01       3.95e-01       5.74e-01       7.44e-01       8.68e-01       9.80e-01       1.07e+00       1.17e+00       1.22e+00
 9.45
   -9.7350   -8.7940   -8.4890   -8.3190   -8.1400   -7.9890   -7.8170   -7.4720   -7.2220   -6.8140   -6.7750   -6.6880   -6.6860   -6.6210   -6.4530   -6.4000   -6.1820   -6.1590   -5.9310   -5.9240   -5.6990   -5.6700   -5.4570   -5.4110   -5.2010   -5.1690    6.2590    6.6190    6.9470    7.3660    7.7790    8.2920    8.5510    8.9450    9.2170    9.7290   10.1550
       1.15e-06       2.82e-06       4.21e-06       5.23e-06       6.33e-06       7.51e-06       9.42e-06       1.18e-05       1.41e-05       1.42e-05       1.75e-05       1.86e-05       1.89e-05       2.36e-05       2.49e-05       3.21e-05       4.01e-05       4.26e-05       5.18e-05       5.43e-05       5.66e-05       6.64e-05       6.87e-05       7.92e-05       8.17e-05       9.36e-05       7.21e-02       1.58e-01       2.62e-01       3.95e-01       5.74e-01       7.44e-01       8.68e-01       9.80e-01       1.07e+00       1.17e+00       1.22e+00
  9.5
   -8.9340   -8.9190   -8.7330   -8.4720   -8.2990   -8.1040   -7.9440   -7.7620   -7.4100   -7.0850   -6.8750   -6.8310   -6.8140   -6.7270   -6.6540   -6.5860   -6.4060   -6.2690   -6.1800   -6.0330   -5.9160   -5.8100   -5.6460   -5.5630   -5.3810   -5.3030   -5.1240   -5.0310    6.2570    6.6160    6.9440    7.3640    7.7780    8.2920    8.5510    8.9450    9.2170    9.7290   10.1550
       3.81e-07       7.34e-07       1.85e-06       3.09e-06       4.01e-06       5.00e-06       6.06e-06       7.81e-06       9.81e-06       1.42e-05       1.43e-05       1.67e-05       1.70e-05       1.80e-05       2.27e-05       2.37e-05       3.08e-05       3.28e-05       4.08e-05       4.30e-05       5.22e-05       5.42e-05       6.40e-05       6.61e-05       7.65e-05       7.86e-05       9.04e-05       9.29e-05       7.21e-02       1.58e-01       2.62e-01       3.95e-01       5.74e-01       7.44e-01       8.68e-01       9.80e-01       1.07e+00       1.17e+00       1.22e+00
 9.55
   -8.8140   -8.8020   -8.6620   -8.3930   -8.2110   -8.0170   -7.8480   -7.6470   -7.2960   -6.9830   -6.7970   -6.7670   -6.7590   -6.7320   -6.6100   -6.5580   -6.2830   -6.2790   -6.0610   -5.9720   -5.8380   -5.6520   -5.6020   -5.3420   -5.3240   -5.0810   -5.0180    6.2550    6.6130    6.9410    7.3600    7.7760    8.2910    8.5510    8.9450    9.2170    9.7290   10.1550
       3.44e-07       7.12e-07       1.79e-06       2.98e-06       3.87e-06       4.83e-06       5.86e-06       7.55e-06       9.38e-06       1.29e-05       1.30e-05       1.50e-05       1.70e-05       1.72e-05       2.37e-05       2.47e-05       3.41e-05       3.59e-05       3.78e-05       4.82e-05       5.00e-05       6.15e-05       6.33e-05       6.52e-05       7.75e-05       7.97e-05       9.33e-05       7.21e-02       1.58e-01       2.62e-01       3.95e-01       5.74e-01       7.44e-01       8.68e-01       9.80e-01       1.07e+00       1.17e+00       1.22e+00
 9.65
   -8.6930   -8.3880   -8.2190   -8.0210   -7.6720   -7.3170   -7.1340   -6.8010   -6.8000   -6.6400   -6.6080   -6.5720   -6.5340   -6.2910   -6.2150   -5.9980   -5.9660   -5.7560   -5.6060   -5.5130   -5.2800   -5.2550   -5.0090   -4.9310    6.2490    6.5510    6.6070    6.9330    7.3520    7.7710    8.2900    8.5510    8.9450    9.2170    9.7290   10.1550
       9.41e-07       1.94e-06       2.69e-06       3.95e-06       5.84e-06       7.40e-06       8.56e-06       1.05e-05       1.34e-05       1.97e-05       1.98e-05       2.14e-05       2.24e-05       3.15e-05       3.33e-05       3.52e-05       4.51e-05       4.68e-05       5.77e-05       5.94e-05       7.11e-05       7.30e-05       7.52e-05       8.82e-05       6.64e-02       1.07e-01       1.58e-01       2.62e-01       3.95e-01       5.74e-01       7.44e-01       8.68e-01       9.80e-01       1.07e+00       1.17e+00       1.22e+00
  9.7
   -8.4160   -8.2120   -7.8840   -7.4160   -6.9980   -6.8240   -6.6130   -6.5830   -6.5820   -6.5110   -6.2950   -6.2150   -6.0050   -5.9950   -5.7540   -5.7100   -5.4990   -5.4020   -5.2530   -5.0900   -5.0080   -4.7850    6.2450    6.6030    6.9290    7.3480    7.7680    8.2900    8.5510    8.9450    9.2170    9.7290   10.1550
       1.40e-06       2.00e-06       4.09e-06       6.38e-06       8.53e-06       1.08e-05       1.66e-05       1.67e-05       1.87e-05       1.96e-05       2.69e-05       2.85e-05       3.61e-05       3.78e-05       3.94e-05       4.77e-05       4.93e-05       5.86e-05       6.02e-05       7.06e-05       7.25e-05       8.40e-05       7.20e-02       1.58e-01       2.62e-01       3.95e-01       5.74e-01       7.44e-01       8.68e-01       9.80e-01       1.07e+00       1.17e+00       1.22e+00
 9.75
   -8.2990   -8.2300   -7.7280   -7.2600   -6.8490   -6.8230   -6.6270   -6.6040   -6.6030   -6.5190   -6.2990   -6.2310   -6.0140   -5.9910   -5.7880   -5.6950   -5.5510   -5.3720   -5.3160   -5.0570   -5.0560   -4.7690   -4.7500    6.2410    6.5990    6.9250    7.3440    7.7650    8.2900    8.5510    8.9450    9.2170    9.7290   10.1550
       6.22e-07       2.07e-06       4.23e-06       6.61e-06       8.82e-06       1.05e-05       1.61e-05       1.62e-05       1.71e-05       1.79e-05       2.49e-05       2.65e-05       2.80e-05       3.54e-05       3.68e-05       4.50e-05       4.64e-05       5.55e-05       5.70e-05       6.70e-05       6.88e-05       7.09e-05       8.20e-05       7.20e-02       1.58e-01       2.62e-01       3.95e-01       5.74e-01       7.44e-01       8.68e-01       9.80e-01       1.07e+00       1.17e+00       1.22e+00
  9.8
   -8.1060   -7.8350   -7.4950   -6.9510   -6.8740   -6.6920   -6.5760   -6.4850   -6.2890   -6.1680   -5.9900   -5.9530   -5.7310   -5.7130   -5.5000   -5.4270   -5.2300   -5.1240   -4.9510   -4.8510   -4.7190    6.2370    6.5950    6.9200    7.3390    7.7610    8.2880    8.5510    8.9450    9.2170    9.7290   10.1550
       1.60e-06       2.12e-06       4.63e-06       6.60e-06       9.12e-06       9.91e-06       1.50e-05       1.61e-05       2.15e-05       2.29e-05       2.89e-05       3.02e-05       3.14e-05       3.77e-05       3.91e-05       4.61e-05       4.75e-05       5.52e-05       5.67e-05       6.52e-05       6.70e-05       7.20e-02       1.58e-01       2.62e-01       3.95e-01       5.74e-01       7.44e-01       8.68e-01       9.80e-01       1.07e+00       1.17e+00       1.22e+00
  9.9
   -7.9440   -7.9150   -7.3540   -6.9040   -6.8420   -6.5960   -6.5940   -6.4120   -6.2910   -6.1520   -5.9700   -5.9220   -5.6980   -5.6870   -5.4710   -5.3860   -5.2100   -5.0760   -4.9050   -4.7920   -4.6610   -4.4940    6.2260    6.5850    6.9080    7.3260    7.7540    8.2860    8.5510    8.9450    9.2170    9.7290   10.1550
       4.61e-07       1.88e-06       4.10e-06       6.43e-06       8.17e-06       8.89e-06       1.36e-05       1.46e-05       1.96e-05       2.10e-05       2.65e-05       2.77e-05       2.88e-05       3.47e-05       3.59e-05       4.24e-05       4.37e-05       5.09e-05       5.22e-05       6.01e-05       6.18e-05       7.05e-05       7.20e-02       1.58e-01       2.62e-01       3.95e-01       5.74e-01       7.44e-01       8.68e-01       9.80e-01       1.07e+00       1.17e+00       1.22e+00
 9.95
   -7.8350   -7.4430   -7.0310   -6.9190   -6.6020   -6.5720   -6.4390   -6.2920   -6.2170   -5.9800   -5.9600   -5.7540   -5.6730   -5.5130   -5.3680   -5.2680   -5.0520   -4.9790   -4.7640   -4.7020   -4.4550    6.2210    6.5790    6.9010    7.3190    7.7490    8.2860    8.5510    8.9450    9.2170    9.7290   10.1550
       1.14e-06       2.90e-06       4.86e-06       7.09e-06       1.16e-05       1.28e-05       1.34e-05       1.83e-05       1.94e-05       2.06e-05       2.59e-05       2.70e-05       3.26e-05       3.37e-05       4.00e-05       4.11e-05       4.79e-05       4.93e-05       5.68e-05       5.83e-05       6.66e-05       7.20e-02       1.58e-01       2.62e-01       3.95e-01       5.74e-01       7.44e-01       8.68e-01       9.80e-01       1.07e+00       1.17e+00       1.22e+00
 10.0
   -7.7560   -7.3690   -6.9830   -6.9340   -6.8160   -6.5510   -6.5140   -6.4340   -6.2080   -6.1940   -5.9760   -5.8900   -5.7510   -5.5890   -5.5210   -5.2870   -5.2720   -4.9890   -4.9840   -4.7140   -4.7010   -4.4010    6.2170    6.5720    6.8930    7.3110    7.7440    8.2850    8.5510    8.9450    9.2170    9.7290   10.1550
       1.08e-06       2.74e-06       4.60e-06       5.45e-06       8.35e-06       9.43e-06       1.37e-05       1.43e-05       1.54e-05       2.01e-05       2.12e-05       2.64e-05       2.75e-05       3.30e-05       3.41e-05       4.01e-05       4.12e-05       4.78e-05       4.90e-05       5.04e-05       5.78e-05       6.60e-05       7.20e-02       1.58e-01       2.62e-01       3.95e-01       5.74e-01       7.44e-01       8.68e-01       9.80e-01       1.07e+00       1.17e+00       1.22e+00
10.05
   -7.5700   -7.3730   -6.9500   -6.8290   -6.8170   -6.5450   -6.5210   -6.4890   -6.4090   -6.1890   -6.1860   -5.9460   -5.8790   -5.7110   -5.5730   -5.5000   -5.2640   -5.2610   -5.0080   -4.9690   -4.7530   -4.6750   -4.5000   -4.3720    6.2120    6.5650    6.8840    7.3010    7.7380    8.2820    8.5510    8.9450    9.2170    9.7290   10.1550
       8.96e-07       2.64e-06       3.47e-06       6.26e-06       8.23e-06       8.90e-06       1.31e-05       1.32e-05       1.37e-05       1.48e-05       1.93e-05       2.04e-05       2.55e-05       2.65e-05       3.19e-05       3.28e-05       3.86e-05       3.96e-05       4.07e-05       4.71e-05       4.84e-05       5.55e-05       5.74e-05       6.53e-05       7.20e-02       1.58e-01       2.62e-01       3.95e-01       5.74e-01       7.44e-01       8.68e-01       9.80e-01       1.07e+00       1.17e+00       1.22e+00
10.15
   -7.2820   -7.2520   -6.9820   -6.8460   -6.7830   -6.6570   -6.6110   -6.5790   -6.3690   -6.3130   -6.1560   -6.0320   -5.9180   -5.7830   -5.6930   -5.5240   -5.4680   -5.2590   -5.2290   -5.0100   -4.9760   -4.7130   -4.7110   -4.4510   -4.4440    6.2020    6.5470    6.8650    7.2800    7.7230    8.2800    8.5510    8.9450    9.2170    9.7290   10.1550
       7.44e-07       2.17e-06       3.39e-06       5.00e-06       7.43e-06       7.98e-06       8.07e-06       1.08e-05       1.13e-05       1.47e-05       1.57e-05       1.93e-05       2.04e-05       2.44e-05       2.53e-05       2.96e-05       3.05e-05       3.50e-05       3.59e-05       4.14e-05       4.24e-05       4.85e-05       4.97e-05       5.15e-05       5.82e-05       7.20e-02       1.58e-01       2.62e-01       3.95e-01       5.74e-01       7.44e-01       8.68e-01       9.80e-01       1.07e+00       1.17e+00       1.22e+00
