  8.1
   -6.7650   -6.6170   -6.2930   -6.2880   -6.2860   -6.2640   -6.2620   -6.2270   -6.2010   -6.1850   -6.1380   -6.1080   -6.0910   -6.0450   -5.9990   -5.9880   -5.9550   -5.9100   -5.8670   -5.8230   -5.7790   -5.7340   -5.6870   -5.6320   -5.5620   -5.4630   -5.2780   -4.9000
       5.68e-07       1.36e-06       2.31e-06       2.91e-06       3.52e-06       4.13e-06       4.72e-06       5.34e-06       5.92e-06       6.54e-06       7.17e-06       7.75e-06       8.38e-06       9.01e-06       9.64e-06       1.02e-05       1.09e-05       1.15e-05       1.21e-05       1.28e-05       1.34e-05       1.41e-05       1.47e-05       1.54e-05       1.60e-05       1.67e-05       1.71e-05       1.71e-05
 8.15
   -6.7940   -6.6420   -6.4840   -6.2340   -6.2270   -6.2190   -6.2190   -6.1900   -6.1900   -6.1530   -6.1190   -6.1130   -6.0710   -6.0300   -6.0200   -5.9900   -5.9510   -5.9120   -5.8740   -5.8340   -5.7970   -5.7580   -5.7180   -5.6750   -5.6220   -5.5470   -5.3520   -5.1920
       7.95e-07       1.58e-06       2.47e-06       3.31e-06       4.13e-06       5.92e-06       5.92e-06       7.59e-06       7.59e-06       8.45e-06       9.26e-06       1.01e-05       1.10e-05       1.19e-05       1.27e-05       1.35e-05       1.44e-05       1.53e-05       1.62e-05       1.71e-05       1.80e-05       1.89e-05       1.98e-05       2.07e-05       2.16e-05       2.25e-05       2.30e-05       2.37e-05
  8.2
   -6.4860   -6.1760   -6.1730   -6.1700   -6.1620   -6.1470   -6.1450   -6.1420   -6.1240   -6.1110   -6.1010   -6.0780   -6.0580   -6.0540   -6.0280   -6.0050   -6.0000   -5.9830   -5.9340   -5.9110   -5.8880   -5.8650   -5.8420   -5.8190   -5.7960   -5.7730   -5.7470   -5.7210   -5.6900   -5.6530   -5.5920   -5.4710   -5.0090   -4.7890
       2.66e-06       3.42e-06       4.18e-06       4.93e-06       5.70e-06       6.45e-06       7.22e-06       8.41e-06       9.18e-06       9.93e-06       1.07e-05       1.15e-05       1.37e-05       1.45e-05       1.53e-05       1.60e-05       1.68e-05       1.76e-05       1.84e-05       1.92e-05       1.99e-05       2.07e-05       2.15e-05       2.23e-05       2.31e-05       2.39e-05       2.47e-05       2.55e-05       2.63e-05       2.71e-05       2.79e-05       2.85e-05       2.89e-05       2.95e-05
 8.25
   -6.5720   -6.2200   -6.1930   -6.1190   -6.1170   -6.1150   -6.1090   -6.1000   -6.0960   -6.0830   -6.0770   -6.0650   -6.0480   -6.0370   -6.0320   -6.0130   -5.9970   -5.9840   -5.9410   -5.9240   -5.9080   -5.8870   -5.8680   -5.8510   -5.8340   -5.8140   -5.7910   -5.7680   -5.7420   -5.7100   -5.7020   -5.6640   -5.3960   -5.3550
       3.36e-06       4.97e-06       5.94e-06       6.87e-06       7.81e-06       8.75e-06       9.69e-06       1.06e-05       1.16e-05       1.25e-05       1.34e-05       1.44e-05       1.53e-05       1.81e-05       1.91e-05       2.00e-05       2.10e-05       2.19e-05       2.29e-05       2.39e-05       2.48e-05       2.58e-05       2.68e-05       2.77e-05       2.87e-05       2.97e-05       3.07e-05       3.17e-05       3.26e-05       3.36e-05       3.44e-05       3.54e-05       3.60e-05       3.65e-05
  8.3
   -6.6510   -6.1570   -6.0630   -6.0470   -6.0420   -6.0150   -5.9840   -5.9400   -5.8990   -5.8590   -5.8160   -5.7990
       4.94e-06       7.58e-06       1.08e-05       1.40e-05       1.87e-05       2.20e-05       2.53e-05       2.86e-05       3.19e-05       3.52e-05       3.79e-05       4.12e-05
 8.35
   -6.8910   -6.7020   -6.2770   -6.0140   -6.0070   -5.9900   -5.9710   -5.9430   -5.9170   -5.9000   -5.8880   -5.8480
       4.65e-06       1.07e-05       1.51e-05       1.82e-05       2.14e-05       2.46e-05       2.78e-05       3.10e-05       3.43e-05       3.69e-05       4.01e-05       4.34e-05
  8.4
   -6.8670   -6.8670   -6.8600   -6.8520   -6.8490   -6.8310   -6.8030   -6.7530   -6.3970   -5.9790   -5.9180   -5.8970
       6.17e-06       6.17e-06       9.29e-06       1.38e-05       1.70e-05       2.01e-05       2.33e-05       3.06e-05       3.68e-05       3.94e-05       4.26e-05       4.57e-05
 8.45
   -7.4020   -7.2950   -7.1890   -7.0800   -7.0180   -7.0170   -6.9930   -6.8660   -6.8650   -6.8640   -6.8640   -6.8620   -6.8610   -6.8580   -6.8540   -6.8490   -6.8450   -6.8370   -6.8280   -6.8090   -6.7720   -6.7600   -6.6550   -6.6030   -6.4450   -6.1010
       8.97e-07       1.78e-06       2.66e-06       3.40e-06       4.09e-06       5.01e-06       5.44e-06       8.29e-06       1.06e-05       1.54e-05       1.54e-05       1.63e-05       1.82e-05       1.91e-05       2.09e-05       2.57e-05       2.71e-05       2.80e-05       2.89e-05       3.27e-05       3.46e-05       3.68e-05       3.95e-05       4.30e-05       4.71e-05       4.98e-05
  8.5
   -7.5740   -7.3980   -7.3870   -7.3800   -7.3720   -7.3640   -7.3590   -7.3540   -7.3490   -7.3430   -7.3370   -7.3300   -7.3000   -7.2180   -7.1280   -7.0260   -6.9960   -6.9190   -6.8040   -6.7050   -6.6710   -6.5620   -6.5070   -6.4240   -6.3260   -6.0110
       4.91e-06       8.58e-06       1.16e-05       1.41e-05       1.65e-05       1.83e-05       1.95e-05       2.07e-05       2.19e-05       2.30e-05       2.42e-05       2.54e-05       2.65e-05       2.77e-05       2.88e-05       2.98e-05       3.59e-05       3.65e-05       4.13e-05       4.38e-05       4.66e-05       5.00e-05       5.45e-05       5.53e-05       6.06e-05       6.41e-05
 8.55
   -7.5170   -7.2850   -7.2770   -7.2680   -7.2630   -7.2570   -7.2520   -7.2480   -7.2450   -7.2410   -7.2370   -7.2330   -7.2250   -7.2020   -7.1470   -7.0780   -6.9740   -6.8880   -6.7980   -6.6370   -6.5820   -6.4690   -6.4110   -6.2750   -6.2090   -5.9230
       7.66e-06       1.38e-05       1.84e-05       2.22e-05       2.52e-05       2.82e-05       3.05e-05       3.20e-05       3.35e-05       3.50e-05       3.64e-05       3.79e-05       3.94e-05       4.08e-05       4.22e-05       4.37e-05       4.48e-05       4.55e-05       5.16e-05       5.47e-05       5.82e-05       6.24e-05       6.79e-05       6.89e-05       7.56e-05       7.98e-05
  8.6
   -7.3290   -7.1870   -7.1660   -7.1620   -7.1570   -7.1550   -7.1520   -7.1500   -7.1480   -7.1470   -7.1450   -7.1430   -7.1400   -7.1340   -7.1170   -7.0830   -7.0280   -6.9910   -6.9710   -6.5690   -6.4930   -6.3760   -6.3150   -6.1340   -6.0900   -5.8360
       7.44e-06       1.68e-05       2.43e-05       2.99e-05       3.45e-05       3.82e-05       4.19e-05       4.46e-05       4.65e-05       4.83e-05       5.01e-05       5.19e-05       5.37e-05       5.54e-05       5.72e-05       5.90e-05       6.07e-05       6.15e-05       6.30e-05       6.67e-05       7.10e-05       7.61e-05       8.28e-05       8.39e-05       9.20e-05       9.72e-05
 8.65
   -7.2890   -7.1440   -7.1320   -7.1290   -7.1290   -7.1290   -7.1180   -7.0350   -7.0280   -6.5140   -6.3780   -6.3050   -6.2700   -6.2330   -6.1950   -5.9770   -5.7200
       9.14e-06       2.11e-05       3.28e-05       5.78e-05       5.78e-05       5.78e-05       6.29e-05       6.55e-05       6.82e-05       7.41e-05       7.88e-05       8.17e-05       8.35e-05       8.53e-05       9.10e-05       9.94e-05       1.06e-04
  8.7
   -7.2790   -7.1480   -7.1440   -7.1440   -7.1350   -7.1320   -7.1300   -7.0870   -7.0860   -6.5790   -6.3600   -6.2610   -6.2150   -6.1680   -6.1200   -5.8480   -5.5490
       9.62e-06       1.53e-05       2.95e-05       2.95e-05       4.14e-05       5.40e-05       6.62e-05       6.90e-05       7.17e-05       7.86e-05       8.46e-05       8.83e-05       9.07e-05       9.30e-05       1.00e-04       1.11e-04       1.20e-04
 8.75
   -7.2700   -7.2700   -7.1710   -7.1670   -7.1580   -7.1460   -7.1410   -7.1370   -7.1280   -6.6440   -6.3430   -6.2160   -6.1610   -6.1030   -6.0460   -5.7190   -5.3780
       2.34e-05       2.34e-05       2.91e-05       3.50e-05       4.43e-05       4.72e-05       5.97e-05       6.26e-05       7.55e-05       8.34e-05       9.09e-05       9.55e-05       9.85e-05       1.01e-04       1.10e-04       1.24e-04       1.35e-04
  8.8
   -7.3070   -7.2630   -7.2130   -7.2050   -7.1970   -7.1890   -7.1860   -7.1720   -7.1470   -7.1250   -6.3260   -6.1720   -6.1060   -6.0380   -5.9740   -5.5890   -5.2030
       1.39e-05       2.46e-05       3.37e-05       3.67e-05       4.27e-05       4.57e-05       5.20e-05       6.17e-05       7.49e-05       8.85e-05       9.76e-05       1.03e-04       1.07e-04       1.10e-04       1.21e-04       1.38e-04       1.51e-04
 8.85
   -7.3450   -7.2390   -7.2280   -7.2210   -7.2020   -7.1990   -7.1830   -7.1640   -7.1470   -7.1300   -6.3920   -6.1530   -6.0590   -5.9670   -5.8760   -5.5420   -5.0750
       1.85e-05       2.34e-05       2.69e-05       3.27e-05       4.04e-05       5.48e-05       6.29e-05       7.11e-05       7.96e-05       9.30e-05       1.03e-04       1.11e-04       1.16e-04       1.21e-04       1.32e-04       1.50e-04       1.68e-04
  8.9
   -7.3200   -7.2750   -7.2520   -7.2470   -7.2280   -7.2080   -7.1880   -7.1700   -7.1510   -6.5780   -6.3120   -6.0830   -5.9820   -5.8820   -5.7800   -5.4220   -4.9400
       1.72e-05       2.18e-05       2.51e-05       3.05e-05       3.77e-05       4.52e-05       5.29e-05       6.09e-05       7.33e-05       8.72e-05       9.75e-05       1.05e-04       1.11e-04       1.16e-04       1.27e-04       1.46e-04       1.64e-04
 8.95
   -7.3240   -7.3110   -7.3060   -7.2770   -7.2730   -7.2540   -7.2330   -7.2130   -7.1920   -6.4460   -6.2300   -6.0130   -5.9070   -5.7970   -5.6840   -5.3010   -4.8040
       1.14e-05       1.56e-05       3.14e-05       3.44e-05       3.94e-05       4.60e-05       5.28e-05       5.99e-05       6.72e-05       8.05e-05       9.11e-05       9.92e-05       1.05e-04       1.10e-04       1.21e-04       1.41e-04       1.59e-04
  9.0
   -7.4420   -7.3280   -7.3070   -7.3020   -7.2820   -7.2650   -7.2600   -7.2380   -7.2150   -6.3970   -6.2390   -6.1500   -6.0550   -5.9570   -5.8530   -5.6250   -5.2250   -4.7840
       1.16e-05       1.53e-05       1.82e-05       2.34e-05       2.97e-05       4.18e-05       4.84e-05       5.54e-05       6.27e-05       7.14e-05       7.83e-05       8.31e-05       8.80e-05       9.31e-05       1.01e-04       1.15e-04       1.34e-04       1.54e-04
 9.05
   -7.4960   -7.3860   -7.3490   -7.3420   -7.3310   -7.3260   -7.3090   -7.2880   -7.2660   -6.4980   -6.3140   -6.2140   -6.1060   -5.9930   -5.8770   -5.6340   -5.2160   -4.7810
       9.86e-06       1.30e-05       1.73e-05       1.98e-05       2.52e-05       3.55e-05       4.11e-05       4.70e-05       5.32e-05       6.17e-05       6.92e-05       7.45e-05       7.99e-05       8.54e-05       9.40e-05       1.10e-04       1.30e-04       1.52e-04
  9.1
   -7.2130   -7.1400   -7.1360   -7.0620   -7.0580   -7.0480   -7.0310   -7.0130   -6.9770   -6.2720   -6.1610   -6.0460   -5.9220   -5.7900   -5.5130   -5.0600   -4.5940
       2.35e-06       4.05e-06       1.42e-05       1.79e-05       2.06e-05       2.45e-05       2.85e-05       3.51e-05       4.44e-05       5.28e-05       5.90e-05       6.55e-05       7.21e-05       8.26e-05       1.02e-04       1.27e-04       1.57e-04
 9.15
   -7.1690   -7.1500   -7.1200   -7.1120   -7.0580   -7.0510   -7.0080   -6.9530   -6.9010   -6.3730   -6.2430   -6.1070   -5.9590   -5.8050   -5.5010   -5.0500   -5.0340   -4.4500   -4.0710
       2.17e-06       3.72e-06       6.21e-06       1.48e-05       1.81e-05       2.74e-05       3.10e-05       3.47e-05       4.07e-05       4.89e-05       5.59e-05       6.30e-05       7.04e-05       8.21e-05       1.02e-04       1.16e-04       1.87e-04       3.11e-04       3.65e-04
  9.2
   -7.1100   -7.0710   -7.0520   -7.0240   -7.0220   -6.9890   -6.9690   -6.9540   -6.7840   -6.7060   -6.6030   -6.4400   -6.2640   -5.8630   -5.3180   -4.8180
       2.88e-06       1.11e-05       1.42e-05       1.69e-05       2.01e-05       2.36e-05       3.03e-05       3.60e-05       3.80e-05       4.28e-05       4.92e-05       5.73e-05       7.00e-05       8.70e-05       1.06e-04       1.16e-04
 9.25
   -7.3760   -7.1620   -7.0880   -7.0700   -7.0590   -7.0590   -6.9570   -6.9050   -6.7960   -6.6850   -6.4820   -6.2640   -5.8130
       1.60e-06       4.13e-06       7.83e-06       1.29e-05       1.95e-05       1.95e-05       2.56e-05       2.95e-05       3.37e-05       3.91e-05       4.60e-05       5.64e-05       7.15e-05
  9.3
   -7.3260   -7.2320   -7.2300   -7.2160   -7.1480   -7.1010   -7.0690   -6.9840   -6.8760   -6.7570   -6.5910   -6.4010   -6.0300
       1.53e-06       3.97e-06       9.91e-06       1.22e-05       1.71e-05       2.11e-05       2.47e-05       2.84e-05       3.24e-05       3.69e-05       4.19e-05       4.94e-05       6.03e-05
 9.35
   -7.3360   -7.3330   -7.2980   -7.2140   -7.0920   -7.0120   -6.9650   -6.8130   -6.6590   -6.5210   -6.2320
       4.53e-06       1.00e-05       1.37e-05       1.70e-05       2.06e-05       2.23e-05       2.61e-05       3.00e-05       3.40e-05       3.97e-05       4.81e-05
  9.4
   -7.4400   -7.3510   -7.2440   -7.2300   -7.1850   -7.1220   -6.9850   -6.6440   -6.3290
       4.26e-06       7.41e-06       1.08e-05       1.43e-05       1.94e-05       2.30e-05       2.89e-05       3.63e-05       4.37e-05
 9.45
   -7.4810   -7.3530   -7.2680   -7.1660   -7.0550   -6.9320   -6.6460   -6.6380   -6.3980
       4.39e-06       8.05e-06       1.07e-05       1.36e-05       1.67e-05       2.18e-05       2.48e-05       3.10e-05       3.70e-05
  9.5
   -7.4580   -7.3300   -7.3210   -7.3140   -7.2310   -7.1250   -7.0080   -6.8790   -6.5760
       2.80e-06       3.69e-06       6.80e-06       7.75e-06       1.01e-05       1.26e-05       1.52e-05       1.96e-05       2.46e-05
 9.55
   -7.4050   -7.3680   -7.3520   -7.2540   -7.1600   -7.0470   -6.9230   -6.7860   -6.4650
       2.58e-06       3.47e-06       4.29e-06       7.15e-06       9.29e-06       1.16e-05       1.41e-05       1.81e-05       2.25e-05
 9.65
   -7.2080   -7.2060   -7.1190   -7.0210   -6.7790   -6.4810   -6.3050
       2.18e-06       4.24e-06       5.87e-06       8.64e-06       1.28e-05       1.62e-05       1.87e-05
  9.7
   -7.1890   -7.1820   -6.9190   -6.5720   -6.1730
       2.92e-06       4.19e-06       8.55e-06       1.33e-05       1.78e-05
 9.75
   -7.1360   -7.0940   -6.7970   -6.4220   -6.0040
       1.24e-06       4.13e-06       8.45e-06       1.32e-05       1.65e-05
  9.8
   -7.0190   -6.9990   -6.6160   -6.1250   -5.8780
       3.05e-06       4.04e-06       8.83e-06       1.26e-05       1.41e-05
  9.9
   -6.9240   -6.8840   -6.4930   -6.0170   -5.7840
       8.01e-07       3.26e-06       7.12e-06       1.01e-05       1.14e-05
 9.95
   -6.8480   -6.5480   -6.1960   -5.7580
       1.90e-06       4.82e-06       8.07e-06       1.00e-05
 10.0
   -6.7810   -6.4860   -6.1480   -5.7360
       1.71e-06       4.35e-06       7.28e-06       9.00e-06
10.05
   -6.6370   -6.4800   -5.9880   -5.7280
       1.36e-06       3.99e-06       6.96e-06       7.98e-06
10.15
   -6.4410   -6.3590   -6.0100   -5.8280
       1.03e-06       3.00e-06       5.22e-06       5.98e-06
