  8.1
  -13.2190  -13.2090  -13.2080  -13.1820  -13.1670  -13.1500  -13.1150  -13.1150  -13.0770  -13.0430  -13.0410  -13.0050  -12.9720  -12.9580  -12.9380  -12.9060  -12.8750  -12.8440  -12.8130  -12.7830  -12.7360  -12.6330  -12.5530  -12.5220  -12.3980  -10.4390  -10.2740   -9.9430
       6.05e-07       1.22e-06       1.81e-06       2.43e-06       3.02e-06       3.64e-06       4.85e-06       4.85e-06       5.48e-06       6.06e-06       6.69e-06       7.33e-06       7.97e-06       8.54e-06       9.18e-06       9.82e-06       1.05e-05       1.11e-05       1.18e-05       1.24e-05       1.31e-05       1.37e-05       1.38e-05       1.44e-05       1.48e-05       1.54e-05       1.62e-05       1.71e-05
 8.15
  -13.0910  -13.0870  -13.0710  -13.0680  -13.0420  -13.0270  -13.0110  -12.9790  -12.9720  -12.9470  -12.9170  -12.9000  -12.8890  -12.8610  -12.8340  -12.8050  -12.7800  -12.7560  -12.7320  -12.7010  -12.6200  -12.5020  -12.4200  -12.2170  -10.3960  -10.2160  -10.0550   -9.7850
       8.38e-07       1.68e-06       2.51e-06       3.36e-06       4.22e-06       5.04e-06       5.91e-06       6.78e-06       7.59e-06       8.47e-06       9.35e-06       1.01e-05       1.10e-05       1.19e-05       1.28e-05       1.37e-05       1.46e-05       1.55e-05       1.64e-05       1.73e-05       1.82e-05       1.91e-05       1.96e-05       2.03e-05       2.11e-05       2.19e-05       2.28e-05       2.37e-05
  8.2
  -12.9620  -12.9580  -12.9570  -12.9490  -12.9410  -12.9360  -12.9200  -12.9140  -12.9030  -12.9010  -12.8870  -12.8860  -12.8660  -12.8510  -12.8450  -12.8380  -12.8010  -12.7870  -12.7710  -12.7550  -12.7410  -12.7280  -12.7150  -12.7020  -12.6880  -12.6560  -12.6070  -12.5410  -12.4670  -12.4030  -12.3780   -9.9750   -9.6220   -7.8570
       7.61e-07       1.52e-06       2.28e-06       3.05e-06       3.81e-06       4.57e-06       5.34e-06       6.10e-06       6.87e-06       7.65e-06       8.40e-06       9.17e-06       9.95e-06       1.07e-05       1.30e-05       1.37e-05       1.45e-05       1.53e-05       1.61e-05       1.69e-05       1.77e-05       1.85e-05       1.92e-05       2.00e-05       2.08e-05       2.16e-05       2.24e-05       2.32e-05       2.40e-05       2.47e-05       2.51e-05       2.77e-05       2.89e-05       2.95e-05
 8.25
  -12.8330  -12.8320  -12.8270  -12.8270  -12.8200  -12.8150  -12.8100  -12.7980  -12.7980  -12.7900  -12.7810  -12.7780  -12.7680  -12.7680  -12.7500  -12.7390  -12.7340  -12.7250  -12.7170  -12.7040  -12.6930  -12.6850  -12.6770  -12.6680  -12.6390  -12.6020  -12.5590  -12.5040  -12.4360  -12.3330  -12.2030   -9.9800   -9.6200   -8.3260
       9.39e-07       1.88e-06       3.76e-06       3.76e-06       4.71e-06       5.64e-06       6.59e-06       8.47e-06       8.47e-06       9.43e-06       1.04e-05       1.13e-05       1.32e-05       1.32e-05       1.60e-05       1.70e-05       1.79e-05       1.89e-05       1.99e-05       2.08e-05       2.18e-05       2.28e-05       2.37e-05       2.47e-05       2.57e-05       2.67e-05       2.77e-05       2.87e-05       2.97e-05       3.05e-05       3.09e-05       3.43e-05       3.59e-05       3.65e-05
  8.3
  -12.7070  -12.7020  -12.6950  -12.6890  -12.6750  -12.6630  -12.6460  -12.6260  -12.5250  -12.2960   -9.9910   -9.4720
       3.23e-06       6.43e-06       9.69e-06       1.30e-05       1.77e-05       2.10e-05       2.43e-05       2.76e-05       3.09e-05       3.36e-05       3.85e-05       4.12e-05
 8.35
  -12.6030  -12.6010  -12.6000  -12.5910  -12.5880  -12.5850  -12.5780  -12.5040  -12.2400  -10.2430   -9.9790   -9.5130
       3.21e-06       6.41e-06       9.58e-06       1.28e-05       1.60e-05       1.92e-05       2.25e-05       2.57e-05       2.83e-05       3.30e-05       3.90e-05       4.34e-05
  8.4
  -12.5240  -12.4820  -12.2170  -10.3610  -10.3070  -10.2750  -10.2350  -10.2040  -10.1630  -10.1060   -9.9650   -9.5530
       3.19e-06       6.37e-06       8.90e-06       1.21e-05       1.52e-05       1.84e-05       2.15e-05       2.46e-05       2.77e-05       3.22e-05       3.95e-05       4.57e-05
 8.45
  -11.9500  -11.9440  -11.9380  -11.9100  -11.8790  -11.8240  -11.7890  -11.7500  -11.5770  -10.3370  -10.3270  -10.3170  -10.3010  -10.2900  -10.2830  -10.2570  -10.2170  -10.1350  -10.0010   -9.9740   -9.9140   -9.8960   -9.7660   -9.7010   -9.5180   -9.1660
       9.16e-07       1.83e-06       2.73e-06       3.63e-06       4.36e-06       5.25e-06       6.13e-06       6.56e-06       7.25e-06       8.18e-06       9.10e-06       1.05e-05       1.24e-05       1.43e-05       1.66e-05       1.95e-05       2.33e-05       2.80e-05       3.18e-05       3.27e-05       3.46e-05       3.68e-05       3.95e-05       4.30e-05       4.71e-05       4.98e-05
  8.5
  -11.9640  -11.9110  -11.9110  -11.8380  -11.8350  -11.8270  -11.8210  -11.8150  -11.8080  -11.8040  -11.8000  -11.7960  -11.7910  -11.7850  -11.7790  -11.7660  -11.6210  -10.1420  -10.0500   -9.8520   -9.7630   -9.7070   -9.5720   -9.5020   -9.3140   -8.9890
       9.53e-07       2.64e-06       2.64e-06       3.78e-06       7.46e-06       1.05e-05       1.29e-05       1.54e-05       1.72e-05       1.84e-05       1.95e-05       2.07e-05       2.19e-05       2.31e-05       2.43e-05       2.54e-05       2.62e-05       3.24e-05       3.73e-05       4.22e-05       4.46e-05       4.75e-05       5.09e-05       5.53e-05       6.06e-05       6.41e-05
 8.55
  -11.9480  -11.9460  -11.9450  -11.9250  -11.9020  -11.8820  -11.8730  -11.8660  -11.8580  -11.8510  -11.8430  -11.8360  -11.8180  -11.8010  -11.7810  -11.7600  -11.7450  -11.7060   -9.9290   -9.7670   -9.6100   -9.5170   -9.3770   -9.3180   -9.1100   -8.8120
       1.19e-06       2.62e-06       4.03e-06       4.72e-06       6.17e-06       7.63e-06       9.10e-06       1.06e-05       1.21e-05       1.35e-05       1.50e-05       1.73e-05       2.03e-05       2.33e-05       2.72e-05       2.81e-05       3.27e-05       3.89e-05       4.50e-05       5.26e-05       5.56e-05       5.92e-05       6.34e-05       6.89e-05       7.56e-05       7.98e-05
  8.6
  -11.9240  -11.9220  -11.9220  -11.9190  -11.9190  -11.9190  -11.9170  -11.9160  -11.9140  -11.9100  -11.9060  -11.9030  -11.9020  -11.8940  -11.8850  -11.8690  -11.8270  -11.7840  -11.6670   -9.4580   -9.3630   -9.3260   -9.1990   -9.1360   -8.9040   -8.6350
       8.41e-07       4.38e-06       4.38e-06       9.37e-06       9.37e-06       9.37e-06       1.12e-05       1.29e-05       1.47e-05       1.65e-05       1.83e-05       1.95e-05       2.23e-05       2.59e-05       2.96e-05       3.43e-05       3.99e-05       4.74e-05       5.67e-05       6.04e-05       6.78e-05       7.22e-05       7.73e-05       8.39e-05       9.20e-05       9.72e-05
 8.65
  -11.8820  -11.8790  -11.8770  -11.8660  -11.8510  -11.8190  -11.7710  -11.6400   -9.3060   -9.2410   -9.1180   -9.0430   -9.0070   -8.9690   -8.9290   -8.7020   -8.4280
       2.57e-06       5.22e-06       1.04e-05       1.58e-05       2.41e-05       3.54e-05       4.70e-05       5.90e-05       6.49e-05       7.41e-05       7.88e-05       8.17e-05       8.35e-05       8.53e-05       9.10e-05       9.94e-05       1.06e-04
  8.7
  -11.8460  -11.8390  -11.8310  -11.8130  -11.7930  -11.7520  -11.7030  -11.5700   -9.1630   -9.1270   -9.0170   -8.9150   -8.8670   -8.8190   -8.7690   -8.4800   -8.1600
       2.70e-06       5.48e-06       1.09e-05       1.66e-05       2.53e-05       3.72e-05       4.95e-05       6.21e-05       6.90e-05       7.86e-05       8.46e-05       8.83e-05       9.07e-05       9.30e-05       1.00e-04       1.11e-04       1.20e-04
 8.75
  -11.8110  -11.7980  -11.7850  -11.7610  -11.7350  -11.6850  -11.6290  -10.3210   -9.0550   -9.0200   -8.9170   -8.7860   -8.7280   -8.6680   -8.6080   -8.2580   -7.8920
       2.85e-06       5.75e-06       1.14e-05       1.74e-05       2.66e-05       3.92e-05       5.21e-05       6.53e-05       7.32e-05       8.34e-05       9.09e-05       9.55e-05       9.85e-05       1.01e-04       1.10e-04       1.24e-04       1.35e-04
  8.8
  -11.7750  -11.7570  -11.7390  -11.7080  -11.6770  -11.6180  -11.5550  -10.1770   -8.9730   -8.9060   -8.8170   -8.6570   -8.5890   -8.5170   -8.4480   -8.0350   -7.6200
       2.99e-06       6.04e-06       1.20e-05       1.83e-05       2.80e-05       4.12e-05       5.48e-05       6.88e-05       7.94e-05       8.85e-05       9.76e-05       1.03e-04       1.07e-04       1.10e-04       1.21e-04       1.38e-04       1.51e-04
 8.85
  -11.7290  -11.7120  -11.6860  -11.6450  -11.6050  -11.5660  -11.5250  -11.4820   -9.4150   -8.8030   -8.7990   -8.5550   -8.4570   -8.3580   -8.2570   -7.9010   -7.4010
       4.88e-06       8.46e-06       1.42e-05       2.20e-05       3.00e-05       3.82e-05       4.68e-05       6.01e-05       7.86e-05       8.86e-05       1.03e-04       1.11e-04       1.16e-04       1.21e-04       1.32e-04       1.50e-04       1.68e-04
  8.9
  -11.6690  -11.6600  -11.6360  -11.5910  -11.5490  -11.5070  -11.4620  -11.4140   -9.1030   -8.7760   -8.6490   -8.3990   -8.2930   -8.1820   -8.0710   -7.6870   -7.1730
       4.55e-06       7.90e-06       1.33e-05       2.05e-05       2.80e-05       3.57e-05       4.36e-05       5.61e-05       7.33e-05       8.72e-05       9.75e-05       1.05e-04       1.11e-04       1.16e-04       1.27e-04       1.46e-04       1.64e-04
 8.95
  -11.6100  -11.6080  -11.5850  -11.5380  -11.4940  -11.4480  -11.4000  -10.3600   -8.8860   -8.6850   -8.4690   -8.2420   -8.1270   -8.0070   -7.8850   -7.4710   -6.9440
       4.17e-06       7.24e-06       1.21e-05       1.88e-05       2.56e-05       3.27e-05       4.00e-05       5.14e-05       6.72e-05       8.05e-05       9.11e-05       9.92e-05       1.05e-04       1.10e-04       1.21e-04       1.41e-04       1.59e-04
  9.0
  -11.5780  -11.5720  -11.5350  -11.4850  -11.4350  -11.3830  -11.3240   -9.5080   -8.6340   -8.6200   -8.3920   -8.3010   -8.2020   -8.0980   -7.9850   -7.7380   -7.3080   -6.8390
       3.66e-06       6.62e-06       1.18e-05       1.81e-05       2.47e-05       3.17e-05       3.90e-05       5.06e-05       6.27e-05       7.14e-05       7.83e-05       8.31e-05       8.80e-05       9.31e-05       1.01e-04       1.15e-04       1.34e-04       1.54e-04
 9.05
  -11.5910  -11.5640  -11.5120  -11.4610  -11.4120  -11.3610  -11.3030   -9.7940   -8.6020   -8.5640   -8.3870   -8.2830   -8.1720   -8.0540   -7.9270   -7.6660   -7.2170   -6.7550
       3.11e-06       5.62e-06       9.98e-06       1.54e-05       2.10e-05       2.69e-05       3.31e-05       4.29e-05       5.14e-05       6.17e-05       6.92e-05       7.45e-05       7.99e-05       8.54e-05       9.40e-05       1.10e-04       1.30e-04       1.52e-04
  9.1
  -11.5710  -11.5260  -11.4680  -11.4270  -11.3860  -11.3430  -11.3400  -11.2430   -8.8190   -8.5800   -8.5140   -8.3490   -8.2220   -8.0860   -7.7900   -7.3030   -6.8080
       1.70e-06       4.42e-06       8.08e-06       1.19e-05       1.60e-05       2.25e-05       2.49e-05       3.42e-05       4.44e-05       5.28e-05       5.90e-05       6.55e-05       7.21e-05       8.26e-05       1.02e-04       1.27e-04       1.57e-04
 9.15
  -11.5490  -11.5110  -11.4700  -11.4220  -11.3820  -11.3370  -11.2880   -9.8280   -8.5240   -8.4570   -8.3190   -8.1780   -8.0250   -7.8640   -7.5460   -7.0660   -7.0480   -6.3970   -5.6450
       2.17e-06       3.72e-06       6.21e-06       9.56e-06       1.31e-05       1.68e-05       2.28e-05       3.13e-05       4.07e-05       4.89e-05       5.59e-05       6.30e-05       7.04e-05       8.21e-05       1.02e-04       1.16e-04       1.87e-04       3.11e-04       3.65e-04
  9.2
  -11.4330  -11.3770  -11.3270  -11.2750  -11.2190  -11.0300   -9.5880   -8.6150   -8.5330   -8.5320   -8.3780   -8.1900   -8.0010   -7.5750   -7.1250   -6.5840
       2.88e-06       5.95e-06       9.21e-06       1.27e-05       1.83e-05       2.10e-05       2.30e-05       3.13e-05       3.80e-05       4.28e-05       4.92e-05       5.73e-05       7.00e-05       8.70e-05       1.06e-04       1.16e-04
 9.25
  -11.3730  -11.2920  -11.2910  -10.2490   -9.3850   -8.8920   -8.5380   -8.5310   -8.3760   -8.2260   -8.0150   -7.7930   -7.3180
       2.53e-06       4.90e-06       9.10e-06       1.53e-05       1.69e-05       2.06e-05       2.56e-05       2.95e-05       3.37e-05       3.91e-05       4.60e-05       5.64e-05       7.15e-05
  9.3
  -11.3300  -11.3130  -11.2060   -9.5770   -8.8330   -8.6900   -8.5980   -8.4090   -8.2500   -8.0900   -7.9070   -7.7230   -7.3280
       2.44e-06       4.72e-06       8.77e-06       1.03e-05       1.52e-05       2.11e-05       2.47e-05       2.84e-05       3.24e-05       3.69e-05       4.19e-05       4.94e-05       6.03e-05
 9.35
  -11.4080  -11.3250   -9.3600   -8.9150   -8.6430   -8.4470   -8.2870   -8.0940   -7.9080   -7.7270   -7.3620
       1.71e-06       5.41e-06       1.09e-05       1.54e-05       1.87e-05       2.23e-05       2.61e-05       3.00e-05       3.40e-05       3.97e-05       4.81e-05
  9.4
  -10.9790  -10.8400   -8.8590   -8.6770   -8.4780   -8.3150   -8.1300   -7.7200   -7.3740
       3.52e-06       8.64e-06       1.29e-05       1.61e-05       1.94e-05       2.30e-05       2.89e-05       3.63e-05       4.37e-05
 9.45
  -11.3330   -9.1640   -8.7360   -8.5690   -8.3940   -8.2440   -8.0720   -7.7170   -7.4560
       3.02e-06       7.41e-06       1.11e-05       1.38e-05       1.67e-05       1.97e-05       2.48e-05       3.10e-05       3.70e-05
  9.5
   -9.6850   -9.6350   -9.0680   -8.7210   -8.5480   -8.3580   -8.1990   -8.0170   -7.6550
       9.56e-07       1.84e-06       4.65e-06       7.75e-06       1.01e-05       1.26e-05       1.52e-05       1.96e-05       2.46e-05
 9.55
   -9.4160   -9.3870   -8.9620   -8.6400   -8.4610   -8.2710   -8.1020   -7.9020   -7.5380
       8.24e-07       1.71e-06       4.29e-06       7.15e-06       9.29e-06       1.16e-05       1.41e-05       1.81e-05       2.25e-05
 9.65
   -9.3460   -8.6440   -8.4660   -8.2740   -7.9270   -7.5650   -7.3740
       2.06e-06       4.24e-06       5.87e-06       8.64e-06       1.28e-05       1.62e-05       1.87e-05
  9.7
   -8.6930   -8.6440   -8.1380   -7.6700   -7.2330
       2.92e-06       4.19e-06       8.55e-06       1.33e-05       1.78e-05
 9.75
   -8.7210   -8.4890   -7.9820   -7.5090   -7.0520
       1.24e-06       4.13e-06       8.45e-06       1.32e-05       1.65e-05
  9.8
   -8.3610   -8.0900   -7.7500   -7.1890   -6.9180
       3.05e-06       4.04e-06       8.83e-06       1.26e-05       1.41e-05
  9.9
   -8.3140   -8.1680   -7.6090   -7.0780   -6.8220
       8.01e-07       3.26e-06       7.12e-06       1.01e-05       1.14e-05
 9.95
   -8.1040   -7.6980   -7.2760   -6.7980
       1.90e-06       4.82e-06       8.07e-06       1.00e-05
 10.0
   -8.0150   -7.6240   -7.2270   -6.7760
       1.71e-06       4.35e-06       7.28e-06       9.00e-06
10.05
   -7.8240   -7.6280   -7.0570   -6.7720
       1.36e-06       3.99e-06       6.96e-06       7.98e-06
10.15
   -7.5330   -7.5070   -7.0940   -6.8960
       1.03e-06       3.00e-06       5.22e-06       5.98e-06
