  8.1
  -11.6100  -11.6010  -11.5960  -11.5740  -11.5490  -11.5420  -11.5050  -11.4890  -11.4660  -11.4300  -11.4050  -11.3930  -11.3600  -11.3260  -11.2990  -11.2940  -11.2620  -11.2320  -11.2020  -11.1750  -11.1350  -11.0500  -10.9490  -10.7610  -10.7220  -10.1780  -10.0150   -9.6970
       6.05e-07       1.22e-06       1.81e-06       2.43e-06       3.02e-06       3.64e-06       4.27e-06       4.85e-06       5.48e-06       6.11e-06       6.69e-06       7.33e-06       7.97e-06       8.61e-06       9.18e-06       9.82e-06       1.05e-05       1.11e-05       1.18e-05       1.24e-05       1.31e-05       1.37e-05       1.44e-05       1.48e-05       1.48e-05       1.54e-05       1.62e-05       1.71e-05
 8.15
  -11.4740  -11.4720  -11.4540  -11.4510  -11.4270  -11.4010  -11.3960  -11.3630  -11.3360  -11.3310  -11.3010  -11.2730  -11.2480  -11.2450  -11.2170  -11.1890  -11.1650  -11.1420  -11.1210  -11.0960  -11.0310  -10.9360  -10.7950  -10.5260  -10.1360   -9.9550   -9.8000   -9.5410
       8.38e-07       1.68e-06       2.54e-06       3.36e-06       4.22e-06       5.04e-06       5.91e-06       6.78e-06       7.59e-06       8.47e-06       9.35e-06       1.02e-05       1.10e-05       1.19e-05       1.28e-05       1.37e-05       1.46e-05       1.55e-05       1.64e-05       1.73e-05       1.82e-05       1.91e-05       1.96e-05       2.03e-05       2.11e-05       2.19e-05       2.28e-05       2.37e-05
  8.2
  -11.3400  -11.3370  -11.3330  -11.3280  -11.3160  -11.3140  -11.3020  -11.2990  -11.2840  -11.2830  -11.2660  -11.2510  -11.2460  -11.2310  -11.2190  -11.2030  -11.1820  -11.1680  -11.1530  -11.1380  -11.1250  -11.1120  -11.1010  -11.0900  -11.0780  -11.0520  -11.0140  -10.9620  -10.8970  -10.8120  -10.5720   -9.7180   -9.3810   -7.7770
       7.61e-07       1.52e-06       2.28e-06       3.05e-06       3.81e-06       4.57e-06       5.35e-06       6.12e-06       6.88e-06       7.65e-06       8.42e-06       9.17e-06       9.95e-06       1.07e-05       1.15e-05       1.37e-05       1.45e-05       1.53e-05       1.61e-05       1.69e-05       1.77e-05       1.85e-05       1.92e-05       2.00e-05       2.08e-05       2.16e-05       2.24e-05       2.32e-05       2.40e-05       2.47e-05       2.51e-05       2.77e-05       2.89e-05       2.95e-05
 8.25
  -11.2080  -11.2050  -11.2050  -11.2010  -11.1960  -11.1950  -11.1850  -11.1830  -11.1730  -11.1660  -11.1620  -11.1550  -11.1480  -11.1450  -11.1420  -11.1130  -11.1060  -11.1050  -11.0980  -11.0870  -11.0770  -11.0710  -11.0650  -11.0580  -11.0350  -11.0050  -10.9710  -10.9280  -10.8730  -10.7830  -10.5530   -9.7190   -9.3750   -8.1500
       9.62e-07       2.84e-06       2.84e-06       3.79e-06       4.72e-06       5.67e-06       6.62e-06       7.55e-06       8.50e-06       9.45e-06       1.04e-05       1.13e-05       1.23e-05       1.33e-05       1.42e-05       1.52e-05       1.79e-05       1.89e-05       1.99e-05       2.08e-05       2.18e-05       2.28e-05       2.37e-05       2.47e-05       2.57e-05       2.67e-05       2.77e-05       2.87e-05       2.97e-05       3.05e-05       3.09e-05       3.43e-05       3.59e-05       3.65e-05
  8.3
  -11.0750  -11.0670  -11.0660  -11.0660  -11.0410  -11.0320  -11.0300  -11.0180  -10.9380  -10.7800   -9.7300   -9.2280
       3.23e-06       6.43e-06       1.30e-05       1.30e-05       1.62e-05       2.10e-05       2.43e-05       2.76e-05       3.09e-05       3.36e-05       3.85e-05       4.12e-05
 8.35
  -10.9770  -10.9700  -10.9670  -10.9660  -10.9660  -10.9650  -10.9480  -10.9090  -10.7820   -9.9590   -9.7180   -9.2630
       3.21e-06       6.41e-06       9.64e-06       1.62e-05       1.62e-05       1.93e-05       2.25e-05       2.57e-05       2.83e-05       3.30e-05       3.90e-05       4.34e-05
  8.4
  -10.9080  -10.8800  -10.7960  -10.0060   -9.9870   -9.9710   -9.9440   -9.9200   -9.8840   -9.8330   -9.7050   -9.2970
       3.19e-06       6.37e-06       8.90e-06       1.21e-05       1.52e-05       1.84e-05       2.15e-05       2.46e-05       2.77e-05       3.22e-05       3.95e-05       4.57e-05
 8.45
  -11.4200  -11.4160  -11.4130  -11.3990  -11.3610  -11.3570  -11.3400  -11.2450  -11.0940   -9.9860   -9.9860   -9.9850   -9.9840   -9.9840   -9.9840   -9.9690   -9.9370   -9.8640   -9.7380   -9.7240   -9.6550   -9.6360   -9.5060   -9.4410   -9.2600   -8.9230
       9.16e-07       1.83e-06       2.73e-06       3.63e-06       4.51e-06       5.25e-06       6.13e-06       6.56e-06       7.25e-06       9.10e-06       9.10e-06       1.10e-05       1.66e-05       1.66e-05       1.66e-05       1.95e-05       2.33e-05       2.80e-05       3.18e-05       3.27e-05       3.46e-05       3.68e-05       3.95e-05       4.30e-05       4.71e-05       4.98e-05
  8.5
  -11.3730  -11.3620  -11.3530  -11.3530  -11.3520  -11.3510  -11.3510  -11.3500  -11.3490  -11.3480  -11.3470  -11.3460  -11.3440  -11.3410  -11.3340  -11.3190  -11.0440   -9.8830   -9.7910   -9.6770   -9.5030   -9.4470   -9.3110   -9.2410   -9.0610   -8.7510
       9.53e-07       2.09e-06       7.57e-06       7.57e-06       9.98e-06       1.55e-05       1.55e-05       1.67e-05       1.78e-05       1.90e-05       2.02e-05       2.14e-05       2.25e-05       2.37e-05       2.49e-05       2.54e-05       2.62e-05       3.24e-05       3.73e-05       4.22e-05       4.46e-05       4.75e-05       5.09e-05       5.53e-05       6.06e-05       6.41e-05
 8.55
  -11.3580  -11.3570  -11.3540  -11.3520  -11.3480  -11.3450  -11.3420  -11.3390  -11.3370  -11.3360  -11.3320  -11.3290  -11.3200  -11.3110  -11.3010  -11.2810  -11.2600  -11.1170   -9.7000   -9.6610   -9.3510   -9.2570   -9.1160   -9.0600   -8.8630   -8.5780
       1.43e-06       2.62e-06       4.03e-06       5.48e-06       6.94e-06       8.41e-06       9.88e-06       1.14e-05       1.21e-05       1.35e-05       1.50e-05       1.73e-05       2.03e-05       2.33e-05       2.72e-05       3.17e-05       3.79e-05       3.89e-05       4.50e-05       5.26e-05       5.56e-05       5.92e-05       6.34e-05       6.89e-05       7.56e-05       7.98e-05
  8.6
  -11.3530  -11.3310  -11.3300  -11.3300  -11.3270  -11.3270  -11.3240  -11.3240  -11.3210  -11.3180  -11.3140  -11.3100  -11.3020  -11.2930  -11.2820  -11.2580  -11.2340  -11.2060  -11.1690   -9.1980   -9.1970   -9.0650   -8.9420   -8.8830   -8.6630   -8.4040
       8.41e-07       2.29e-06       5.83e-06       5.83e-06       9.37e-06       9.37e-06       1.29e-05       1.29e-05       1.47e-05       1.65e-05       1.83e-05       2.11e-05       2.48e-05       2.85e-05       3.31e-05       3.87e-05       4.62e-05       4.74e-05       5.67e-05       6.04e-05       6.78e-05       7.22e-05       7.73e-05       8.39e-05       9.20e-05       9.72e-05
 8.65
  -11.2890  -11.2870  -11.2830  -11.2720  -11.2560  -11.2230  -11.1800  -11.1040   -9.0580   -9.0460   -8.8600   -8.7890   -8.7550   -8.7190   -8.6820   -8.4660   -8.1980
       2.57e-06       5.22e-06       1.04e-05       1.58e-05       2.41e-05       3.54e-05       4.70e-05       5.90e-05       6.82e-05       7.41e-05       7.88e-05       8.17e-05       8.35e-05       8.53e-05       9.10e-05       9.94e-05       1.06e-04
  8.7
  -11.2530  -11.2450  -11.2360  -11.2170  -11.1970  -11.1540  -11.1050  -11.0250   -8.9970   -8.8840   -8.7580   -8.6630   -8.6180   -8.5730   -8.5260   -8.2490   -7.9310
       2.70e-06       5.48e-06       1.09e-05       1.66e-05       2.53e-05       3.72e-05       4.95e-05       6.21e-05       7.17e-05       7.86e-05       8.46e-05       8.83e-05       9.07e-05       9.30e-05       1.00e-04       1.11e-04       1.20e-04
 8.75
  -11.2160  -11.2030  -11.1880  -11.1630  -11.1370  -11.0850  -11.0280  -10.0640   -8.9410   -8.7920   -8.6570   -8.5360   -8.4820   -8.4250   -8.3690   -8.0280   -7.6640
       2.85e-06       5.75e-06       1.14e-05       1.74e-05       2.66e-05       3.92e-05       5.21e-05       6.53e-05       7.55e-05       8.34e-05       9.09e-05       9.55e-05       9.85e-05       1.01e-04       1.10e-04       1.24e-04       1.35e-04
  8.8
  -11.1790  -11.1600  -11.1410  -11.1090  -11.0760  -11.0150  -10.9510   -9.9310   -8.9140   -8.7480   -8.5570   -8.4100   -8.3450   -8.2780   -8.2130   -7.8060   -7.3930
       2.99e-06       6.04e-06       1.20e-05       1.83e-05       2.80e-05       4.12e-05       5.48e-05       6.88e-05       7.94e-05       8.85e-05       9.76e-05       1.03e-04       1.07e-04       1.10e-04       1.21e-04       1.38e-04       1.51e-04
 8.85
  -11.1300  -11.1130  -11.0860  -11.0430  -11.0020  -10.9610  -10.9200  -10.8760   -9.2740   -8.6580   -8.5260   -8.3070   -8.2150   -8.1230   -8.0270   -7.6720   -7.1750
       4.88e-06       8.46e-06       1.42e-05       2.20e-05       3.00e-05       3.82e-05       4.68e-05       6.01e-05       7.86e-05       9.30e-05       1.03e-04       1.11e-04       1.16e-04       1.21e-04       1.32e-04       1.50e-04       1.68e-04
  8.9
  -11.0690  -11.0590  -11.0340  -10.9880  -10.9440  -10.9000  -10.8550  -10.8050   -8.9920   -8.4960   -8.3870   -8.1550   -8.0550   -7.9520   -7.8410   -7.4580   -6.9480
       4.55e-06       7.90e-06       1.33e-05       2.05e-05       2.80e-05       3.57e-05       4.36e-05       5.61e-05       7.33e-05       8.72e-05       9.75e-05       1.05e-04       1.11e-04       1.16e-04       1.27e-04       1.46e-04       1.64e-04
 8.95
  -11.0070  -11.0060  -10.9810  -10.9330  -10.8860  -10.8390  -10.7900  -10.0270   -8.7980   -8.4080   -8.2150   -8.0030   -7.8950   -7.7760   -7.6550   -7.2440   -6.7200
       4.17e-06       7.24e-06       1.21e-05       1.88e-05       2.56e-05       3.27e-05       4.00e-05       5.14e-05       6.72e-05       8.05e-05       9.11e-05       9.92e-05       1.05e-04       1.10e-04       1.21e-04       1.41e-04       1.59e-04
  9.0
  -10.9750  -10.9690  -10.9300  -10.8770  -10.8260  -10.7720  -10.7120   -9.3160   -8.4500   -8.3440   -8.1410   -8.0550   -7.9610   -7.8630   -7.7550   -7.5090   -7.0810   -6.6160
       3.66e-06       6.62e-06       1.18e-05       1.81e-05       2.47e-05       3.17e-05       3.90e-05       5.06e-05       6.27e-05       7.14e-05       7.83e-05       8.31e-05       8.80e-05       9.31e-05       1.01e-04       1.15e-04       1.34e-04       1.54e-04
 9.05
  -10.9910  -10.9610  -10.9060  -10.8530  -10.8020  -10.7490  -10.6900   -9.5580   -8.4820   -8.3260   -8.1320   -8.0340   -7.9280   -7.8170   -7.6970   -7.4370   -6.9900   -6.5310
       3.11e-06       5.62e-06       9.98e-06       1.54e-05       2.10e-05       2.69e-05       3.31e-05       4.29e-05       5.32e-05       6.17e-05       6.92e-05       7.45e-05       7.99e-05       8.54e-05       9.40e-05       1.10e-04       1.30e-04       1.52e-04
  9.1
  -10.9740  -10.9220  -10.8600  -10.8170  -10.7770  -10.7750  -10.7310  -10.6280   -8.7270   -8.3030   -8.2380   -8.0920   -7.9730   -7.8430   -7.5600   -7.0740   -6.5830
       1.70e-06       4.42e-06       8.08e-06       1.19e-05       1.43e-05       1.83e-05       2.49e-05       3.42e-05       4.44e-05       5.28e-05       5.90e-05       6.55e-05       7.21e-05       8.26e-05       1.02e-04       1.27e-04       1.57e-04
 9.15
  -10.9510  -10.9070  -10.8620  -10.8130  -10.7700  -10.7240  -10.6740   -9.5820   -8.4460   -8.1960   -8.0630   -7.9300   -7.7850   -7.6330   -7.3160   -6.8390   -6.8210   -6.1760   -5.4420
       2.17e-06       3.72e-06       6.21e-06       9.56e-06       1.31e-05       1.68e-05       2.28e-05       3.13e-05       4.07e-05       4.89e-05       5.59e-05       6.30e-05       7.04e-05       8.21e-05       1.02e-04       1.16e-04       1.87e-04       3.11e-04       3.65e-04
  9.2
  -10.8250  -10.7650  -10.7130  -10.6600  -10.6030  -10.5380   -9.2910   -8.5440   -8.2720   -8.2550   -8.1170   -7.9330   -7.7530   -7.3450   -6.8960   -6.3590
       2.88e-06       5.95e-06       9.21e-06       1.27e-05       1.83e-05       2.10e-05       2.30e-05       3.13e-05       3.61e-05       4.28e-05       4.92e-05       5.73e-05       7.00e-05       8.70e-05       1.06e-04       1.16e-04
 9.25
  -10.7620  -10.6780  -10.6760   -9.9360   -9.0890   -8.6460   -8.3620   -8.2720   -8.1160   -7.9650   -7.7620   -7.5500   -7.0880
       2.53e-06       4.90e-06       9.10e-06       1.53e-05       1.69e-05       2.06e-05       2.56e-05       2.95e-05       3.37e-05       3.91e-05       4.60e-05       5.64e-05       7.15e-05
  9.3
  -10.7170  -10.7000  -10.5960   -9.2730   -8.5840   -8.5590   -8.3410   -8.1490   -7.9900   -7.8300   -7.6570   -7.4810   -7.0980
       2.44e-06       4.72e-06       8.77e-06       1.03e-05       1.52e-05       2.11e-05       2.47e-05       2.84e-05       3.24e-05       3.69e-05       4.19e-05       4.94e-05       6.03e-05
 9.35
  -10.7140  -10.7110   -9.2180   -8.6640   -8.3880   -8.1870   -8.0260   -7.8330   -7.6540   -7.4810   -7.1310
       3.71e-06       5.41e-06       1.09e-05       1.54e-05       1.87e-05       2.23e-05       2.61e-05       3.00e-05       3.40e-05       3.97e-05       4.81e-05
  9.4
  -10.4420  -10.3810   -8.6030   -8.4220   -8.2190   -8.0550   -7.8690   -7.4710   -7.1410
       3.52e-06       8.64e-06       1.29e-05       1.61e-05       1.94e-05       2.30e-05       2.89e-05       3.63e-05       4.37e-05
 9.45
   -9.7530   -8.7890   -8.4830   -8.3140   -8.1340   -7.9840   -7.8120   -7.4670   -7.2170
       3.02e-06       7.41e-06       1.11e-05       1.38e-05       1.67e-05       1.97e-05       2.48e-05       3.10e-05       3.70e-05
  9.5
   -8.9310   -8.9150   -8.7280   -8.4660   -8.2940   -8.0980   -7.9390   -7.7570   -7.4050
       9.56e-07       1.84e-06       4.65e-06       7.75e-06       1.01e-05       1.26e-05       1.52e-05       1.96e-05       2.46e-05
 9.55
   -8.8100   -8.7970   -8.6570   -8.3870   -8.2060   -8.0120   -7.8420   -7.6410   -7.2910
       8.24e-07       1.71e-06       4.29e-06       7.15e-06       9.29e-06       1.16e-05       1.41e-05       1.81e-05       2.25e-05
 9.65
   -8.6890   -8.3820   -8.2140   -8.0150   -7.6670   -7.3120   -7.1290
       2.06e-06       4.24e-06       5.87e-06       8.64e-06       1.28e-05       1.62e-05       1.87e-05
  9.7
   -8.4090   -8.2030   -7.8780   -7.4110   -6.9920
       2.92e-06       4.19e-06       8.55e-06       1.33e-05       1.78e-05
 9.75
   -8.2920   -8.2240   -7.7220   -7.2550   -6.8170
       1.24e-06       4.13e-06       8.45e-06       1.32e-05       1.65e-05
  9.8
   -8.1000   -7.8290   -7.4890   -6.9460   -6.6870
       3.05e-06       4.04e-06       8.83e-06       1.26e-05       1.41e-05
  9.9
   -7.9360   -7.9090   -7.3480   -6.8370   -6.5910
       8.01e-07       3.26e-06       7.12e-06       1.01e-05       1.14e-05
 9.95
   -7.8290   -7.4370   -7.0250   -6.5670
       1.90e-06       4.82e-06       8.07e-06       1.00e-05
 10.0
   -7.7500   -7.3640   -6.9770   -6.5460
       1.71e-06       4.35e-06       7.28e-06       9.00e-06
10.05
   -7.5640   -7.3670   -6.8120   -6.5400
       1.36e-06       3.99e-06       6.96e-06       7.98e-06
10.15
   -7.2760   -7.2460   -6.8410   -6.6510
       1.03e-06       3.00e-06       5.22e-06       5.98e-06
