  5.5
    6.1480    6.5100    6.8400    7.2560    7.6670    8.1830    8.4610    8.8670    9.1530    9.6950   10.2430
       7.20e-02       1.58e-01       2.62e-01       3.95e-01       5.74e-01       7.43e-01       8.68e-01       9.80e-01       1.07e+00       1.17e+00       1.22e+00
 5.55
    6.1480    6.5100    6.8400    7.2560    7.6670    8.1830    8.4610    8.8670    9.1530    9.6950   10.2430
       7.20e-02       1.58e-01       2.62e-01       3.95e-01       5.74e-01       7.43e-01       8.68e-01       9.80e-01       1.07e+00       1.17e+00       1.22e+00
  5.6
    6.1480    6.5100    6.8400    7.2560    7.6670    8.1830    8.4610    8.8670    9.1530    9.6950   10.2430
       7.20e-02       1.58e-01       2.62e-01       3.95e-01       5.74e-01       7.43e-01       8.68e-01       9.80e-01       1.07e+00       1.17e+00       1.22e+00
 5.65
    6.1480    6.5100    6.8400    7.2560    7.6670    8.1830    8.4610    8.8670    9.1530    9.6950   10.2430
       7.20e-02       1.58e-01       2.62e-01       3.95e-01       5.74e-01       7.43e-01       8.68e-01       9.80e-01       1.07e+00       1.17e+00       1.22e+00
  5.7
    6.1480    6.5100    6.8400    7.2560    7.6670    8.1830    8.4610    8.8670    9.1530    9.6950   10.2430
       7.20e-02       1.58e-01       2.62e-01       3.95e-01       5.74e-01       7.43e-01       8.68e-01       9.80e-01       1.07e+00       1.17e+00       1.22e+00
 5.75
    6.1480    6.5100    6.8400    7.2560    7.6670    8.1830    8.4610    8.8670    9.1530    9.6950   10.2430
       7.20e-02       1.58e-01       2.62e-01       3.95e-01       5.74e-01       7.43e-01       8.68e-01       9.80e-01       1.07e+00       1.17e+00       1.22e+00
  5.8
    6.1480    6.5100    6.8400    7.2560    7.6670    8.1830    8.4610    8.8670    9.1530    9.6950   10.2430
       7.20e-02       1.58e-01       2.62e-01       3.95e-01       5.74e-01       7.43e-01       8.68e-01       9.80e-01       1.07e+00       1.17e+00       1.22e+00
 5.85
    6.1480    6.5100    6.8400    7.2560    7.6670    8.1830    8.4610    8.8670    9.1530    9.6950   10.2430
       7.20e-02       1.58e-01       2.62e-01       3.95e-01       5.74e-01       7.43e-01       8.68e-01       9.80e-01       1.07e+00       1.17e+00       1.22e+00
  5.9
    6.1480    6.5100    6.8400    7.2560    7.6670    8.1830    8.4610    8.8670    9.1530    9.6950   10.2430
       7.20e-02       1.58e-01       2.62e-01       3.95e-01       5.74e-01       7.43e-01       8.68e-01       9.80e-01       1.07e+00       1.17e+00       1.22e+00
 5.95
    6.1480    6.5100    6.8400    7.2560    7.6670    8.1830    8.4610    8.8670    9.1530    9.6950   10.2430
       7.20e-02       1.58e-01       2.62e-01       3.95e-01       5.74e-01       7.43e-01       8.68e-01       9.80e-01       1.07e+00       1.17e+00       1.22e+00
  6.0
    6.1480    6.5100    6.8400    7.2560    7.6670    8.1830    8.4610    8.8670    9.1530    9.6950   10.2430
       7.20e-02       1.58e-01       2.62e-01       3.95e-01       5.74e-01       7.43e-01       8.68e-01       9.80e-01       1.07e+00       1.17e+00       1.22e+00
 6.05
    6.1480    6.5100    6.8400    7.2560    7.6670    8.1830    8.4610    8.8670    9.1530    9.6950   10.2430
       7.20e-02       1.58e-01       2.62e-01       3.95e-01       5.74e-01       7.43e-01       8.68e-01       9.80e-01       1.07e+00       1.17e+00       1.22e+00
  6.1
    6.1480    6.5100    6.8400    7.2560    7.6670    8.1830    8.4610    8.8670    9.1530    9.6950   10.2430
       7.20e-02       1.58e-01       2.62e-01       3.95e-01       5.74e-01       7.43e-01       8.68e-01       9.80e-01       1.07e+00       1.17e+00       1.22e+00
 6.15
    6.1480    6.5100    6.8400    7.2560    7.6670    8.1830    8.4610    8.8670    9.1530    9.6950   10.2430
       7.20e-02       1.58e-01       2.62e-01       3.95e-01       5.74e-01       7.43e-01       8.68e-01       9.80e-01       1.07e+00       1.17e+00       1.22e+00
  6.2
    6.1480    6.5100    6.8400    7.2560    7.6670    8.1830    8.4610    8.8670    9.1530    9.6950   10.2430
       7.20e-02       1.58e-01       2.62e-01       3.95e-01       5.74e-01       7.43e-01       8.68e-01       9.80e-01       1.07e+00       1.17e+00       1.22e+00
 6.25
    6.1480    6.5100    6.8400    7.2560    7.6670    8.1830    8.4610    8.8670    9.1530    9.6950   10.2430
       7.20e-02       1.58e-01       2.62e-01       3.95e-01       5.74e-01       7.43e-01       8.68e-01       9.80e-01       1.07e+00       1.17e+00       1.22e+00
  6.3
    6.1480    6.5100    6.8400    7.2560    7.6670    8.1830    8.4610    8.8670    9.1530    9.6950   10.2430
       7.20e-02       1.58e-01       2.62e-01       3.95e-01       5.74e-01       7.43e-01       8.68e-01       9.80e-01       1.07e+00       1.17e+00       1.22e+00
 6.35
    6.1480    6.5100    6.8400    7.2560    7.6670    8.1830    8.4610    8.8670    9.1530    9.6950   10.2430
       7.20e-02       1.58e-01       2.62e-01       3.95e-01       5.74e-01       7.43e-01       8.68e-01       9.80e-01       1.07e+00       1.17e+00       1.22e+00
  6.4
    6.1480    6.5100    6.8400    7.2560    7.6670    8.1830    8.4610    8.8670    9.1530    9.6950   10.2430
       7.20e-02       1.58e-01       2.62e-01       3.95e-01       5.74e-01       7.43e-01       8.68e-01       9.80e-01       1.07e+00       1.17e+00       1.22e+00
 6.45
    6.1480    6.5100    6.8400    7.2560    7.6670    8.1830    8.4610    8.8670    9.1530    9.6950   10.2430
       7.20e-02       1.58e-01       2.62e-01       3.95e-01       5.74e-01       7.43e-01       8.68e-01       9.80e-01       1.07e+00       1.17e+00       1.22e+00
  6.5
    6.1480    6.5100    6.8400    7.2560    7.6670    8.1830    8.4610    8.8670    9.1530    9.6950   10.2430
       7.20e-02       1.58e-01       2.62e-01       3.95e-01       5.74e-01       7.43e-01       8.68e-01       9.80e-01       1.07e+00       1.17e+00       1.22e+00
 6.55
    6.1480    6.5100    6.8400    7.2560    7.6670    8.1830    8.4610    8.8670    9.1530    9.6950   10.2430
       7.20e-02       1.58e-01       2.62e-01       3.95e-01       5.74e-01       7.43e-01       8.68e-01       9.80e-01       1.07e+00       1.17e+00       1.22e+00
  6.6
    6.1480    6.5100    6.8400    7.2560    7.6670    8.1830    8.4610    8.8670    9.1530    9.6950   10.2430
       7.20e-02       1.58e-01       2.62e-01       3.95e-01       5.74e-01       7.43e-01       8.68e-01       9.80e-01       1.07e+00       1.17e+00       1.22e+00
 6.65
    6.1480    6.5100    6.8400    7.2560    7.6670    8.1830    8.4610    8.8670    9.1530    9.6950   10.2430
       7.20e-02       1.58e-01       2.62e-01       3.95e-01       5.74e-01       7.43e-01       8.68e-01       9.80e-01       1.07e+00       1.17e+00       1.22e+00
  6.7
    6.1480    6.5100    6.8400    7.2560    7.6670    8.1830    8.4610    8.8670    9.1530    9.6950   10.2430
       7.20e-02       1.58e-01       2.62e-01       3.95e-01       5.74e-01       7.43e-01       8.68e-01       9.80e-01       1.07e+00       1.17e+00       1.22e+00
 6.75
    6.1480    6.5100    6.8400    7.2560    7.6670    8.1830    8.4610    8.8670    9.1530    9.6950   10.2430
       7.20e-02       1.58e-01       2.62e-01       3.95e-01       5.74e-01       7.43e-01       8.68e-01       9.80e-01       1.07e+00       1.17e+00       1.22e+00
  6.8
    6.1480    6.5100    6.8400    7.2560    7.6670    8.1830    8.4610    8.8670    9.1530    9.6950   10.2430
       7.20e-02       1.58e-01       2.62e-01       3.95e-01       5.74e-01       7.43e-01       8.68e-01       9.80e-01       1.07e+00       1.17e+00       1.22e+00
 6.85
    6.1480    6.5100    6.8400    7.2560    7.6670    8.1830    8.4610    8.8670    9.1530    9.6950   10.2430
       7.20e-02       1.58e-01       2.62e-01       3.95e-01       5.74e-01       7.43e-01       8.68e-01       9.80e-01       1.07e+00       1.17e+00       1.22e+00
  6.9
    6.1480    6.5100    6.8400    7.2560    7.6670    8.1830    8.4610    8.8670    9.1530    9.6950   10.2430
       7.20e-02       1.58e-01       2.62e-01       3.95e-01       5.74e-01       7.43e-01       8.68e-01       9.80e-01       1.07e+00       1.17e+00       1.22e+00
 6.95
    6.1480    6.5100    6.8400    7.2560    7.6670    8.1830    8.4610    8.8670    9.1530    9.6950   10.2430
       7.20e-02       1.58e-01       2.62e-01       3.95e-01       5.74e-01       7.43e-01       8.68e-01       9.80e-01       1.07e+00       1.17e+00       1.22e+00
  7.0
    6.1480    6.5100    6.8400    7.2560    7.6670    8.1830    8.4610    8.8670    9.1530    9.6950   10.2430
       7.20e-02       1.58e-01       2.62e-01       3.95e-01       5.74e-01       7.43e-01       8.68e-01       9.80e-01       1.07e+00       1.17e+00       1.22e+00
 7.05
  -11.0350  -10.6000    6.1480    6.5100    6.8400    7.2560    7.6670    8.1830    8.4610    8.8670    9.1530    9.6950   10.2430
       4.36e-06       1.02e-05       7.20e-02       1.58e-01       2.62e-01       3.95e-01       5.74e-01       7.44e-01       8.68e-01       9.80e-01       1.07e+00       1.17e+00       1.22e+00
  7.1
  -10.9750  -10.5040    6.1480    6.5100    6.8400    7.2560    7.6670    8.1830    8.4610    8.8670    9.1530    9.6950   10.2430
       3.49e-06       1.08e-05       7.20e-02       1.58e-01       2.62e-01       3.95e-01       5.74e-01       7.44e-01       8.68e-01       9.80e-01       1.07e+00       1.17e+00       1.22e+00
 7.15
  -10.9160  -10.4060  -10.3800  -10.3070    6.1480    6.5100    6.8400    7.2560    7.6670    8.1830    8.4610    8.8670    9.1530    9.6950   10.2430
       2.36e-06       9.71e-06       1.38e-05       1.48e-05       7.20e-02       1.58e-01       2.62e-01       3.95e-01       5.74e-01       7.44e-01       8.68e-01       9.80e-01       1.07e+00       1.17e+00       1.22e+00
  7.2
  -10.6650  -10.2380  -10.2370  -10.1270   -9.9570    6.1480    6.5100    6.8400    7.2560    7.6670    8.1830    8.4610    8.8670    9.1530    9.6950   10.2430
       1.21e-06       1.30e-05       1.09e-05       1.44e-05       3.22e-05       7.20e-02       1.58e-01       2.62e-01       3.95e-01       5.74e-01       7.44e-01       8.68e-01       9.80e-01       1.07e+00       1.17e+00       1.22e+00
 7.25
  -10.5110  -10.0680  -10.0370   -9.9460   -9.7850    6.1480    6.5100    6.8400    7.2560    7.6670    8.1830    8.4610    8.8670    9.1530    9.6950   10.2430
       1.43e-06       1.39e-05       1.64e-05       1.82e-05       4.10e-05       7.20e-02       1.58e-01       2.62e-01       3.95e-01       5.74e-01       7.44e-01       8.68e-01       9.80e-01       1.07e+00       1.17e+00       1.22e+00
  7.3
  -10.3590   -9.8980   -9.8350   -9.7480   -9.7320   -9.6120   -9.5650    6.1480    6.5100    6.8400    7.2560    7.6670    8.1830    8.4610    8.8670    9.1530    9.6950   10.2430
       1.70e-06       1.07e-05       1.37e-05       1.57e-05       2.88e-05       4.94e-05       4.98e-05       7.20e-02       1.58e-01       2.62e-01       3.95e-01       5.74e-01       7.44e-01       8.68e-01       9.80e-01       1.07e+00       1.17e+00       1.22e+00
 7.35
  -10.2890  -10.1410   -9.9820   -9.8620   -9.7070   -9.6810   -9.5960   -9.5840   -9.5250   -9.4940    6.1480    6.5100    6.8400    7.2560    7.6670    8.1830    8.4610    8.8670    9.1530    9.6950   10.2430
       5.76e-07       1.68e-06       2.59e-06       3.50e-06       4.43e-06       2.21e-05       2.26e-05       2.29e-05       2.45e-05       2.69e-05       7.20e-02       1.58e-01       2.62e-01       3.95e-01       5.74e-01       7.44e-01       8.68e-01       9.80e-01       1.07e+00       1.17e+00       1.22e+00
  7.4
  -10.1120   -9.9640   -9.8140   -9.6950   -9.5450   -9.4630   -9.4340   -9.4210   -9.3540   -9.2390    6.1480    6.5100    6.8400    7.2560    7.6670    8.1830    8.4610    8.8670    9.1530    9.6950   10.2430
       6.52e-07       1.90e-06       2.94e-06       3.96e-06       5.01e-06       2.57e-05       2.63e-05       2.66e-05       2.84e-05       3.13e-05       7.20e-02       1.58e-01       2.62e-01       3.95e-01       5.74e-01       7.44e-01       8.68e-01       9.80e-01       1.07e+00       1.17e+00       1.22e+00
 7.45
   -9.9350   -9.7890   -9.6450   -9.5290   -9.3820   -9.2710   -9.2580   -9.2460   -9.1840    6.1480    6.5100    6.8400    7.2560    7.6670    8.1830    8.4610    8.8670    9.1530    9.6950   10.2430
       7.37e-07       2.14e-06       3.32e-06       4.47e-06       5.66e-06       6.26e-06       6.64e-06       3.08e-05       3.28e-05       7.20e-02       1.58e-01       2.62e-01       3.95e-01       5.74e-01       7.44e-01       8.68e-01       9.80e-01       1.07e+00       1.17e+00       1.22e+00
  7.5
   -9.7560   -9.6130   -9.4780   -9.3640   -9.2210   -9.1090   -9.0940   -9.0290   -9.0130    6.1480    6.5100    6.8400    7.2560    7.6670    8.1830    8.4610    8.8670    9.1530    9.6950   10.2430
       8.32e-07       2.42e-06       3.74e-06       5.05e-06       6.39e-06       7.07e-06       7.50e-06       3.55e-05       3.78e-05       7.20e-02       1.58e-01       2.62e-01       3.95e-01       5.74e-01       7.44e-01       8.68e-01       9.80e-01       1.07e+00       1.17e+00       1.22e+00
  7.6
   -9.3890   -9.1290   -8.8510    6.1480    6.5100    6.8400    7.2560    7.6670    8.1830    8.4610    8.8670    9.1530    9.6950   10.2430
       1.51e-06       4.55e-06       7.53e-06       7.20e-02       1.58e-01       2.62e-01       3.95e-01       5.74e-01       7.43e-01       8.68e-01       9.80e-01       1.07e+00       1.17e+00       1.22e+00
 7.65
   -9.2220   -8.9630   -8.6990    6.1470    6.5100    6.8400    7.2560    7.6670    8.1830    8.4610    8.8670    9.1530    9.6950   10.2430
       1.56e-06       4.69e-06       7.77e-06       7.20e-02       1.58e-01       2.62e-01       3.95e-01       5.74e-01       7.43e-01       8.68e-01       9.80e-01       1.07e+00       1.17e+00       1.22e+00
  7.7
   -9.0570   -8.8000   -8.5480    6.1470    6.5100    6.8400    7.2560    7.6670    8.1830    8.4610    8.8670    9.1530    9.6950   10.2430
       1.60e-06       4.83e-06       8.00e-06       7.20e-02       1.58e-01       2.62e-01       3.95e-01       5.74e-01       7.43e-01       8.68e-01       9.80e-01       1.07e+00       1.17e+00       1.22e+00
 7.75
   -8.8900   -8.6340   -8.3950    6.1470    6.5100    6.8400    7.2560    7.6670    8.1830    8.4610    8.8670    9.1530    9.6950   10.2430
       1.64e-06       4.96e-06       8.21e-06       7.20e-02       1.58e-01       2.62e-01       3.95e-01       5.74e-01       7.44e-01       8.68e-01       9.80e-01       1.07e+00       1.17e+00       1.22e+00
 7.85
   -8.6500   -8.4320   -8.2210    6.1470    6.5100    6.8400    7.2560    7.6670    8.1830    8.4610    8.8670    9.1530    9.6950   10.2430
       1.24e-06       3.87e-06       7.06e-06       7.20e-02       1.58e-01       2.62e-01       3.95e-01       5.74e-01       7.43e-01       8.68e-01       9.80e-01       1.07e+00       1.17e+00       1.22e+00
  7.9
   -8.5530   -8.5470   -8.5460   -8.3970   -8.2560   -8.1220    6.1470    6.5100    6.8400    7.2560    7.6670    8.1830    8.4610    8.8670    9.1530    9.6950   10.2430
       1.45e-06       2.41e-06       2.93e-06       4.74e-06       6.39e-06       8.24e-06       7.20e-02       1.58e-01       2.62e-01       3.95e-01       5.74e-01       7.44e-01       8.68e-01       9.80e-01       1.07e+00       1.17e+00       1.22e+00
 7.95
   -8.6420   -8.6150   -8.6020   -8.3760   -8.2170   -8.0450    6.1470    6.5100    6.8400    7.2560    7.6670    8.1830    8.4610    8.8670    9.1530    9.6950   10.2430
       6.14e-07       2.31e-06       3.45e-06       5.57e-06       7.51e-06       9.69e-06       7.20e-02       1.58e-01       2.62e-01       3.95e-01       5.74e-01       7.44e-01       8.68e-01       9.80e-01       1.07e+00       1.17e+00       1.22e+00
  8.0
   -8.7390   -8.6750   -8.6550   -8.3570   -8.1790   -7.9680    6.1470    6.5100    6.8400    7.2550    7.6670    8.1830    8.4610    8.8670    9.1530    9.6950   10.2430
       7.15e-07       2.70e-06       4.02e-06       6.50e-06       8.76e-06       1.13e-05       7.20e-02       1.58e-01       2.62e-01       3.95e-01       5.74e-01       7.44e-01       8.68e-01       9.80e-01       1.07e+00       1.17e+00       1.22e+00
 8.05
   -8.8370   -8.7350   -8.7110   -8.3360   -8.1410   -7.8910    6.1470    6.5090    6.8390    7.2550    7.6660    8.1830    8.4610    8.8670    9.1530    9.6950   10.2430
       8.29e-07       3.12e-06       4.65e-06       7.53e-06       1.01e-05       1.31e-05       7.20e-02       1.58e-01       2.62e-01       3.95e-01       5.74e-01       7.44e-01       8.68e-01       9.80e-01       1.07e+00       1.17e+00       1.22e+00
  8.1
  -13.7110  -13.7010  -13.7000  -13.6720  -13.6600  -13.6390  -13.6080  -13.6020  -13.5630  -13.5340  -13.5260  -13.4890  -13.4540  -13.4400  -13.4200  -13.3860  -13.3540  -13.3210  -13.2890  -13.2580  -13.2080  -13.1010  -12.9870  -12.9550  -12.8680  -10.4390  -10.2740   -9.9430   -9.3760   -9.0640   -9.0640   -8.8510   -8.7520   -8.7330   -8.7230   -8.7200   -8.6730   -8.4960   -8.2290   -8.0280   -7.8240   -7.6140    6.1470    6.5090    6.8390    7.2550    7.6660    8.1830    8.4610    8.8670    9.1530    9.6950   10.2430
       6.64e-08       1.99e-07       1.33e-07       2.66e-07       3.31e-07       3.99e-07       5.32e-07       4.68e-07       6.01e-07       7.34e-07       6.70e-07       8.04e-07       8.74e-07       1.01e-06       9.44e-07       1.08e-06       1.15e-06       1.22e-06       1.29e-06       1.36e-06       1.43e-06       1.50e-06       1.58e-06       1.63e-06       1.62e-06       1.69e-06       1.77e-06       1.88e-06       2.66e-06       3.43e-06       3.43e-06       4.06e-06       5.32e-06       5.80e-06       6.38e-06       6.72e-06       8.12e-06       1.01e-05       1.26e-05       1.48e-05       1.71e-05       1.99e-05       7.20e-02       1.58e-01       2.62e-01       3.95e-01       5.74e-01       7.44e-01       8.68e-01       9.80e-01       1.07e+00       1.17e+00       1.22e+00
 8.15
  -13.5800  -13.5750  -13.5610  -13.5550  -13.5280  -13.5170  -13.4960  -13.4630  -13.4610  -13.4300  -13.3990  -13.3840  -13.3700  -13.3410  -13.3120  -13.2820  -13.2560  -13.2300  -13.2050  -13.1720  -13.0880  -12.9660  -12.8870  -12.6790  -10.3970  -10.2160  -10.0550   -9.7840   -9.2930   -9.0590   -9.0540   -8.8430   -8.7680   -8.6650   -8.6360   -8.6350   -8.6110   -8.4230   -8.1740   -7.9160   -7.6880   -7.4560    6.1470    6.5090    6.8390    7.2550    7.6660    8.1820    8.4610    8.8670    9.1530    9.6950   10.2430
       9.62e-08       1.93e-07       3.86e-07       2.91e-07       4.85e-07       5.79e-07       6.78e-07       7.78e-07       8.72e-07       9.72e-07       1.07e-06       1.27e-06       1.17e-06       1.37e-06       1.47e-06       1.57e-06       1.68e-06       1.78e-06       1.88e-06       1.99e-06       2.09e-06       2.19e-06       2.25e-06       2.33e-06       2.42e-06       2.51e-06       2.61e-06       2.72e-06       3.49e-06       3.95e-06       4.30e-06       5.02e-06       6.46e-06       7.12e-06       8.73e-06       9.11e-06       9.66e-06       1.19e-05       1.48e-05       1.72e-05       1.99e-05       2.31e-05       7.20e-02       1.58e-01       2.62e-01       3.95e-01       5.74e-01       7.44e-01       8.68e-01       9.80e-01       1.07e+00       1.17e+00       1.22e+00
  8.2
  -13.4480  -13.4440  -13.4430  -13.4330  -13.4280  -13.4200  -13.4030  -13.4010  -13.3850  -13.3770  -13.3740  -13.3680  -13.3480  -13.3320  -13.3310  -13.3180  -13.2790  -13.2640  -13.2480  -13.2320  -13.2160  -13.2020  -13.1880  -13.1740  -13.1590  -13.1260  -13.0760  -13.0060  -12.9300  -12.8660  -12.7860   -9.9740   -9.6220   -9.1910   -9.0260   -9.0190   -9.0000   -8.7070   -8.6640   -8.6330   -8.5720   -8.5520   -8.5100   -8.2220   -8.0380   -7.7710   -7.4930    6.1470    6.5090    6.8390    7.2550    7.6660    8.1820    8.4610    8.8670    9.1530    9.6950   10.2430
       9.15e-08       1.83e-07       2.75e-07       3.66e-07       5.50e-07       5.50e-07       7.36e-07       8.27e-07       9.19e-07       7.36e-07       1.10e-06       1.01e-06       1.20e-06       1.65e-06       1.29e-06       1.38e-06       1.75e-06       1.84e-06       1.93e-06       2.03e-06       2.12e-06       2.22e-06       2.31e-06       2.41e-06       2.51e-06       2.60e-06       2.70e-06       2.79e-06       2.89e-06       2.97e-06       3.02e-06       3.34e-06       3.48e-06       4.19e-06       4.25e-06       4.56e-06       5.05e-06       5.66e-06       7.70e-06       7.99e-06       9.38e-06       9.62e-06       1.16e-05       1.39e-05       1.62e-05       1.89e-05       2.18e-05       7.20e-02       1.58e-01       2.62e-01       3.95e-01       5.74e-01       7.44e-01       8.68e-01       9.80e-01       1.07e+00       1.17e+00       1.22e+00
 8.25
  -13.3160  -13.3150  -13.3100  -13.3090  -13.3020  -13.2990  -13.2910  -13.2820  -13.2790  -13.2700  -13.2660  -13.2570  -13.2460  -13.2460  -13.2350  -13.2110  -13.2070  -13.2010  -13.1920  -13.1790  -13.1670  -13.1580  -13.1490  -13.1390  -13.1090  -13.0710  -13.0260  -12.9680  -12.8980  -12.7920  -12.6710   -9.9800   -9.6200   -9.1620   -8.9740   -8.9620   -8.9390   -8.5830   -8.5490   -8.5480   -8.5210   -8.5080   -8.4190   -8.0890   -7.8470   -7.5630   -7.2780    6.1470    6.5090    6.8390    7.2550    7.6660    8.1820    8.4610    8.8670    9.1530    9.6950   10.2430
       2.37e-07       2.37e-07       5.95e-07       4.77e-07       7.14e-07       9.50e-07       9.50e-07       1.31e-06       1.07e-06       1.19e-06       1.79e-06       1.43e-06       1.55e-06       1.67e-06       2.26e-06       1.91e-06       4.77e-07       2.38e-06       2.50e-06       2.62e-06       2.74e-06       2.87e-06       2.99e-06       3.11e-06       3.24e-06       3.36e-06       3.48e-06       3.61e-06       3.73e-06       3.83e-06       3.90e-06       4.32e-06       4.52e-06       5.48e-06       5.54e-06       5.97e-06       6.52e-06       8.81e-06       9.13e-06       1.07e-05       1.10e-05       1.17e-05       1.39e-05       1.64e-05       1.90e-05       2.21e-05       2.54e-05       7.20e-02       1.58e-01       2.62e-01       3.95e-01       5.74e-01       7.44e-01       8.68e-01       9.80e-01       1.07e+00       1.17e+00       1.22e+00
  8.3
  -13.1860  -13.1830  -13.1730  -13.1650  -13.1570  -13.1370  -13.1190  -13.0960  -12.9910  -12.7510   -9.9910   -9.4710   -8.9250   -8.9180   -8.8590   -8.5250   -8.5160   -8.5010   -8.4620   -8.4020   -8.3600   -8.3290   -8.1540   -7.9500   -7.7300   -7.5310   -7.2670    6.1470    6.5090    6.8390    7.2550    7.6660    8.1820    8.4610    8.8670    9.1530    9.6950   10.2430
       4.26e-07       8.48e-07       1.28e-06       1.71e-06       2.76e-06       2.14e-06       3.20e-06       3.64e-06       4.08e-06       4.43e-06       5.08e-06       5.43e-06       5.54e-06       6.44e-06       6.84e-06       7.40e-06       8.86e-06       1.01e-05       1.14e-05       1.23e-05       1.25e-05       1.39e-05       1.55e-05       1.72e-05       1.91e-05       2.14e-05       2.46e-05       7.20e-02       1.58e-01       2.62e-01       3.95e-01       5.74e-01       7.44e-01       8.68e-01       9.80e-01       1.07e+00       1.17e+00       1.22e+00
 8.35
  -13.0770  -13.0770  -13.0760  -13.0650  -13.0630  -13.0560  -13.0470  -12.9700  -12.6880  -10.2690   -9.9790   -9.5120   -8.8770   -8.8720   -8.7770   -8.4780   -8.4690   -8.4060   -8.3440   -8.3090   -8.3070   -8.1300   -7.9320   -7.7080   -7.4820   -7.2760    6.1460    6.5080    6.8380    7.2540    7.6660    8.1820    8.4610    8.8670    9.1530    9.6950   10.2430
       4.44e-07       1.77e-06       8.84e-07       3.10e-06       1.77e-06       2.22e-06       2.67e-06       3.55e-06       3.91e-06       4.55e-06       5.39e-06       5.99e-06       6.15e-06       7.62e-06       8.08e-06       8.72e-06       1.04e-05       1.18e-05       1.28e-05       1.43e-05       1.46e-05       1.62e-05       1.79e-05       1.99e-05       2.20e-05       2.47e-05       7.20e-02       1.58e-01       2.62e-01       3.95e-01       5.74e-01       7.44e-01       8.68e-01       9.80e-01       1.07e+00       1.17e+00       1.22e+00
  8.4
  -12.9910  -12.9480  -12.6480  -10.4700  -10.3880  -10.3350  -10.2800  -10.2370  -10.1870  -10.1220   -9.9680   -9.5520   -8.8300   -8.8250   -8.6940   -8.4320   -8.4220   -8.3110   -8.2860   -8.2530   -8.1570   -7.9320   -7.7090   -7.4680   -7.2350   -7.0220    6.1460    6.5080    6.8380    7.2540    7.6660    8.1820    8.4610    8.8670    9.1530    9.6950   10.2430
       4.61e-07       9.21e-07       1.29e-06       1.75e-06       2.20e-06       2.65e-06       3.11e-06       3.55e-06       4.00e-06       4.65e-06       5.70e-06       6.61e-06       6.81e-06       8.94e-06       9.46e-06       1.02e-05       1.21e-05       1.36e-05       1.48e-05       1.52e-05       1.68e-05       1.86e-05       2.06e-05       2.29e-05       2.53e-05       2.84e-05       7.20e-02       1.58e-01       2.62e-01       3.95e-01       5.74e-01       7.44e-01       8.68e-01       9.80e-01       1.07e+00       1.17e+00       1.22e+00
 8.45
  -12.4420  -12.4360  -12.4300  -12.4020  -12.3640  -12.3150  -12.2770  -12.2340  -12.0640  -10.4690  -10.4460  -10.4270  -10.3950  -10.3670  -10.3470  -10.3040  -10.2530  -10.1560  -10.1330  -10.0140   -9.9210   -9.9000   -9.7670   -9.7020   -9.5180   -9.1660   -8.7300   -8.7270   -8.4790   -8.2780   -8.2220   -8.2110   -8.1670   -7.7980   -7.5210   -7.2670   -7.0300    6.1460    6.5080    6.8380    7.2540    7.6660    8.1820    8.4610    8.8670    9.1530    9.6950   10.2430
       1.39e-07       2.76e-07       4.13e-07       5.49e-07       7.95e-07       6.83e-07       9.28e-07       9.92e-07       1.10e-06       1.87e-06       1.87e-06       1.87e-06       1.87e-06       2.52e-06       2.52e-06       2.95e-06       3.52e-06       4.24e-06       4.95e-06       4.81e-06       5.23e-06       5.57e-06       5.98e-06       6.50e-06       7.13e-06       7.54e-06       7.83e-06       8.94e-06       9.70e-06       1.11e-05       1.23e-05       1.33e-05       1.56e-05       1.82e-05       2.04e-05       2.28e-05       2.54e-05       7.20e-02       1.58e-01       2.62e-01       3.95e-01       5.74e-01       7.44e-01       8.68e-01       9.80e-01       1.07e+00       1.17e+00       1.22e+00
  8.5
  -12.4430  -12.3940  -12.3880  -12.3260  -12.3240  -12.3170  -12.3120  -12.3050  -12.2980  -12.2940  -12.2900  -12.2860  -12.2810  -12.2750  -12.2690  -12.2550  -12.1150  -10.2130  -10.0650  -10.0260   -9.7640   -9.7080   -9.5730   -9.5020   -9.3130   -8.9890   -8.5170   -8.5070   -8.2750   -8.0290   -7.9940   -7.9770   -7.8100   -7.4160   -7.1740   -6.9510    6.1460    6.5080    6.8380    7.2530    7.6650    8.1820    8.4610    8.8670    9.1530    9.6950   10.2430
       1.51e-07       2.64e-06       4.03e-06       1.98e-06       3.57e-06       1.02e-06       1.02e-06       1.98e-06       2.27e-06       2.64e-06       2.83e-06       3.02e-06       3.21e-06       3.39e-06       3.76e-06       3.94e-06       4.16e-06       5.13e-06       5.90e-06       6.68e-06       7.07e-06       7.52e-06       8.06e-06       8.76e-06       9.61e-06       1.02e-05       1.05e-05       1.19e-05       1.28e-05       1.40e-05       1.53e-05       1.69e-05       1.94e-05       2.23e-05       2.49e-05       2.76e-05       7.20e-02       1.58e-01       2.62e-01       3.95e-01       5.74e-01       7.44e-01       8.68e-01       9.80e-01       1.07e+00       1.17e+00       1.22e+00
 8.55
  -12.4260  -12.4240  -12.4230  -12.3960  -12.3850  -12.3660  -12.3570  -12.3500  -12.3430  -12.3350  -12.3270  -12.3210  -12.3040  -12.2860  -12.2720  -12.2670  -12.2320  -12.1930  -10.0090   -9.9490   -9.6110   -9.5180   -9.3770   -9.3180   -9.1100   -8.8120   -8.3040   -8.2850   -8.0720   -7.8430   -7.7560   -7.6560   -7.4380   -7.0330   -6.8270    6.1460    6.5070    6.8370    7.2530    7.6650    8.1820    8.4610    8.8670    9.1530    9.6950   10.2430
       6.70e-07       6.70e-07       1.97e-07       1.27e-06       9.10e-07       1.27e-06       1.51e-06       1.75e-06       2.00e-06       2.25e-06       2.50e-06       2.87e-06       3.37e-06       3.87e-06       6.45e-06       4.51e-06       5.27e-06       6.29e-06       8.73e-06       7.46e-06       9.23e-06       9.83e-06       1.05e-05       1.14e-05       1.25e-05       1.32e-05       1.36e-05       1.54e-05       1.63e-05       1.77e-05       1.92e-05       2.10e-05       2.38e-05       2.71e-05       3.00e-05       7.20e-02       1.58e-01       2.62e-01       3.95e-01       5.74e-01       7.44e-01       8.68e-01       9.80e-01       1.07e+00       1.17e+00       1.22e+00
  8.6
  -12.4260  -12.4000  -12.3990  -12.3970  -12.3960  -12.3950  -12.3920  -12.3910  -12.3890  -12.3890  -12.3880  -12.3850  -12.3810  -12.3730  -12.3640  -12.3490  -12.3070  -12.2650  -12.1510   -9.4580   -9.3920   -9.3260   -9.1990   -9.1360   -8.9040   -8.6350   -8.0900   -8.0640   -7.8690   -7.6490   -7.5130   -7.3300   -7.0670   -6.6500    6.1450    6.5070    6.8370    7.2530    7.6650    8.1820    8.4610    8.8670    9.1530    9.6950   10.2430
       3.87e-06       1.62e-06       1.00e-06       1.93e-06       1.62e-06       2.24e-06       2.55e-06       1.00e-06       1.46e-07       3.98e-07       2.87e-06       3.19e-06       3.67e-06       4.51e-06       5.15e-06       5.96e-06       6.93e-06       8.23e-06       9.85e-06       1.05e-05       1.18e-05       1.25e-05       1.34e-05       1.46e-05       1.60e-05       1.69e-05       1.73e-05       1.94e-05       2.05e-05       2.20e-05       2.37e-05       2.57e-05       2.89e-05       3.26e-05       7.20e-02       1.58e-01       2.62e-01       3.95e-01       5.74e-01       7.44e-01       8.68e-01       9.80e-01       1.07e+00       1.17e+00       1.22e+00
 8.65
  -12.3540  -12.3530  -12.3520  -12.3420  -12.3270  -12.2960  -12.2490  -12.1200   -9.3070   -9.2570   -9.1180   -9.0420   -9.0060   -8.9680   -8.9290   -8.7010   -8.4270   -7.8250   -7.8160   -7.6560   -7.4750   -7.3490   -7.0830   -6.7910   -6.5570    6.1450    6.5070    6.8360    7.2520    7.6640    8.1820    8.4610    8.8670    9.1530    9.6950   10.2430
       4.68e-07       1.89e-06       9.50e-07       2.87e-06       4.38e-06       6.44e-06       8.56e-06       1.07e-05       1.35e-05       1.24e-05       1.43e-05       1.49e-05       1.52e-05       1.55e-05       1.66e-05       1.81e-05       1.93e-05       1.97e-05       2.28e-05       2.34e-05       2.44e-05       2.66e-05       2.94e-05       3.19e-05       3.45e-05       7.20e-02       1.58e-01       2.62e-01       3.95e-01       5.74e-01       7.44e-01       8.68e-01       9.80e-01       1.07e+00       1.17e+00       1.22e+00
  8.7
  -12.3190  -12.3120  -12.3060  -12.2890  -12.2690  -12.2280  -12.1800  -12.0490   -9.1640   -9.1550   -9.0170   -8.9140   -8.8670   -8.8180   -8.7690   -8.4800   -8.1600   -7.5330   -7.5150   -7.3350   -7.0810   -7.0370   -6.7950   -6.5150    6.1450    6.5060    6.8360    7.2520    7.6640    8.1820    8.4610    8.8670    9.1530    9.6950   10.2430
       5.15e-07       1.04e-06       2.07e-06       3.16e-06       4.82e-06       7.10e-06       9.43e-06       1.18e-05       1.50e-05       1.37e-05       1.61e-05       1.68e-05       1.73e-05       1.77e-05       1.91e-05       2.12e-05       2.29e-05       2.32e-05       2.73e-05       2.80e-05       2.91e-05       3.14e-05       3.45e-05       3.73e-05       7.20e-02       1.58e-01       2.62e-01       3.95e-01       5.74e-01       7.44e-01       8.68e-01       9.80e-01       1.07e+00       1.17e+00       1.22e+00
 8.75
  -12.2830  -12.2720  -12.2600  -12.2350  -12.2100  -12.1610  -12.1060  -10.8010   -9.0650   -9.0560   -8.9170   -8.7850   -8.7280   -8.6670   -8.6080   -8.2580   -7.8920   -7.2280   -7.2060   -7.0140   -6.7270   -6.6880   -6.5040    6.1440    6.5060    6.8350    7.2510    7.6640    8.1810    8.4610    8.8670    9.1530    9.6950   10.2430
       5.68e-07       1.15e-06       2.28e-06       3.48e-06       5.31e-06       7.82e-06       1.04e-05       1.30e-05       1.51e-05       1.66e-05       1.81e-05       1.91e-05       1.96e-05       2.02e-05       2.20e-05       2.47e-05       2.69e-05       2.73e-05       3.24e-05       3.31e-05       3.57e-05       3.69e-05       4.03e-05       7.20e-02       1.58e-01       2.62e-01       3.95e-01       5.74e-01       7.44e-01       8.68e-01       9.80e-01       1.07e+00       1.17e+00       1.22e+00
  8.8
  -12.2470  -12.2310  -12.2130  -12.1820  -12.1520  -12.0930  -12.0310  -10.6540   -9.0490   -8.9120   -8.8170   -8.6570   -8.5890   -8.5170   -8.4470   -8.0350   -7.6200   -6.9220   -6.8950   -6.6930   -6.4160   -6.2940    6.1440    6.5050    6.8350    7.2510    7.6640    8.1820    8.4610    8.8670    9.1530    9.6950   10.2430
       6.26e-07       1.26e-06       2.51e-06       3.83e-06       5.85e-06       8.61e-06       1.15e-05       1.44e-05       1.66e-05       1.85e-05       2.04e-05       2.16e-05       2.23e-05       2.30e-05       2.53e-05       2.87e-05       3.15e-05       3.19e-05       3.81e-05       3.89e-05       4.18e-05       4.32e-05       7.20e-02       1.58e-01       2.62e-01       3.95e-01       5.74e-01       7.44e-01       8.68e-01       9.80e-01       1.07e+00       1.17e+00       1.22e+00
 8.85
  -12.2010  -12.1850  -12.1600  -12.1190  -12.0790  -12.0400  -12.0000  -11.9570   -9.7120   -8.8050   -8.8020   -8.5540   -8.4570   -8.3580   -8.2570   -7.9010   -7.4020   -6.6460   -6.6230   -6.4410    6.1430    6.5050    6.8340    7.2500    7.6630    8.1820    8.4610    8.8670    9.1530    9.6950   10.2430
       1.07e-06       1.85e-06       3.11e-06       4.80e-06       6.56e-06       8.36e-06       1.02e-05       1.31e-05       1.72e-05       2.25e-05       2.03e-05       2.42e-05       2.53e-05       2.64e-05       2.88e-05       3.28e-05       3.67e-05       3.71e-05       4.51e-05       4.59e-05       7.20e-02       1.58e-01       2.62e-01       3.95e-01       5.74e-01       7.44e-01       8.68e-01       9.80e-01       1.07e+00       1.17e+00       1.22e+00
  8.9
  -12.1420  -12.1320  -12.1090  -12.0650  -12.0230  -11.9810  -11.9370  -11.8890   -9.2770   -8.7770   -8.6490   -8.3980   -8.2920   -8.1820   -8.0710   -7.6870   -7.1730   -6.4220   -6.3870   -6.2600    6.1430    6.5040    6.8330    7.2490    7.6620    8.1820    8.4610    8.8670    9.1530    9.6950   10.2430
       1.04e-06       1.81e-06       3.04e-06       4.69e-06       6.41e-06       8.17e-06       1.00e-05       1.28e-05       1.68e-05       2.00e-05       2.23e-05       2.41e-05       2.54e-05       2.65e-05       2.91e-05       3.34e-05       3.76e-05       3.80e-05       4.63e-05       4.71e-05       7.20e-02       1.58e-01       2.62e-01       3.95e-01       5.74e-01       7.44e-01       8.68e-01       9.80e-01       1.07e+00       1.17e+00       1.22e+00
 8.95
  -12.0820  -12.0800  -12.0570  -12.0110  -11.9670  -11.9210  -11.8740  -10.8600   -8.9830   -8.6860   -8.4680   -8.2410   -8.1270   -8.0070   -7.8850   -7.4710   -6.9440   -6.1970   -6.1500   -6.0770    6.1420    6.5030    6.8330    7.2490    7.6620    8.1820    8.4610    8.8670    9.1530    9.6950   10.2430
       1.74e-06       7.35e-07       2.91e-06       4.51e-06       6.15e-06       7.84e-06       9.59e-06       1.23e-05       1.61e-05       1.93e-05       2.18e-05       2.38e-05       2.51e-05       2.64e-05       2.91e-05       3.37e-05       3.82e-05       3.87e-05       4.72e-05       4.81e-05       7.20e-02       1.58e-01       2.62e-01       3.95e-01       5.74e-01       7.44e-01       8.68e-01       9.80e-01       1.07e+00       1.17e+00       1.22e+00
  9.0
  -12.0490  -12.0430  -12.0070  -11.9570  -11.9080  -11.8560  -11.7980   -9.8770   -8.6360   -8.6220   -8.3920   -8.3000   -8.2020   -8.0980   -7.9850   -7.7380   -7.3080   -6.8390   -6.0330   -6.0020    6.1420    6.5030    6.8320    7.2480    7.6620    8.1810    8.4610    8.8670    9.1530    9.6950   10.2430
       9.20e-07       1.66e-06       2.95e-06       4.55e-06       6.22e-06       7.96e-06       9.79e-06       1.27e-05       1.57e-05       1.79e-05       1.97e-05       2.09e-05       2.21e-05       2.34e-05       2.54e-05       2.90e-05       3.37e-05       3.87e-05       4.08e-05       5.11e-05       7.20e-02       1.58e-01       2.62e-01       3.95e-01       5.74e-01       7.44e-01       8.68e-01       9.80e-01       1.07e+00       1.17e+00       1.22e+00
 9.05
  -12.0590  -12.0330  -11.9830  -11.9330  -11.8850  -11.8330  -11.7760  -10.2490   -8.6040   -8.5790   -8.3870   -8.2820   -8.1710   -8.0540   -7.9270   -7.6660   -7.2170   -6.7550   -5.9660   -5.9450    6.1410    6.5020    6.8310    7.2470    7.6610    8.1810    8.4610    8.8670    9.1530    9.6950   10.2430
       8.19e-07       1.48e-06       2.63e-06       4.04e-06       5.53e-06       7.08e-06       8.70e-06       1.13e-05       1.62e-05       1.40e-05       1.82e-05       1.96e-05       2.10e-05       2.25e-05       2.47e-05       2.89e-05       3.43e-05       4.00e-05       4.20e-05       5.33e-05       7.20e-02       1.58e-01       2.62e-01       3.95e-01       5.74e-01       7.44e-01       8.68e-01       9.80e-01       1.07e+00       1.17e+00       1.22e+00
  9.1
  -12.0380  -11.9940  -11.9380  -11.8980  -11.8580  -11.8170  -11.8150  -11.7160   -8.9540   -8.5820   -8.5160   -8.3490   -8.2220   -8.0860   -7.7900   -7.3030   -6.8080   -5.8750   -5.8590   -5.8520    6.1400    6.5000    6.8290    7.2460    7.6610    8.1810    8.4610    8.8670    9.1530    9.6950   10.2430
       4.68e-07       1.22e-06       2.23e-06       3.29e-06       5.05e-06       5.05e-06       6.85e-06       9.43e-06       1.22e-05       1.45e-05       1.63e-05       1.80e-05       1.99e-05       2.27e-05       2.81e-05       3.50e-05       4.34e-05       4.35e-05       6.12e-05       6.34e-05       7.20e-02       1.58e-01       2.62e-01       3.95e-01       5.74e-01       7.44e-01       8.68e-01       9.80e-01       1.07e+00       1.17e+00       1.22e+00
 9.15
  -12.0150  -11.9790  -11.9390  -11.8930  -11.8530  -11.8090  -11.7610  -10.3050   -8.5500   -8.4570   -8.3190   -8.1770   -8.0240   -7.8640   -7.5460   -7.0660   -7.0480   -6.3970   -5.6870   -5.6670    6.1390    6.5000    6.8280    7.2440    7.6600    8.1820    8.4610    8.8670    9.1530    9.6950   10.2430
       6.25e-07       1.07e-06       1.79e-06       2.76e-06       3.77e-06       4.85e-06       6.57e-06       9.04e-06       1.17e-05       1.41e-05       1.61e-05       1.82e-05       2.03e-05       2.37e-05       2.95e-05       3.35e-05       5.40e-05       8.97e-05       9.02e-05       9.67e-05       7.21e-02       1.58e-01       2.62e-01       3.95e-01       5.74e-01       7.44e-01       8.68e-01       9.80e-01       1.07e+00       1.17e+00       1.22e+00
  9.2
  -11.9010  -11.8460  -11.7970  -11.7470  -11.6910  -11.5110  -10.0810   -8.7140   -8.5340   -8.5330   -8.3780   -8.1900   -8.0000   -7.5750   -7.1250   -6.5840   -6.3160   -6.3050   -6.1710   -5.8960   -5.8710   -5.8430   -5.6300   -5.6210    6.1380    6.4980    6.8270    7.2430    7.6590    8.1810    8.4610    8.8670    9.1530    9.6950   10.2430
       8.70e-07       1.80e-06       2.78e-06       3.83e-06       5.54e-06       6.36e-06       6.96e-06       9.44e-06       1.29e-05       1.09e-05       1.49e-05       1.73e-05       2.11e-05       2.63e-05       3.19e-05       3.50e-05       3.51e-05       3.56e-05       3.89e-05       3.94e-05       4.62e-05       5.15e-05       5.66e-05       6.95e-05       7.20e-02       1.58e-01       2.62e-01       3.95e-01       5.74e-01       7.44e-01       8.68e-01       9.80e-01       1.07e+00       1.17e+00       1.22e+00
 9.25
  -11.8430  -11.7650  -11.7620  -10.7600   -9.7940   -8.8940   -8.5620   -8.5320   -8.3770   -8.2260   -8.0150   -7.7920   -7.3180   -6.4870   -6.4600   -6.3830   -6.3140   -6.2810   -6.2450   -6.1620   -6.1030   -6.0730   -5.9180   -5.7770   -5.6740   -5.5050    6.1370    6.4970    6.8250    7.2410    7.6580    8.1810    8.4610    8.8670    9.1530    9.6950   10.2430
       8.01e-07       2.88e-06       2.13e-06       4.83e-06       5.33e-06       6.50e-06       8.10e-06       9.34e-06       1.06e-05       1.24e-05       1.45e-05       1.78e-05       2.26e-05       2.29e-05       3.11e-05       3.16e-05       3.20e-05       3.23e-05       3.30e-05       3.55e-05       3.61e-05       4.31e-05       4.70e-05       6.05e-05       6.41e-05       7.88e-05       7.20e-02       1.58e-01       2.62e-01       3.95e-01       5.74e-01       7.44e-01       8.68e-01       9.80e-01       1.07e+00       1.17e+00       1.22e+00
  9.3
  -11.8000  -11.7810  -11.6800  -10.0790   -8.8360   -8.8250   -8.5990   -8.4100   -8.2510   -8.0900   -7.9070   -7.7230   -7.3280   -6.6160   -6.5960   -6.5180   -6.4490   -6.4050   -6.3600   -6.3080   -6.2840   -6.2770   -6.0710   -5.9330   -5.8150   -5.6220   -5.5950   -5.3180    6.1350    6.4950    6.8230    7.2400    7.6560    8.1800    8.4610    8.8670    9.1530    9.6950   10.2430
       8.09e-07       1.56e-06       2.90e-06       3.41e-06       5.03e-06       6.99e-06       8.17e-06       9.42e-06       1.07e-05       1.22e-05       1.39e-05       1.63e-05       2.00e-05       2.02e-05       2.62e-05       2.66e-05       2.70e-05       2.72e-05       2.79e-05       2.85e-05       3.07e-05       3.81e-05       4.15e-05       5.56e-05       5.88e-05       7.42e-05       7.72e-05       9.38e-05       7.21e-02       1.58e-01       2.62e-01       3.95e-01       5.74e-01       7.44e-01       8.68e-01       9.80e-01       1.07e+00       1.17e+00       1.22e+00
 9.35
  -11.9240  -11.7930   -9.7920   -8.9260   -8.6450   -8.4470   -8.2870   -8.0940   -7.9080   -7.7270   -7.3620   -6.6890   -6.6740   -6.6450   -6.5080   -6.4800   -6.4750   -6.2130   -6.0860   -5.9690   -5.7380   -5.7240   -5.4770   -5.3970    6.1340    6.4930    6.8210    7.2380    7.6560    8.1800    8.4610    8.8670    9.1530    9.6950   10.2430
       5.92e-07       1.88e-06       3.78e-06       5.35e-06       6.50e-06       7.73e-06       9.03e-06       1.04e-05       1.18e-05       1.38e-05       1.67e-05       1.68e-05       2.14e-05       2.17e-05       2.23e-05       2.39e-05       3.16e-05       3.45e-05       4.92e-05       5.20e-05       6.80e-05       7.07e-05       7.35e-05       9.08e-05       7.21e-02       1.58e-01       2.62e-01       3.95e-01       5.74e-01       7.44e-01       8.68e-01       9.80e-01       1.07e+00       1.17e+00       1.22e+00
  9.4
  -11.4600  -11.3200   -8.8730   -8.6790   -8.4790   -8.3160   -8.1300   -7.7190   -7.3740   -6.7510   -6.7310   -6.6900   -6.6530   -6.6030   -6.4240   -6.2410   -6.2080   -5.9570   -5.8550   -5.7190   -5.4920   -5.4750   -5.2590    6.1320    6.4910    6.8190    7.2350    7.6540    8.1800    8.4610    8.8670    9.1530    9.6950   10.2430
       1.28e-06       3.14e-06       4.69e-06       5.83e-06       7.05e-06       8.36e-06       1.05e-05       1.32e-05       1.59e-05       1.60e-05       2.01e-05       2.08e-05       2.88e-05       2.91e-05       3.05e-05       4.59e-05       4.83e-05       5.09e-05       6.76e-05       6.99e-05       7.23e-05       9.03e-05       9.29e-05       7.21e-02       1.58e-01       2.62e-01       3.95e-01       5.74e-01       7.44e-01       8.68e-01       9.80e-01       1.07e+00       1.17e+00       1.22e+00
 9.45
  -11.7680   -9.3410   -8.7450   -8.5700   -8.3940   -8.2440   -8.0730   -7.7170   -7.4560   -6.9720   -6.9310   -6.8430   -6.8420   -6.7760   -6.6040   -6.5500   -6.3310   -6.3100   -6.0860   -6.0820   -5.8630   -5.8330   -5.6290   -5.5820   -5.3810   -5.3480    6.1300    6.4890    6.8160    7.2330    7.6520    8.1790    8.4610    8.8670    9.1530    9.6950   10.2430
       1.15e-06       2.82e-06       4.21e-06       5.23e-06       6.33e-06       7.51e-06       9.42e-06       1.18e-05       1.41e-05       1.42e-05       1.75e-05       1.86e-05       1.89e-05       2.36e-05       2.49e-05       3.21e-05       4.01e-05       4.26e-05       5.18e-05       5.43e-05       5.66e-05       6.64e-05       6.87e-05       7.92e-05       8.17e-05       9.36e-05       7.21e-02       1.58e-01       2.62e-01       3.95e-01       5.74e-01       7.44e-01       8.68e-01       9.80e-01       1.07e+00       1.17e+00       1.22e+00
  9.5
  -10.1030  -10.0420   -9.1880   -8.7330   -8.5500   -8.3590   -8.1990   -8.0180   -7.6540   -7.2460   -7.0350   -6.9880   -6.9730   -6.8850   -6.8100   -6.7410   -6.5570   -6.4180   -6.3280   -6.1850   -6.0700   -5.9680   -5.8080   -5.7290   -5.5520   -5.4770   -5.3020   -5.2140    6.1280    6.4860    6.8130    7.2300    7.6510    8.1790    8.4610    8.8670    9.1530    9.6950   10.2430
       3.81e-07       7.34e-07       1.85e-06       3.09e-06       4.01e-06       5.00e-06       6.06e-06       7.81e-06       9.81e-06       1.42e-05       1.43e-05       1.67e-05       1.70e-05       1.80e-05       2.27e-05       2.37e-05       3.08e-05       3.28e-05       4.08e-05       4.30e-05       5.22e-05       5.42e-05       6.40e-05       6.61e-05       7.65e-05       7.86e-05       9.04e-05       9.29e-05       7.21e-02       1.58e-01       2.62e-01       3.95e-01       5.74e-01       7.44e-01       8.68e-01       9.80e-01       1.07e+00       1.17e+00       1.22e+00
 9.55
   -9.7430   -9.6970   -9.0480   -8.6480   -8.4620   -8.2720   -8.1020   -7.9020   -7.5380   -7.1430   -6.9570   -6.9260   -6.9170   -6.8910   -6.7660   -6.7140   -6.4340   -6.4290   -6.2110   -6.1240   -5.9940   -5.8120   -5.7650   -5.5140   -5.4940   -5.2610   -5.1980    6.1250    6.4840    6.8100    7.2260    7.6490    8.1780    8.4610    8.8670    9.1530    9.6950   10.2430
       3.44e-07       7.12e-07       1.79e-06       2.98e-06       3.87e-06       4.83e-06       5.86e-06       7.55e-06       9.38e-06       1.29e-05       1.30e-05       1.50e-05       1.70e-05       1.72e-05       2.37e-05       2.47e-05       3.41e-05       3.59e-05       3.78e-05       4.82e-05       5.00e-05       6.15e-05       6.33e-05       6.52e-05       7.75e-05       7.97e-05       9.33e-05       7.21e-02       1.58e-01       2.62e-01       3.95e-01       5.74e-01       7.44e-01       8.68e-01       9.80e-01       1.07e+00       1.17e+00       1.22e+00
 9.65
   -9.6920   -8.6600   -8.4720   -8.2750   -7.9280   -7.5640   -7.3730   -6.9620   -6.9590   -6.7990   -6.7660   -6.7280   -6.6910   -6.4440   -6.3660   -6.1470   -6.1150   -5.9120   -5.7650   -5.6760   -5.4480   -5.4260   -5.1880   -5.1110    6.1190    6.4220    6.4770    6.8020    7.2190    7.6450    8.1770    8.4610    8.8670    9.1530    9.6950   10.2430
       9.41e-07       1.94e-06       2.69e-06       3.95e-06       5.84e-06       7.40e-06       8.56e-06       1.05e-05       1.34e-05       1.97e-05       1.98e-05       2.14e-05       2.24e-05       3.15e-05       3.33e-05       3.52e-05       4.51e-05       4.68e-05       5.77e-05       5.94e-05       7.11e-05       7.30e-05       7.52e-05       8.82e-05       6.64e-02       1.07e-01       1.58e-01       2.62e-01       3.95e-01       5.74e-01       7.44e-01       8.68e-01       9.80e-01       1.07e+00       1.17e+00       1.22e+00
  9.7
   -8.8210   -8.7370   -8.1390   -7.6700   -7.2330   -6.9870   -6.7720   -6.7420   -6.7410   -6.6690   -6.4490   -6.3660   -6.1540   -6.1430   -5.9080   -5.8640   -5.6610   -5.5650   -5.4230   -5.2640   -5.1860   -4.9680    6.1160    6.4730    6.7980    7.2150    7.6410    8.1770    8.4610    8.8670    9.1530    9.6950   10.2430
       2.00e-06       1.40e-06       4.09e-06       6.38e-06       8.53e-06       1.08e-05       1.66e-05       1.67e-05       1.87e-05       1.96e-05       2.69e-05       2.85e-05       3.61e-05       3.78e-05       3.94e-05       4.77e-05       4.93e-05       5.86e-05       6.02e-05       7.06e-05       7.25e-05       8.40e-05       7.20e-02       1.58e-01       2.62e-01       3.95e-01       5.74e-01       7.44e-01       8.68e-01       9.80e-01       1.07e+00       1.17e+00       1.22e+00
 9.75
   -8.8910   -8.5050   -7.9830   -7.5090   -7.0520   -7.0130   -6.7870   -6.7650   -6.7640   -6.6780   -6.4530   -6.3840   -6.1640   -6.1400   -5.9400   -5.8480   -5.7090   -5.5350   -5.4810   -5.2300   -5.2290   -4.9530   -4.9320    6.1120    6.4690    6.7930    7.2100    7.6390    8.1770    8.4610    8.8670    9.1530    9.6950   10.2430
       6.22e-07       2.07e-06       4.23e-06       6.61e-06       1.05e-05       8.82e-06       1.61e-05       1.62e-05       1.71e-05       1.79e-05       2.49e-05       2.65e-05       2.80e-05       3.54e-05       3.68e-05       4.50e-05       4.64e-05       5.55e-05       5.70e-05       6.88e-05       6.70e-05       7.09e-05       8.20e-05       7.20e-02       1.58e-01       2.62e-01       3.95e-01       5.74e-01       7.44e-01       8.68e-01       9.80e-01       1.07e+00       1.17e+00       1.22e+00
  9.8
   -8.3750   -8.1060   -7.7500   -7.1880   -7.0390   -6.9180   -6.7370   -6.6440   -6.4440   -6.3210   -6.1400   -6.1020   -5.8840   -5.8650   -5.6580   -5.5860   -5.3970   -5.2930   -5.1280   -5.0280   -4.9030    6.1080    6.4650    6.7880    7.2050    7.6350    8.1750    8.4610    8.8670    9.1530    9.6950   10.2430
       1.60e-06       2.12e-06       4.63e-06       6.60e-06       9.12e-06       9.91e-06       1.50e-05       1.61e-05       2.15e-05       2.29e-05       2.89e-05       3.02e-05       3.14e-05       3.77e-05       3.91e-05       4.61e-05       4.75e-05       5.52e-05       5.67e-05       6.52e-05       6.70e-05       7.20e-02       1.58e-01       2.62e-01       3.95e-01       5.74e-01       7.44e-01       8.68e-01       9.80e-01       1.07e+00       1.17e+00       1.22e+00
  9.9
   -8.4340   -8.1750   -7.6090   -7.0770   -7.0710   -6.8220   -6.7550   -6.5720   -6.4480   -6.3060   -6.1210   -6.0720   -5.8480   -5.8370   -5.6280   -5.5450   -5.3740   -5.2430   -5.0800   -4.9680   -4.8430   -4.6800    6.0970    6.4550    6.7760    7.1920    7.6270    8.1730    8.4610    8.8670    9.1530    9.6950   10.2430
       4.61e-07       1.88e-06       4.10e-06       8.17e-06       6.43e-06       8.89e-06       1.36e-05       1.46e-05       1.96e-05       2.10e-05       2.65e-05       2.77e-05       2.88e-05       3.47e-05       3.59e-05       4.24e-05       4.37e-05       5.09e-05       5.22e-05       6.01e-05       6.18e-05       7.05e-05       7.20e-02       1.58e-01       2.62e-01       3.95e-01       5.74e-01       7.44e-01       8.68e-01       9.80e-01       1.07e+00       1.17e+00       1.22e+00
 9.95
   -8.1200   -7.6980   -7.2760   -7.0870   -6.7980   -6.7640   -6.6000   -6.4500   -6.3740   -6.1320   -6.1120   -5.9020   -5.8230   -5.6670   -5.5250   -5.4290   -5.2190   -5.1500   -4.9400   -4.8820   -4.6410    6.0910    6.4490    6.7690    7.1850    7.6220    8.1730    8.4610    8.8670    9.1530    9.6950   10.2430
       1.14e-06       2.90e-06       4.86e-06       7.09e-06       1.28e-05       1.16e-05       1.34e-05       1.83e-05       1.94e-05       2.06e-05       2.59e-05       2.70e-05       3.26e-05       3.37e-05       4.00e-05       4.11e-05       4.79e-05       4.93e-05       5.68e-05       5.83e-05       6.66e-05       7.20e-02       1.58e-01       2.62e-01       3.95e-01       5.74e-01       7.44e-01       8.68e-01       9.80e-01       1.07e+00       1.17e+00       1.22e+00
 10.0
   -8.0280   -7.6250   -7.2270   -7.1030   -6.9830   -6.7760   -6.6760   -6.5950   -6.3660   -6.3510   -6.1290   -6.0410   -5.9000   -5.7390   -5.6740   -5.4450   -5.4320   -5.1570   -5.1540   -4.8920   -4.8780   -4.5870    6.0870    6.4430    6.7610    7.1770    7.6170    8.1710    8.4610    8.8670    9.1530    9.6950   10.2430
       1.08e-06       2.74e-06       4.60e-06       5.45e-06       8.35e-06       9.43e-06       1.37e-05       1.43e-05       1.54e-05       2.01e-05       2.12e-05       2.64e-05       2.75e-05       3.30e-05       3.41e-05       4.01e-05       4.12e-05       4.78e-05       4.90e-05       5.04e-05       5.78e-05       6.60e-05       7.20e-02       1.58e-01       2.62e-01       3.95e-01       5.74e-01       7.44e-01       8.68e-01       9.80e-01       1.07e+00       1.17e+00       1.22e+00
10.05
   -7.8250   -7.6280   -7.1200   -7.0570   -6.9980   -6.7720   -6.6840   -6.6510   -6.5700   -6.3470   -6.3430   -6.0990   -6.0310   -5.8600   -5.7230   -5.6520   -5.4210   -5.4200   -5.1760   -5.1360   -4.9300   -4.8510   -4.6850   -4.5570    6.0830    6.4350    6.7530    7.1680    7.6110    8.1690    8.4610    8.8670    9.1530    9.6950   10.2430
       8.96e-07       2.64e-06       3.47e-06       8.23e-06       6.26e-06       8.90e-06       1.31e-05       1.32e-05       1.37e-05       1.48e-05       1.93e-05       2.04e-05       2.55e-05       2.65e-05       3.19e-05       3.28e-05       3.86e-05       3.96e-05       4.07e-05       4.71e-05       4.84e-05       5.55e-05       5.74e-05       6.53e-05       7.20e-02       1.58e-01       2.62e-01       3.95e-01       5.74e-01       7.44e-01       8.68e-01       9.80e-01       1.07e+00       1.17e+00       1.22e+00
10.15
   -7.5330   -7.5070   -7.1550   -7.0930   -6.9520   -6.8950   -6.7780   -6.7440   -6.5300   -6.4740   -6.3140   -6.1890   -6.0720   -5.9350   -5.8430   -5.6720   -5.6190   -5.4130   -5.3870   -5.1720   -5.1430   -4.8870   -4.8840   -4.6350   -4.6240    6.0730    6.4170    6.7340    7.1460    7.5960    8.1660    8.4610    8.8670    9.1530    9.6950   10.2430
       7.44e-07       2.17e-06       3.39e-06       5.00e-06       7.43e-06       7.98e-06       8.07e-06       1.08e-05       1.13e-05       1.47e-05       1.57e-05       1.93e-05       2.04e-05       2.44e-05       2.53e-05       2.96e-05       3.05e-05       3.50e-05       3.59e-05       4.14e-05       4.24e-05       4.97e-05       4.85e-05       5.15e-05       5.82e-05       7.20e-02       1.58e-01       2.62e-01       3.95e-01       5.74e-01       7.44e-01       8.68e-01       9.80e-01       1.07e+00       1.17e+00       1.22e+00
