  8.1
  -12.0640  -12.0630  -12.0450  -12.0390  -12.0140  -11.9850  -11.9770  -11.9380  -11.9030  -11.8980  -11.8580  -11.8190  -11.7960  -11.7810  -11.7440  -11.7070  -11.6700  -11.6330  -11.5950  -11.5560  -11.5110  -11.4540  -11.3700  -11.1990  -10.8410   -9.1020   -8.9560   -8.6340
       7.98e-08       1.60e-07       2.42e-07       3.21e-07       4.03e-07       4.81e-07       5.64e-07       6.47e-07       7.24e-07       8.08e-07       8.92e-07       9.77e-07       1.05e-06       1.14e-06       1.22e-06       1.31e-06       1.40e-06       1.48e-06       1.57e-06       1.66e-06       1.74e-06       1.83e-06       1.92e-06       1.97e-06       1.98e-06       2.05e-06       2.16e-06       2.29e-06
 8.15
  -11.9390  -11.9320  -11.9270  -11.9030  -11.8990  -11.8720  -11.8370  -11.8350  -11.8020  -11.7670  -11.7460  -11.7320  -11.6990  -11.6670  -11.6340  -11.6010  -11.5690  -11.5370  -11.5040  -11.4690  -11.4270  -11.3670  -11.1880  -11.0320   -9.0470   -8.8970   -8.7400   -8.4770
       1.26e-07       2.50e-07       3.77e-07       5.04e-07       6.28e-07       7.56e-07       8.86e-07       1.01e-06       1.14e-06       1.27e-06       1.39e-06       1.52e-06       1.65e-06       1.79e-06       1.92e-06       2.05e-06       2.19e-06       2.32e-06       2.46e-06       2.59e-06       2.73e-06       2.86e-06       2.95e-06       3.04e-06       3.16e-06       3.28e-06       3.41e-06       3.55e-06
  8.2
  -11.8110  -11.8080  -11.8040  -11.7990  -11.7850  -11.7840  -11.7680  -11.7510  -11.7490  -11.7290  -11.7080  -11.7040  -11.6870  -11.6700  -11.6670  -11.6490  -11.6070  -11.5880  -11.5690  -11.5490  -11.5300  -11.5110  -11.4930  -11.4730  -11.4520  -11.4310  -11.4060  -11.3770  -11.3260  -11.2190  -10.7790   -8.6580   -8.3170   -6.9910
       1.27e-07       2.54e-07       3.80e-07       5.07e-07       6.34e-07       7.60e-07       8.88e-07       1.01e-06       1.14e-06       1.27e-06       1.40e-06       1.77e-06       1.90e-06       2.03e-06       2.16e-06       2.29e-06       2.42e-06       2.55e-06       2.68e-06       2.81e-06       2.94e-06       3.08e-06       3.21e-06       3.34e-06       3.47e-06       3.61e-06       3.74e-06       3.87e-06       4.01e-06       4.11e-06       4.18e-06       4.62e-06       4.82e-06       4.91e-06
 8.25
  -11.9630  -11.6830  -11.6820  -11.6790  -11.6750  -11.6650  -11.6650  -11.6540  -11.6440  -11.6390  -11.6250  -11.6120  -11.6080  -11.5960  -11.5820  -11.5720  -11.5440  -11.5350  -11.5210  -11.5080  -11.4910  -11.4750  -11.4610  -11.4470  -11.4320  -11.4130  -11.3940  -11.3740  -11.3480  -11.3120  -11.0260   -8.6610   -8.3120   -7.5860
       1.76e-07       3.48e-07       5.20e-07       6.91e-07       8.64e-07       1.21e-06       1.21e-06       1.38e-06       1.55e-06       1.73e-06       1.90e-06       2.07e-06       2.58e-06       2.76e-06       2.93e-06       3.11e-06       3.26e-06       3.43e-06       3.61e-06       3.79e-06       3.96e-06       4.14e-06       4.32e-06       4.50e-06       4.68e-06       4.86e-06       5.04e-06       5.22e-06       5.40e-06       5.58e-06       5.67e-06       6.29e-06       6.59e-06       6.68e-06
  8.3
  -11.5570  -11.5440  -11.5360  -11.5350  -11.5180  -11.4940  -11.4570  -11.4240  -11.3920  -11.3450   -8.6550   -8.1650
       6.41e-07       1.29e-06       2.23e-06       2.77e-06       3.42e-06       4.07e-06       4.73e-06       5.39e-06       6.06e-06       6.72e-06       7.71e-06       8.24e-06
 8.35
  -11.4570  -11.4360  -11.4320  -11.4190  -11.4040  -11.3810  -11.3610  -11.3390  -11.3070   -8.8670   -8.6220   -8.2010
       5.64e-07       1.25e-06       1.93e-06       2.63e-06       3.32e-06       4.02e-06       4.73e-06       5.43e-06       6.14e-06       7.15e-06       8.46e-06       9.40e-06
  8.4
  -11.3540  -11.2860  -11.2710   -8.9100   -8.8510   -8.8210   -8.7930   -8.7760   -8.7540   -8.7210   -8.5950   -8.2370
       5.90e-07       1.33e-06       2.08e-06       2.82e-06       3.55e-06       4.29e-06       5.01e-06       5.74e-06       6.45e-06       7.51e-06       9.21e-06       1.07e-05
 8.45
  -12.5430  -12.3760  -12.2070  -12.1390  -12.0250  -11.9710  -11.6930  -11.6920  -11.6920   -9.2310   -8.9300   -8.9020   -8.8760   -8.8340   -8.7960   -8.7680   -8.7280   -8.6990   -8.6480   -8.5820   -8.5380   -8.5240   -8.4090   -8.3570   -8.2010   -7.8600
       2.24e-07       4.46e-07       6.65e-07       8.39e-07       1.02e-06       1.13e-06       1.36e-06       1.81e-06       1.81e-06       2.04e-06       2.27e-06       2.51e-06       2.86e-06       3.32e-06       3.79e-06       4.38e-06       5.10e-06       6.05e-06       7.23e-06       8.18e-06       8.65e-06       9.21e-06       9.87e-06       1.07e-05       1.18e-05       1.25e-05
  8.5
  -12.4200  -12.3950  -12.3810  -12.3660  -12.3510  -12.3420  -12.3340  -12.3250  -12.3150  -12.3060  -12.2930  -12.2460  -12.1110  -11.9590  -11.8050  -11.6760  -11.2020  -10.0570   -9.0570   -8.5030   -8.3760   -8.3410   -8.2340   -8.1790   -8.0000   -7.6870
       9.80e-07       1.79e-06       2.44e-06       3.09e-06       3.57e-06       3.89e-06       4.20e-06       4.52e-06       4.84e-06       5.15e-06       5.46e-06       5.77e-06       6.08e-06       6.38e-06       6.63e-06       6.78e-06       7.00e-06       8.31e-06       9.94e-06       1.12e-05       1.19e-05       1.27e-05       1.36e-05       1.47e-05       1.62e-05       1.71e-05
 8.55
  -12.1410  -12.1150  -12.0890  -12.0730  -12.0580  -12.0430  -12.0350  -12.0270  -12.0180  -12.0090  -12.0000  -11.9850  -11.9470  -11.8680  -11.7630  -11.5900  -11.4490  -10.9750  -10.0790   -8.4340   -8.2250   -8.1700   -8.0580   -8.0010   -7.8010   -7.5180
       1.74e-06       3.04e-06       4.12e-06       4.98e-06       5.83e-06       6.47e-06       6.90e-06       7.32e-06       7.74e-06       8.16e-06       8.57e-06       8.98e-06       9.39e-06       9.80e-06       1.02e-05       1.05e-05       1.07e-05       1.10e-05       1.32e-05       1.49e-05       1.58e-05       1.68e-05       1.80e-05       1.95e-05       2.14e-05       2.26e-05
  8.6
  -11.9200  -11.8380  -11.8190  -11.8000  -11.7900  -11.7810  -11.7710  -11.7660  -11.7610  -11.7560  -11.7500  -11.7440  -11.7320  -11.7060  -11.6520  -11.5610  -11.5430  -11.4450  -10.7640   -9.2440   -8.0730   -7.9980   -7.8830   -7.8220   -7.5990   -7.3490
       2.80e-06       5.04e-06       6.72e-06       8.12e-06       9.23e-06       1.03e-05       1.12e-05       1.17e-05       1.22e-05       1.28e-05       1.33e-05       1.39e-05       1.44e-05       1.49e-05       1.55e-05       1.60e-05       1.62e-05       1.67e-05       1.70e-05       1.92e-05       2.03e-05       2.16e-05       2.32e-05       2.52e-05       2.76e-05       2.91e-05
 8.65
  -11.7600  -11.6980  -11.6650  -11.6410  -11.6280  -11.6010  -11.4520  -11.4420   -9.0830   -7.9350   -7.8020   -7.7290   -7.6950   -7.6580   -7.6200   -7.4040   -7.1520
       3.79e-06       7.48e-06       1.11e-05       1.37e-05       1.54e-05       1.70e-05       1.78e-05       1.87e-05       2.16e-05       2.35e-05       2.50e-05       2.59e-05       2.65e-05       2.70e-05       2.88e-05       3.15e-05       3.37e-05
  8.7
  -11.6620  -11.6130  -11.5880  -11.5690  -11.5600  -11.5390  -11.4320  -11.4240   -9.0180   -7.9400   -7.7010   -7.6020   -7.5570   -7.5100   -7.4630   -7.1940   -6.9010
       4.20e-06       8.28e-06       1.23e-05       1.52e-05       1.71e-05       1.89e-05       1.98e-05       2.07e-05       2.39e-05       2.62e-05       2.82e-05       2.94e-05       3.02e-05       3.10e-05       3.34e-05       3.70e-05       4.00e-05
 8.75
  -11.5280  -11.5100  -11.4980  -11.4920  -11.4770  -11.4220  -11.3950  -10.5490   -8.9690   -7.9220   -7.6000   -7.4750   -7.4190   -7.3620   -7.3060   -6.9850   -6.6490
       4.52e-06       8.91e-06       1.21e-05       1.42e-05       1.62e-05       1.72e-05       1.82e-05       2.29e-05       2.64e-05       2.92e-05       3.18e-05       3.34e-05       3.45e-05       3.55e-05       3.86e-05       4.33e-05       4.72e-05
  8.8
  -11.4440  -11.4320  -11.4260  -11.4230  -11.4150  -11.4120  -11.3670  -10.3820   -8.9480   -8.7410   -7.5000   -7.3480   -7.2820   -7.2140   -7.1520   -6.7740   -6.3930
       4.98e-06       9.82e-06       1.34e-05       1.57e-05       1.79e-05       1.90e-05       2.01e-05       2.52e-05       2.91e-05       3.24e-05       3.58e-05       3.78e-05       3.92e-05       4.04e-05       4.44e-05       5.05e-05       5.53e-05
 8.85
  -11.3680  -11.3640  -11.3610  -11.3600  -11.3590  -11.3550  -11.3470  -11.3420   -9.4930   -8.6390   -7.5030   -7.2450   -7.1520   -7.0620   -6.9730   -6.6450   -6.1850
       5.11e-06       8.38e-06       1.15e-05       1.46e-05       1.76e-05       1.98e-05       2.17e-05       2.30e-05       3.01e-05       3.56e-05       3.95e-05       4.24e-05       4.44e-05       4.63e-05       5.05e-05       5.75e-05       6.43e-05
  8.9
  -11.3150  -11.3130  -11.3100  -11.3070  -11.3050  -11.3020  -11.2960  -11.2820   -9.0740   -7.6060   -7.3190   -7.0920   -6.9930   -6.8950   -6.7950   -6.4430   -5.9680
       4.98e-06       6.80e-06       9.98e-06       1.31e-05       1.61e-05       1.89e-05       2.11e-05       2.24e-05       2.93e-05       3.49e-05       3.90e-05       4.22e-05       4.43e-05       4.64e-05       5.08e-05       5.83e-05       6.56e-05
 8.95
  -11.2800  -11.2550  -11.2520  -11.2500  -11.2460  -11.2370  -11.2230  -10.4640   -8.7900   -7.3900   -7.1550   -6.9400   -6.8360   -6.7280   -6.6180   -6.2400   -5.7510
       1.74e-06       4.77e-06       7.72e-06       1.06e-05       1.33e-05       1.54e-05       1.67e-05       2.14e-05       2.80e-05       3.35e-05       3.79e-05       4.13e-05       4.36e-05       4.58e-05       5.06e-05       5.86e-05       6.64e-05
  9.0
  -11.2090  -11.2030  -11.1990  -11.1940  -11.1880  -11.1840  -11.1560   -9.5990   -8.4480   -7.2600   -7.0810   -6.9930   -6.8980   -6.8020   -6.7000   -6.4770   -6.0820   -5.6480
       3.15e-06       6.17e-06       9.05e-06       1.18e-05       1.34e-05       1.56e-05       1.69e-05       2.19e-05       2.72e-05       3.09e-05       3.39e-05       3.60e-05       3.81e-05       4.03e-05       4.37e-05       5.00e-05       5.82e-05       6.68e-05
 9.05
  -11.1690  -11.1610  -11.1560  -11.1510  -11.1350  -11.1110  -11.0680   -9.9360   -8.4460   -7.2760   -7.0730   -6.9730   -6.8660   -6.7540   -6.6410   -6.4020   -5.9900   -5.5620
       2.78e-06       5.43e-06       7.97e-06       1.04e-05       1.24e-05       1.38e-05       1.49e-05       1.93e-05       2.39e-05       2.78e-05       3.11e-05       3.35e-05       3.59e-05       3.84e-05       4.23e-05       4.94e-05       5.87e-05       6.85e-05
  9.1
  -11.5050  -11.4680  -11.4170  -11.3790  -11.3400  -11.3360  -11.2990  -11.2040   -8.8540   -8.3440   -8.2780   -8.1660   -8.0430   -7.9100   -7.6200   -7.1320   -6.6380
       7.93e-07       2.06e-06       3.77e-06       5.57e-06       7.46e-06       8.56e-06       1.16e-05       1.60e-05       2.07e-05       2.46e-05       2.75e-05       3.05e-05       3.36e-05       3.85e-05       4.75e-05       5.92e-05       7.35e-05
 9.15
  -11.4820  -11.4500  -11.4160  -11.3730  -11.3350  -11.2920  -11.2460   -9.9690   -8.5030   -8.2720   -8.1370   -8.0000   -7.8500   -7.6940   -7.3750   -6.8950   -6.8770   -6.2280   -5.5040
       1.05e-06       1.80e-06       3.00e-06       4.62e-06       6.33e-06       8.12e-06       1.10e-05       1.52e-05       1.97e-05       2.36e-05       2.70e-05       3.05e-05       3.40e-05       3.97e-05       4.94e-05       5.62e-05       9.05e-05       1.50e-04       1.77e-04
  9.2
  -11.3740  -11.3240  -11.2780  -11.2310  -11.1780  -11.0480   -9.6060   -8.6440   -8.3490   -8.2960   -8.1930   -8.0070   -7.8220   -7.4050   -6.9540   -6.4140
       1.44e-06       2.97e-06       4.60e-06       6.34e-06       9.17e-06       1.05e-05       1.15e-05       1.56e-05       1.80e-05       2.14e-05       2.46e-05       2.86e-05       3.50e-05       4.35e-05       5.29e-05       5.80e-05
 9.25
  -11.3190  -11.2510  -11.2460  -10.3910   -9.3540   -8.7240   -8.4110   -8.3480   -8.1920   -8.0410   -7.8340   -7.6170   -7.1470
       1.31e-06       2.53e-06       4.70e-06       7.88e-06       8.71e-06       1.06e-05       1.32e-05       1.53e-05       1.74e-05       2.02e-05       2.38e-05       2.91e-05       3.69e-05
  9.3
  -11.2780  -11.2540  -11.1710   -9.5980   -8.6730   -8.6620   -8.4180   -8.2260   -8.0660   -7.9060   -7.7270   -7.5470   -7.1570
       1.30e-06       2.52e-06       4.68e-06       5.49e-06       8.66e-06       1.13e-05       1.32e-05       1.52e-05       1.73e-05       1.97e-05       2.23e-05       2.63e-05       3.22e-05
 9.35
  -11.2650  -11.2470   -9.5410   -8.7420   -8.4650   -8.2630   -8.1030   -7.9100   -7.7270   -7.5500   -7.1920
       2.04e-06       2.98e-06       5.99e-06       8.48e-06       1.03e-05       1.23e-05       1.43e-05       1.65e-05       1.87e-05       2.18e-05       2.64e-05
  9.4
  -10.9330  -10.9090   -8.6820   -8.4990   -8.2950   -8.1310   -7.9460   -7.5410   -7.2030
       2.00e-06       4.90e-06       7.31e-06       9.10e-06       1.10e-05       1.31e-05       1.64e-05       2.06e-05       2.48e-05
 9.45
  -10.4730   -8.8970   -8.5600   -8.3910   -8.2110   -8.0600   -7.8880   -7.5380   -7.2820
       1.76e-06       4.32e-06       6.45e-06       8.03e-06       9.72e-06       1.15e-05       1.45e-05       1.81e-05       2.16e-05
  9.5
   -9.1750   -9.1470   -8.8280   -8.5440   -8.3710   -8.1750   -8.0150   -7.8330   -7.4750
       5.74e-07       1.11e-06       2.79e-06       4.65e-06       6.04e-06       7.53e-06       9.14e-06       1.18e-05       1.48e-05
 9.55
   -8.9930   -8.9740   -8.7490   -8.4640   -8.2830   -8.0880   -7.9180   -7.7180   -7.3600
       5.08e-07       1.05e-06       2.65e-06       4.41e-06       5.73e-06       7.14e-06       8.67e-06       1.12e-05       1.39e-05
 9.65
   -8.8900   -8.4640   -8.2910   -8.0920   -7.7430   -7.3840   -7.1970
       1.34e-06       2.76e-06       3.82e-06       5.62e-06       8.30e-06       1.05e-05       1.22e-05
  9.7
   -8.4970   -8.3320   -7.9550   -7.4860   -7.0580
       1.95e-06       2.79e-06       5.70e-06       8.89e-06       1.19e-05
 9.75
   -8.4180   -8.3070   -7.7990   -7.3280   -6.8800
       8.49e-07       2.82e-06       5.77e-06       9.01e-06       1.13e-05
  9.8
   -8.1790   -7.9060   -7.5660   -7.0130   -6.7480
       2.14e-06       2.82e-06       6.18e-06       8.80e-06       9.86e-06
  9.9
   -8.0460   -7.9860   -7.4250   -6.9020   -6.6510
       5.87e-07       2.39e-06       5.22e-06       7.44e-06       8.36e-06
 9.95
   -7.9130   -7.5140   -7.0960   -6.6270
       1.42e-06       3.61e-06       6.05e-06       7.50e-06
 10.0
   -7.8270   -7.4400   -7.0480   -6.6060
       1.31e-06       3.33e-06       5.59e-06       6.90e-06
10.05
   -7.6400   -7.4440   -6.8800   -6.6010
       1.06e-06       3.13e-06       5.45e-06       6.25e-06
10.15
   -7.3510   -7.3230   -6.9130   -6.7190
       8.38e-07       2.45e-06       4.26e-06       4.88e-06
