  8.1
   -9.0960   -8.9490   -8.8230   -8.8220   -8.8000   -8.7970   -8.7630   -8.7370   -8.7210   -8.6750   -8.6450   -8.6290   -8.6240   -8.5830   -8.5370   -8.5260   -8.4940   -8.4500   -8.4070   -8.3640   -8.3200   -8.2760   -8.2290   -8.1740   -8.1050   -8.0070   -7.8240   -7.4460
       7.57e-08       1.81e-07       2.61e-07       3.42e-07       4.23e-07       5.02e-07       5.84e-07       6.62e-07       7.45e-07       8.28e-07       9.05e-07       9.89e-07       1.12e-06       1.20e-06       1.29e-06       1.36e-06       1.45e-06       1.53e-06       1.62e-06       1.70e-06       1.79e-06       1.88e-06       1.96e-06       2.05e-06       2.14e-06       2.22e-06       2.28e-06       2.29e-06
 8.15
   -9.0430   -8.8900   -8.7310   -8.6790   -8.6720   -8.6650   -8.6360   -8.6360   -8.6000   -8.5650   -8.5600   -8.5190   -8.4780   -8.4670   -8.4670   -8.4380   -8.3990   -8.3610   -8.3230   -8.2840   -8.2470   -8.2090   -8.1690   -8.1270   -8.0750   -8.0000   -7.8070   -7.6480
       1.19e-07       2.37e-07       3.70e-07       4.96e-07       6.20e-07       7.47e-07       9.98e-07       9.98e-07       1.13e-06       1.25e-06       1.38e-06       1.51e-06       1.64e-06       1.90e-06       1.90e-06       2.03e-06       2.17e-06       2.30e-06       2.43e-06       2.56e-06       2.70e-06       2.83e-06       2.97e-06       3.10e-06       3.24e-06       3.37e-06       3.46e-06       3.55e-06
  8.2
   -8.6500   -8.5320   -8.5290   -8.5260   -8.5180   -8.5040   -8.5010   -8.4810   -8.4680   -8.4580   -8.4350   -8.4150   -8.4110   -8.3860   -8.3630   -8.3590   -8.3410   -8.3060   -8.2920   -8.2700   -8.2470   -8.2240   -8.2010   -8.1790   -8.1570   -8.1330   -8.1080   -8.0820   -8.0520   -8.0150   -7.9550   -7.8350   -7.3730   -6.9170
       4.42e-07       5.69e-07       6.96e-07       8.22e-07       9.49e-07       1.08e-06       1.20e-06       1.33e-06       1.46e-06       1.58e-06       1.71e-06       2.09e-06       2.22e-06       2.34e-06       2.47e-06       2.60e-06       2.73e-06       2.93e-06       3.06e-06       3.19e-06       3.32e-06       3.46e-06       3.59e-06       3.72e-06       3.85e-06       3.98e-06       4.12e-06       4.25e-06       4.38e-06       4.52e-06       4.65e-06       4.76e-06       4.82e-06       4.91e-06
 8.25
   -8.6540   -8.4620   -8.3850   -8.3830   -8.3820   -8.3750   -8.3660   -8.3630   -8.3500   -8.3440   -8.3320   -8.3150   -8.3040   -8.3010   -8.3000   -8.2810   -8.2640   -8.2520   -8.2090   -8.1920   -8.1760   -8.1560   -8.1370   -8.1200   -8.1030   -8.0840   -8.0610   -8.0380   -8.0120   -7.9810   -7.9760   -7.9350   -7.6280   -7.4630
       6.16e-07       7.93e-07       9.65e-07       1.14e-06       1.31e-06       1.48e-06       1.65e-06       1.82e-06       2.00e-06       2.17e-06       2.34e-06       2.52e-06       3.02e-06       3.32e-06       3.49e-06       3.67e-06       3.84e-06       4.02e-06       4.20e-06       4.37e-06       4.55e-06       4.73e-06       4.91e-06       5.09e-06       5.27e-06       5.44e-06       5.62e-06       5.80e-06       5.99e-06       6.17e-06       6.31e-06       6.49e-06       6.59e-06       6.68e-06
  8.3
   -8.6490   -8.2400   -8.2230   -8.2190   -8.1920   -8.1620   -8.1540   -8.1180   -8.0780   -8.0370   -7.9990   -7.9790
       9.87e-07       1.63e-06       2.27e-06       3.22e-06       3.87e-06       4.52e-06       5.05e-06       5.71e-06       6.37e-06       7.04e-06       7.57e-06       8.24e-06
 8.35
   -8.8150   -8.6170   -8.1920   -8.1000   -8.0940   -8.0770   -8.0580   -8.0300   -8.0040   -7.9910   -7.9770   -7.9360
       1.01e-06       2.32e-06       3.26e-06       3.94e-06       4.63e-06       5.32e-06       6.02e-06       6.72e-06       7.42e-06       7.99e-06       8.69e-06       9.40e-06
  8.4
   -8.7090   -8.7060   -8.7050   -8.7000   -8.6890   -8.6880   -8.6760   -8.5860   -8.2290   -7.9790   -7.9160   -7.8950
       7.22e-07       1.44e-06       2.17e-06       2.90e-06       3.63e-06       4.69e-06       5.43e-06       7.13e-06       8.60e-06       9.18e-06       9.93e-06       1.07e-05
 8.45
   -9.2240   -9.1180   -9.0120   -8.9040   -8.8440   -8.8190   -8.6840   -8.6820   -8.6780   -8.6660   -8.6330   -8.6330   -8.6320   -8.6320   -8.6300   -8.6290   -8.6280   -8.6230   -8.6030   -8.5600   -8.5220   -8.5100   -8.4040   -8.3510   -8.1930   -7.8490
       2.24e-07       4.46e-07       6.65e-07       8.50e-07       1.02e-06       1.13e-06       1.36e-06       1.59e-06       1.81e-06       2.04e-06       2.98e-06       2.98e-06       3.92e-06       3.92e-06       4.15e-06       4.86e-06       5.10e-06       6.05e-06       7.23e-06       8.18e-06       8.65e-06       9.21e-06       9.87e-06       1.07e-05       1.18e-05       1.25e-05
  8.5
   -9.1510   -9.1330   -9.1220   -9.1150   -9.1070   -9.0990   -9.0940   -9.0890   -9.0850   -9.0790   -9.0730   -9.0650   -9.0360   -8.9540   -8.8650   -8.7640   -8.6830   -8.6590   -8.4720   -8.3710   -8.3370   -8.2280   -8.1720   -8.1630   -7.9910   -7.6750
       1.31e-06       2.29e-06       3.10e-06       3.75e-06       4.39e-06       4.88e-06       5.20e-06       5.51e-06       5.83e-06       6.15e-06       6.46e-06       6.77e-06       7.08e-06       7.38e-06       7.69e-06       7.94e-06       9.58e-06       9.72e-06       1.10e-05       1.17e-05       1.24e-05       1.33e-05       1.45e-05       1.47e-05       1.62e-05       1.71e-05
 8.55
   -9.0110   -8.9350   -8.9270   -8.9180   -8.9130   -8.9080   -8.9020   -8.8990   -8.8950   -8.8920   -8.8870   -8.8830   -8.8760   -8.8530   -8.7980   -8.7300   -8.6270   -8.5430   -8.3840   -8.2200   -8.1640   -8.0510   -7.9930   -7.9270   -7.7900   -7.5050
       2.17e-06       3.91e-06       5.21e-06       6.29e-06       7.15e-06       8.00e-06       8.64e-06       9.06e-06       9.49e-06       9.91e-06       1.03e-05       1.07e-05       1.12e-05       1.16e-05       1.20e-05       1.24e-05       1.27e-05       1.29e-05       1.46e-05       1.55e-05       1.65e-05       1.77e-05       1.92e-05       1.95e-05       2.14e-05       2.26e-05
  8.6
   -8.8140   -8.7520   -8.7310   -8.7270   -8.7220   -8.7200   -8.7170   -8.7150   -8.7130   -8.7120   -8.7100   -8.7080   -8.7050   -8.6990   -8.6830   -8.6490   -8.5940   -8.5590   -8.5380   -8.0680   -7.9910   -7.8750   -7.8130   -7.6990   -7.5880   -7.3340
       2.23e-06       5.03e-06       7.28e-06       8.95e-06       1.03e-05       1.15e-05       1.26e-05       1.34e-05       1.39e-05       1.45e-05       1.50e-05       1.56e-05       1.61e-05       1.66e-05       1.72e-05       1.77e-05       1.82e-05       1.85e-05       1.89e-05       2.00e-05       2.13e-05       2.28e-05       2.48e-05       2.52e-05       2.76e-05       2.91e-05
 8.65
   -8.6980   -8.6230   -8.6110   -8.6080   -8.6080   -8.6080   -8.5970   -8.5150   -8.5080   -7.9300   -7.7930   -7.7200   -7.6850   -7.6480   -7.6100   -7.3910   -7.1350
       2.89e-06       6.68e-06       1.04e-05       1.83e-05       1.83e-05       1.83e-05       1.99e-05       2.07e-05       2.16e-05       2.35e-05       2.50e-05       2.59e-05       2.65e-05       2.70e-05       2.88e-05       3.15e-05       3.37e-05
  8.7
   -8.6010   -8.5400   -8.5370   -8.5360   -8.5280   -8.5240   -8.5220   -8.4800   -8.4790   -7.9120   -7.6920   -7.5930   -7.5470   -7.5000   -7.4520   -7.1790   -6.8810
       3.21e-06       5.10e-06       6.90e-06       9.82e-06       1.38e-05       1.80e-05       2.21e-05       2.30e-05       2.39e-05       2.62e-05       2.82e-05       2.94e-05       3.02e-05       3.10e-05       3.34e-05       3.70e-05       4.00e-05
 8.75
   -8.6210   -8.5070   -8.4760   -8.4720   -8.4640   -8.4510   -8.4460   -8.4430   -8.4330   -7.8930   -7.5920   -7.4650   -7.4090   -7.3510   -7.2940   -6.9670   -6.6270
       4.64e-06       8.18e-06       1.02e-05       1.23e-05       1.55e-05       1.65e-05       2.09e-05       2.19e-05       2.64e-05       2.92e-05       3.18e-05       3.34e-05       3.45e-05       3.55e-05       3.86e-05       4.33e-05       4.72e-05
  8.8
   -8.5250   -8.4230   -8.4150   -8.4150   -8.4080   -8.4040   -8.3910   -8.3800   -8.3650   -8.3440   -7.4920   -7.3380   -7.2720   -7.2030   -7.1390   -6.7550   -6.3690
       5.11e-06       6.23e-06       1.23e-05       1.23e-05       1.34e-05       1.57e-05       1.93e-05       2.26e-05       2.75e-05       3.24e-05       3.58e-05       3.78e-05       3.92e-05       4.04e-05       4.44e-05       5.05e-05       5.53e-05
 8.85
   -8.3850   -8.3710   -8.3590   -8.3520   -8.3330   -8.3140   -8.2960   -8.2830   -8.2780   -8.2610   -7.4750   -7.2350   -7.1410   -7.0490   -6.9570   -6.6250   -6.1580
       7.09e-06       8.96e-06       1.03e-05       1.25e-05       1.55e-05       1.86e-05       2.17e-05       2.73e-05       3.05e-05       3.56e-05       3.95e-05       4.24e-05       4.44e-05       4.63e-05       5.05e-05       5.75e-05       6.43e-05
  8.9
   -8.3190   -8.2970   -8.2940   -8.2910   -8.2720   -8.2520   -8.2330   -8.2140   -8.1960   -7.5780   -7.3110   -7.0820   -6.9810   -6.8810   -6.7780   -6.4210   -5.9390
       1.82e-06       3.16e-06       1.01e-05       1.22e-05       1.51e-05       1.81e-05       2.12e-05       2.43e-05       2.93e-05       3.49e-05       3.90e-05       4.22e-05       4.43e-05       4.64e-05       5.08e-05       5.83e-05       6.56e-05
 8.95
   -8.3480   -8.2680   -8.2350   -8.2300   -8.2110   -8.2100   -8.1910   -8.1700   -8.1500   -7.3620   -7.1460   -6.9280   -6.8220   -6.7120   -6.6000   -6.2170   -5.7200
       4.75e-06       6.49e-06       7.76e-06       9.81e-06       1.26e-05       1.92e-05       2.20e-05       2.50e-05       2.80e-05       3.35e-05       3.79e-05       4.13e-05       4.36e-05       4.58e-05       5.06e-05       5.86e-05       6.64e-05
  9.0
   -8.2450   -8.1990   -8.1770   -8.1730   -8.1530   -8.1310   -8.1080   -8.0990   -8.0850   -7.2300   -7.0710   -6.9820   -6.8870   -6.7890   -6.6850   -6.4570   -6.0570   -5.6170
       5.03e-06       6.62e-06       7.90e-06       1.01e-05       1.29e-05       1.58e-05       1.88e-05       2.40e-05       2.72e-05       3.09e-05       3.39e-05       3.60e-05       3.81e-05       4.03e-05       4.37e-05       5.00e-05       5.82e-05       6.68e-05
 9.05
   -8.2340   -8.1700   -8.1330   -8.1260   -8.1150   -8.0930   -8.0760   -8.0710   -8.0490   -7.2470   -7.0640   -6.9630   -6.8550   -6.7420   -6.6260   -6.3830   -5.9660   -5.5310
       4.44e-06       5.84e-06       7.80e-06       8.93e-06       1.13e-05       1.39e-05       1.85e-05       2.12e-05       2.39e-05       2.78e-05       3.11e-05       3.35e-05       3.59e-05       3.84e-05       4.23e-05       4.94e-05       5.87e-05       6.85e-05
  9.1
   -8.4390   -8.3680   -8.2900   -8.2410   -8.2390   -8.2370   -8.1930   -8.1420   -8.0280   -7.9970   -7.9310   -7.7960   -7.6710   -7.5380   -7.2520   -6.8070   -6.3610
       7.93e-07       2.06e-06       3.77e-06       5.57e-06       6.67e-06       1.14e-05       1.33e-05       1.64e-05       2.07e-05       2.46e-05       2.75e-05       3.05e-05       3.36e-05       3.85e-05       4.75e-05       5.92e-05       7.35e-05
 9.15
   -8.4150   -8.3550   -8.2960   -8.2660   -8.2370   -8.1880   -8.1510   -8.1360   -8.0790   -7.8950   -7.7660   -7.6280   -7.4780   -7.3210   -7.0280   -6.5920   -6.5760   -5.9940   -5.4910
       1.05e-06       1.80e-06       3.00e-06       7.14e-06       8.76e-06       1.05e-05       1.50e-05       1.68e-05       1.97e-05       2.36e-05       2.70e-05       3.05e-05       3.40e-05       3.97e-05       4.94e-05       5.62e-05       9.05e-05       1.50e-04       1.77e-04
  9.2
   -8.3530   -8.2620   -8.1870   -8.1740   -8.1260   -8.0980   -8.0650   -8.0010   -7.9500   -7.9000   -7.8010   -7.6360   -7.4510   -7.0370   -6.6250   -6.1380
       9.96e-07       2.44e-06       3.97e-06       8.09e-06       9.72e-06       1.11e-05       1.28e-05       1.56e-05       1.90e-05       2.14e-05       2.46e-05       2.86e-05       3.50e-05       4.35e-05       5.29e-05       5.80e-05
 9.25
   -8.3080   -8.1990   -8.1860   -8.0830   -8.0830   -8.0690   -8.0510   -7.8860   -7.7760   -7.6660   -7.4630   -7.2450   -6.7930
       8.26e-07       4.01e-06       5.32e-06       8.71e-06       8.71e-06       1.06e-05       1.32e-05       1.53e-05       1.74e-05       2.02e-05       2.38e-05       2.91e-05       3.69e-05
  9.3
   -8.2990   -8.1360   -8.1330   -8.1220   -8.0400   -7.9990   -7.9040   -7.7840   -7.6640   -7.5350   -7.3560   -7.1750   -6.7960
       8.17e-07       3.98e-06       5.29e-06       6.50e-06       9.11e-06       1.13e-05       1.32e-05       1.52e-05       1.73e-05       1.97e-05       2.23e-05       2.63e-05       3.22e-05
 9.35
   -8.2110   -8.1390   -8.0880   -8.0860   -7.9340   -7.8020   -7.6770   -7.5280   -7.3560   -7.1780   -6.8210
       3.01e-06       5.05e-06       7.54e-06       8.48e-06       1.03e-05       1.23e-05       1.43e-05       1.65e-05       1.87e-05       2.18e-05       2.64e-05
  9.4
   -8.0640   -7.9740   -7.9490   -7.9410   -7.8160   -7.6860   -7.5410   -7.1700   -6.8300
       2.42e-06       4.41e-06       6.20e-06       9.10e-06       1.10e-05       1.31e-05       1.64e-05       2.06e-05       2.48e-05
 9.45
   -8.1570   -7.9680   -7.8580   -7.7370   -7.6180   -7.4870   -7.3810   -7.1660   -6.9090
       2.56e-06       4.69e-06       6.27e-06       7.96e-06       9.76e-06       1.27e-05       1.45e-05       1.81e-05       2.16e-05
  9.5
   -8.1240   -8.1210   -8.1170   -7.9400   -7.8260   -7.6970   -7.5720   -7.4350   -7.1040
       5.32e-07       1.11e-06       2.79e-06       4.65e-06       6.04e-06       7.53e-06       9.14e-06       1.18e-05       1.48e-05
 9.55
   -8.0910   -8.0890   -8.0570   -7.8690   -7.7500   -7.6170   -7.4850   -7.3370   -6.9890
       5.45e-07       1.05e-06       2.65e-06       4.41e-06       5.73e-06       7.14e-06       8.67e-06       1.12e-05       1.39e-05
 9.65
   -7.9520   -7.8350   -7.7240   -7.5980   -7.3360   -7.0130   -6.8250
       1.34e-06       2.76e-06       3.82e-06       5.62e-06       8.30e-06       1.05e-05       1.22e-05
  9.7
   -7.8300   -7.7750   -7.4880   -7.1150   -6.6860
       1.95e-06       2.79e-06       5.70e-06       8.89e-06       1.19e-05
 9.75
   -7.7630   -7.7090   -7.3600   -6.9570   -6.5070
       8.49e-07       2.82e-06       5.77e-06       9.01e-06       1.13e-05
  9.8
   -7.6190   -7.5260   -7.1700   -6.6410   -6.3750
       2.14e-06       2.82e-06       6.18e-06       8.80e-06       9.86e-06
  9.9
   -7.5110   -7.4690   -7.0440   -6.5300   -6.2810
       5.87e-07       2.39e-06       5.22e-06       7.44e-06       8.36e-06
 9.95
   -7.4230   -7.1050   -6.7250   -6.2560
       1.42e-06       3.61e-06       6.05e-06       7.50e-06
 10.0
   -7.3520   -7.0410   -6.6760   -6.2330
       1.31e-06       3.33e-06       5.59e-06       6.90e-06
10.05
   -7.2010   -7.0370   -6.5080   -6.2280
       1.06e-06       3.13e-06       5.45e-06       6.25e-06
10.15
   -6.9800   -6.9160   -6.5420   -6.3470
       8.38e-07       2.45e-06       4.26e-06       4.88e-06
